2 4 81 2
3 0 97 2
5 5 51 3
1 3 -6 5
2 0 75 0
3 2 27 5
5 5 85 3
1 4 9 1
4 4 79 2
4 4 94 1
4 1 66 3
4 0 91 4
1 3 7 2
3 1 67 4
0 1 94 3
5 3 48 2
5 5 52 4
0 4 15 2
1 5 18 0
4 0 41 3
5 3 76 2
3 0 32 5
5 2 27 1
5 0 26 5
0 2 63 0
3 5 85 5
3 0 50 4
0 3 86 1
5 3 72 5
3 5 39 3
3 3 35 3
3 0 39 4
5 0 9 5
0 1 99 2
3 5 50 4
1 4 4 2
3 4 91 5
0 2 10 2
2 4 67 1
1 0 26 3
0 5 49 5
0 0 58 2
4 0 34 2
0 1 -8 4
1 5 74 3
2 3 63 5
1 4 82 0
0 3 5 3
3 5 11 0
4 0 81 4
3 4 93 0
2 1 66 5
3 3 63 5
1 2 77 3
2 0 99 0
3 5 13 1
3 1 26 2
1 3 1 2
5 0 68 0
2 0 98 5
5 4 81 0
5 1 93 0
1 1 43 4
1 3 54 0
2 1 60 3
1 5 46 4
3 4 2 3
2 0 50 0
0 4 15 5
3 0 51 5
3 2 8 3
1 3 52 0
3 2 35 2
4 1 18 3
4 1 92 2
2 0 3 1
5 4 45 0
5 1 85 5
2 3 38 1
5 4 65 3
3 1 75 4
2 5 84 4
2 5 32 3
4 5 57 2
1 4 78 0
4 1 -3 1
0 0 6 3
4 1 83 4
1 5 60 1
3 5 31 0
3 0 35 2
5 4 45 2
1 3 66 5
2 2 84 0
5 2 96 1
5 4 40 4
0 4 65 1
1 0 42 5
5 0 48 2
1 4 42 5
2 3 33 1
5 5 6 1
5 0 62 0
5 0 10 2
0 5 73 0
1 5 39 4
0 1 84 2
2 2 75 4
4 0 76 5
2 1 1 2
0 3 19 4
3 4 91 5
1 0 11 3
0 4 80 1
1 3 72 0
5 3 34 0
3 3 44 1
2 2 34 1
1 1 50 2
3 4 -9 5
4 1 27 0
1 5 2 0
2 0 3 1
2 3 36 0
1 0 74 1
0 4 5 1
1 1 59 1
3 1 -4 0
5 3 51 1
0 0 -6 0
5 1 14 5
4 3 98 4
4 3 40 0
4 3 23 1
4 3 4 4
2 0 52 2
3 1 94 2
4 2 3 3
2 2 56 5
4 2 9 2
0 3 78 5
5 4 46 4
0 2 40 1
4 5 94 4
3 0 50 0
1 0 57 0
4 2 20 5
1 2 97 3
1 3 2 1
4 5 -4 3
1 4 14 1
5 2 48 3
5 2 0 3
2 4 70 5
0 0 -4 3
5 1 37 3
2 5 74 1
4 4 48 2
0 2 48 5
1 2 -5 5
0 1 47 1
5 5 89 0
2 4 34 3
4 5 -5 0
1 4 -8 1
0 2 29 3
0 1 93 1
0 1 81 3
4 4 41 2
1 0 64 5
2 2 63 3
0 0 -1 1
5 5 55 2
4 3 90 3
0 0 18 3
4 2 26 2
3 5 22 0
4 1 59 0
4 4 97 2
1 5 49 4
2 2 80 2
5 1 30 5
1 4 21 4
1 2 -8 4
1 1 92 0
4 0 90 4
1 3 44 3
2 4 78 5
2 5 43 1
4 4 52 2
4 3 5 0
0 4 58 1
0 1 83 2
1 2 -1 1
5 4 20 2
3 3 -4 2
1 4 25 1
2 2 14 0
4 2 -6 2
0 3 84 5
4 1 24 4
5 4 61 3
0 4 14 5
1 0 20 1
1 5 23 2
4 5 98 3
5 4 93 0
5 1 56 3
1 3 78 2
1 1 87 1
1 1 3 1
0 5 9 5
5 0 -8 3
4 5 15 0
5 5 83 4
5 1 6 2
3 5 45 5
5 5 35 2
4 0 60 2
4 5 95 3
3 4 74 3
4 5 16 3
5 5 -2 2
1 2 56 5
5 4 80 2
3 4 42 1
1 2 32 3
2 1 74 3
1 2 27 4
3 2 23 0
3 3 64 2
4 4 25 0
4 0 82 2
5 0 -3 0
1 2 66 3
1 5 -6 4
0 2 69 3
4 0 18 2
2 0 8 0
1 3 77 4
5 2 90 4
5 3 67 4
0 2 -4 1
4 2 27 4
5 4 90 3
1 2 63 3
3 3 14 4
2 3 77 2
2 0 36 1
5 5 78 5
1 3 100 3
3 2 41 2
0 4 89 0
4 1 21 5
0 0 27 0
2 2 25 4
3 4 69 2
0 5 19 3
5 0 55 2
0 0 46 0
4 2 6 1
3 0 48 4
4 1 18 2
4 0 50 0
4 4 90 1
4 2 52 1
2 3 84 5
2 0 49 5
5 4 93 1
2 1 48 3
4 4 15 0
2 0 8 0
1 3 17 1
5 4 -7 0
2 1 22 1
1 4 4 3
1 3 79 0
1 1 23 1
4 4 76 5
4 4 30 1
0 0 93 2
3 2 42 5
0 3 21 0
3 1 7 0
5 0 33 4
2 5 9 4
2 0 87 1
4 1 56 4
3 2 54 2
4 5 13 1
4 1 81 0
5 0 34 5
3 5 58 2
2 5 5 3
5 3 95 4
3 3 57 2
0 1 84 3
0 4 70 2
5 4 28 3
3 4 74 3
2 2 84 2
0 0 78 3
0 1 -2 0
4 1 69 1
1 3 59 2
2 1 4 4
2 3 0 3
0 5 41 1
5 4 31 0
2 3 96 4
3 1 33 0
5 3 -9 0
3 5 31 1
0 2 38 1
5 2 11 4
2 2 40 5
4 3 78 3
2 4 71 2
3 1 34 2
5 2 99 0
5 0 82 1
4 4 -5 3
2 5 37 2
5 0 28 2
1 0 15 1
0 5 12 5
1 2 70 1
0 0 63 3
2 3 30 4
3 2 16 4
1 5 66 3
4 5 70 3
5 4 65 0
2 0 25 3
4 1 56 4
2 3 20 3
5 5 52 2
0 5 62 4
3 3 68 0
3 1 23 3
4 5 59 3
2 5 34 2
3 3 65 4
3 0 79 4
5 2 -1 0
5 4 10 3
3 5 49 0
2 5 36 3
4 3 54 0
2 2 27 1
3 4 65 4
2 4 19 0
3 4 8 2
1 4 52 0
2 4 63 0
3 0 31 4
5 2 95 2
4 5 81 5
4 0 3 3
2 0 20 5
1 0 62 2
4 4 28 4
5 4 15 1
0 2 -4 3
5 2 -3 5
0 4 86 4
4 2 87 4
1 3 46 0
4 1 45 2
4 1 73 5
3 2 3 0
3 1 28 3
3 1 12 1
2 3 85 5
0 1 36 3
4 1 17 1
0 4 -7 0
2 4 31 4
5 0 9 3
0 5 95 1
4 3 36 3
0 2 92 5
1 2 -7 3
4 2 67 4
3 2 66 0
5 5 100 2
4 1 82 5
2 0 94 4
0 0 23 3
2 1 8 0
4 5 3 5
4 3 98 5
2 5 48 3
5 4 -6 0
1 5 -2 3
0 5 46 0
4 0 -1 5
3 1 39 2
3 4 4 4
0 2 58 4
0 1 79 2
3 4 45 3
3 5 78 1
0 4 27 0
3 2 26 1
1 2 4 0
3 4 79 0
1 4 18 3
4 3 -4 1
4 4 80 2
0 3 29 5
0 3 1 5
3 2 56 0
3 0 53 1
2 2 22 2
0 0 93 2
1 1 83 0
2 3 93 4
1 1 -10 0
3 3 51 5
3 2 70 2
5 1 84 1
2 0 82 3
2 3 5 3
5 4 70 5
5 2 19 5
5 5 66 1
5 3 13 0
0 0 49 0
0 2 17 5
4 4 63 2
5 5 18 5
1 2 47 2
1 4 3 5
1 3 28 0
5 3 -7 5
5 1 72 5
4 2 56 1
0 2 47 4
2 0 99 2
4 5 53 0
0 4 27 1
0 3 87 2
3 5 19 1
5 0 82 4
4 1 7 1
1 3 0 5
4 3 29 1
0 3 62 1
5 5 97 0
0 1 0 3
2 2 54 1
3 4 13 4
5 3 70 4
5 1 19 4
4 0 18 0
2 0 63 2
1 1 89 4
3 4 56 2
2 4 21 4
0 2 67 4
4 3 69 1
2 1 57 5
5 1 22 1
1 3 29 5
5 1 97 3
4 4 74 5
0 5 72 4
1 5 74 0
4 0 40 4
5 2 63 3
1 0 -5 5
5 4 38 3
1 3 33 4
2 3 94 2
0 4 76 0
4 5 83 2
2 5 17 0
0 2 80 3
5 3 55 2
2 5 0 2
2 2 90 2
5 2 20 2
2 3 60 1
2 2 93 2
1 3 96 1
4 0 48 3
5 3 99 3
5 2 12 2
4 5 93 5
1 0 95 3
2 1 58 2
2 2 2 1
1 5 3 5
3 3 68 0
2 2 -5 5
0 0 1 3
1 1 93 4
0 4 11 5
0 1 39 5
4 4 83 1
4 4 80 4
4 1 65 3
0 5 4 4
0 3 -9 4
1 0 95 5
3 0 54 4
1 4 58 2
2 1 23 5
5 3 42 2
0 2 66 1
4 2 17 2
4 5 65 4
3 0 26 0
0 1 53 2
3 4 11 0
4 3 31 3
1 5 32 3
1 5 31 4
0 0 29 4
5 1 31 3
4 0 27 3
0 2 51 1
0 3 51 5
0 5 23 2
2 5 30 3
1 2 -4 0
3 5 41 1
2 0 18 2
3 3 48 2
4 1 6 3
5 1 99 5
1 0 34 3
4 1 45 5
1 2 89 5
3 4 93 0
4 5 -9 5
5 1 66 3
1 1 25 0
1 5 33 4
4 2 34 1
3 2 96 5
2 2 18 4
5 3 42 1
5 1 42 0
2 4 94 5
0 3 46 0
5 3 28 2
2 5 80 4
0 1 89 2
2 0 48 2
3 4 -6 3
5 3 23 0
1 5 87 0
4 3 79 5
3 2 92 2
1 1 21 3
3 0 39 3
2 3 85 4
1 5 60 2
4 0 8 3
0 4 50 5
0 1 88 5
1 0 12 4
1 5 42 3
2 1 91 3
0 3 44 0
1 3 79 2
0 2 88 1
5 0 71 4
0 1 33 1
4 4 0 4
0 4 8 0
2 3 38 4
4 1 8 0
0 1 18 3
2 3 55 0
4 1 8 5
5 5 -2 0
3 1 74 4
4 0 -9 5
4 2 29 3
1 1 10 1
4 3 15 3
1 0 31 3
3 4 7 5
1 4 92 0
0 5 16 2
3 3 31 2
0 3 8 2
3 2 62 2
2 0 97 5
4 2 97 1
4 4 91 1
3 0 69 4
2 4 32 4
1 1 29 5
5 3 65 0
2 3 22 4
2 2 -6 5
0 3 84 1
5 4 78 1
1 2 82 4
2 4 25 5
2 4 37 1
4 0 4 4
3 1 38 3
0 1 39 0
3 5 1 5
4 5 6 5
4 5 31 5
3 2 94 5
4 4 60 0
4 1 17 3
2 0 99 4
3 2 56 2
1 5 -3 4
0 5 22 5
5 3 79 1
5 1 1 4
1 1 64 1
2 4 5 4
4 5 36 4
3 4 96 2
5 3 -7 4
3 3 96 1
4 1 40 3
3 3 -6 0
1 4 64 4
0 2 26 0
1 0 53 5
2 5 73 3
5 5 68 5
1 3 22 2
1 4 77 4
0 4 22 1
3 2 95 0
4 4 78 5
2 3 90 2
0 4 37 3
5 2 90 5
0 4 42 0
0 3 91 1
5 0 56 0
1 3 -5 1
4 2 3 5
0 2 77 3
0 3 -2 5
0 5 43 4
5 2 3 1
3 1 75 2
0 4 54 5
1 5 89 0
0 3 59 5
5 1 98 3
3 3 34 5
4 5 18 0
3 4 78 5
5 4 40 4
2 5 -10 5
2 3 80 4
2 2 17 1
2 0 74 1
1 0 40 1
1 0 0 3
4 0 27 0
3 2 95 0
4 1 87 1
0 2 0 0
3 4 40 2
4 5 90 2
1 5 91 2
1 3 67 5
3 2 19 4
4 2 34 4
4 3 83 2
0 5 7 5
2 0 31 1
4 2 30 5
5 4 48 3
1 1 25 5
4 3 50 1
4 4 65 3
5 4 80 4
0 3 28 0
0 3 6 2
5 3 92 5
1 4 69 3
1 4 36 4
2 5 39 2
5 3 -6 2
5 3 97 5
3 4 40 1
4 1 26 2
3 0 88 4
1 0 81 3
4 4 41 3
2 4 59 5
0 2 33 0
1 4 51 4
4 2 12 0
0 3 90 4
2 2 37 1
5 2 16 1
0 2 86 4
0 1 9 0
4 1 19 5
1 0 44 4
1 2 4 2
5 2 91 4
2 2 63 3
4 5 98 0
0 1 64 3
2 3 10 2
0 5 95 3
5 3 34 2
3 3 82 3
3 5 75 2
2 3 29 2
1 5 94 2
0 1 0 3
2 0 79 2
4 2 41 2
1 1 39 5
2 4 87 5
1 3 -8 3
2 3 0 3
5 4 25 3
3 3 90 5
2 5 89 5
5 4 69 3
2 1 84 0
2 1 39 5
0 0 13 4
3 2 5 3
3 4 3 2
3 1 29 3
5 3 86 0
1 5 -9 2
0 0 80 5
4 2 71 4
2 2 15 5
2 1 35 3
4 2 56 1
0 3 2 4
3 4 0 0
1 1 69 5
4 4 5 3
2 0 42 0
2 1 40 1
2 2 5 3
5 2 88 3
2 3 67 1
1 5 23 5
3 3 19 1
2 2 75 5
1 0 85 4
3 5 87 0
0 0 18 1
2 3 66 4
3 3 52 5
4 2 52 5
5 2 41 4
1 5 22 3
4 0 12 4
2 2 41 4
5 2 97 0
3 3 68 1
4 4 92 5
3 1 79 0
3 4 14 0
4 2 -1 5
0 5 56 4
1 0 10 4
4 4 98 5
2 2 -4 4
1 1 89 4
4 3 41 4
5 2 56 0
5 1 61 0
4 0 -6 4
4 5 9 0
1 2 63 2
3 3 21 1
5 2 42 1
4 0 38 4
1 4 85 5
1 1 60 4
0 5 29 4
5 3 91 0
2 1 1 2
4 1 7 4
3 1 52 1
5 0 46 5
5 4 -7 4
0 2 27 2
2 3 79 1
3 2 95 2
1 3 -5 0
1 4 38 1
2 3 38 3
4 4 38 4
5 4 67 3
0 3 88 1
5 3 39 0
1 4 77 1
3 1 56 0
0 2 35 5
0 0 95 5
2 0 85 5
5 4 34 1
0 0 89 3
2 5 -7 2
1 0 66 0
2 5 79 4
2 2 16 0
4 2 97 0
1 2 32 3
2 3 2 0
3 4 83 2
4 3 16 0
3 1 3 5
1 1 46 2
4 0 94 3
3 2 84 3
1 4 -9 0
4 1 55 0
5 0 67 0
0 4 47 3
3 1 100 0
1 1 18 4
1 0 60 4
0 2 67 1
5 3 100 4
4 0 -10 2
3 0 82 5
0 5 68 1
5 1 51 4
1 5 20 0
1 0 30 1
0 3 47 0
0 2 40 4
5 4 92 4
0 3 19 3
3 3 44 5
1 5 25 0
5 3 56 5
4 0 76 1
4 2 52 2
3 1 35 4
3 1 46 1
1 3 96 5
2 0 82 4
0 3 95 2
0 2 -2 5
5 0 -2 3
5 4 82 0
3 1 4 4
1 2 85 3
4 5 82 1
0 1 27 3
5 5 5 3
5 1 63 3
5 1 19 4
3 1 21 2
0 4 1 2
1 0 21 3
3 5 95 4
1 1 52 3
3 3 60 0
3 4 83 5
1 1 89 0
1 5 62 3
1 3 16 1
5 5 3 1
2 3 4 3
1 2 58 4
2 3 76 4
4 2 35 1
0 1 95 2
2 2 18 1
0 5 -1 4
5 3 26 4
3 1 11 1
1 0 1 2
1 1 94 1
5 1 64 4
3 5 59 2
3 4 94 3
3 0 -8 4
4 3 78 3
3 0 51 1
5 5 8 3
0 4 44 3
0 4 53 1
4 3 78 0
5 4 65 3
2 3 77 5
5 1 25 1
1 5 54 2
5 0 34 0
2 5 64 4
5 1 -8 5
4 1 9 1
0 1 88 4
0 1 79 3
2 1 26 1
4 5 75 2
0 1 74 0
3 4 51 4
3 0 91 2
3 1 66 2
5 1 54 4
5 1 32 4
2 2 88 0
1 0 68 0
1 1 27 2
4 0 14 4
2 2 27 1
0 5 38 1
0 0 74 4
2 5 14 0
5 5 40 3
2 2 40 3
1 2 28 0
0 3 57 2
0 5 37 4
5 4 65 0
3 0 5 5
0 4 23 4
3 5 42 4
5 0 91 0
3 3 44 4
5 0 25 5
4 3 82 0
4 0 13 4
4 4 54 5
1 3 60 0
4 0 56 2
2 3 18 2
4 5 38 5
2 2 34 0
5 4 97 5
4 2 -9 2
3 1 74 0
5 4 82 4
0 3 45 4
5 5 81 2
0 1 42 1
2 0 96 4
3 3 79 3
4 2 73 0
5 1 60 4
4 3 46 2
0 4 26 0
0 3 4 2
2 1 18 0
4 0 29 5
5 0 96 2
3 1 -3 4
0 4 -7 1
3 1 28 5
3 0 3 0
3 0 88 1
3 4 -3 5
3 0 76 0
2 0 69 1
1 1 34 5
2 5 55 0
3 1 29 2
1 0 -5 3
2 1 13 5
1 5 60 1
4 2 41 2
1 3 64 3
2 0 38 4
5 3 77 0
5 4 47 0
2 2 54 3
5 1 72 0
2 0 15 2
5 4 12 3
5 3 59 4
3 1 92 2
2 2 52 1
3 1 3 0
3 3 6 3
5 1 14 4
0 4 53 4
0 2 17 2
0 2 -1 1
3 1 82 0
1 0 52 2
4 4 -7 2
4 0 8 1
4 0 28 1
1 1 77 3
1 0 35 0
0 3 92 3
4 0 13 4
