1 5 0.1963 5
4 4 24.078 2
3 4 87.7206 2
2 3 20.0113 0
4 5 5.831 5
5 3 30.9922 0
1 4 74.6669 1
0 5 -1.5317 0
4 2 92.0077 1
0 0 62.7321 0
0 0 -0.8628 5
1 0 79.0943 3
4 5 98.7587 0
3 2 72.376 2
4 2 83.1175 4
2 2 38.3046 2
5 4 52.7678 3
4 0 44.6607 4
5 3 37.1761 4
5 1 92.394 5
2 1 23.1044 4
3 3 7.7299 4
1 4 51.4857 5
1 1 99.2996 2
5 5 12.5428 1
5 2 21.7382 3
0 2 -4.2219 3
5 5 94.6937 4
0 3 3.3581 3
5 5 98.5688 1
0 1 77.0021 3
4 4 67.2486 0
3 2 56.0713 0
0 2 50.2005 3
0 5 11.4593 1
4 0 -0.4961 3
5 5 8.4987 3
3 1 -4.5886 1
3 3 84.9341 0
3 4 56.334 1
5 5 84.2513 2
3 3 2.3556 1
5 2 43.6036 2
4 4 5.8207 0
3 5 18.4437 3
1 4 27.4039 5
2 3 30.3616 5
4 2 72.0251 4
0 1 7.8178 4
2 1 99.3444 0
1 5 46.0462 1
3 1 23.7476 2
3 1 37.6013 2
1 1 58.245 0
0 3 17.9556 2
5 2 51.4955 4
0 4 84.1452 2
1 3 54.4691 0
2 2 86.8537 3
2 5 66.5874 1
0 2 34.2957 0
3 3 52.2978 3
4 0 63.5483 2
0 4 99.5266 2
5 4 65.0585 4
5 1 74.8367 5
1 1 74.4728 1
3 3 29.4615 5
4 1 74.5075 2
1 1 70.9904 5
4 0 90.1093 0
0 2 0.7831 4
0 5 57.6094 0
0 2 88.3737 1
3 1 27.6673 2
0 1 56.423 2
5 5 78.2524 4
4 0 90.425 0
3 1 32.2543 2
3 3 3.8061 5
4 0 0.0951 0
0 5 38.4904 3
5 5 87.6897 2
2 3 72.7332 1
5 2 73.7709 3
0 4 26.1408 4
4 0 42.0892 3
5 1 50.2525 5
1 0 96.4391 5
0 4 26.7156 4
4 4 29.4111 2
0 1 9.1338 4
5 3 91.2335 0
1 2 77.0003 2
2 0 47.6759 3
2 0 70.1272 3
4 3 65.6538 0
5 1 11.4459 5
5 3 44.2699 0
3 1 17.1942 5
5 4 58.4466 2
4 3 64.5787 1
2 4 89.9478 2
2 4 44.0625 0
5 1 70.6149 1
4 5 62.0495 3
3 4 17.1945 4
1 2 20.1513 2
5 2 87.7038 5
1 4 62.9218 4
0 2 19.0305 4
5 0 66.1939 3
1 0 96.856 1
2 3 68.2772 3
0 5 30.8556 3
0 5 61.4076 4
0 3 22.0559 1
2 0 71.3757 5
1 2 34.5862 2
3 5 46.5986 4
2 4 37.3884 0
4 2 9.2906 1
0 5 76.5483 5
0 0 62.5845 0
4 0 60.2519 5
1 0 21.3638 5
3 5 37.5415 5
2 1 60.3677 2
4 3 27.4991 0
0 3 25.1459 2
4 1 87.6677 0
2 0 10.026 1
3 2 49.9877 1
2 2 28.9679 1
2 0 28.6666 4
0 3 58.0858 4
1 5 8.3525 1
5 0 0.1463 3
3 2 94.9579 0
1 3 20.8667 0
1 3 26.0435 4
3 4 90.5295 1
4 4 86.6499 0
3 1 18.3401 3
2 1 13.1699 3
2 4 10.6689 3
0 2 33.3789 2
4 3 97.4177 1
1 3 95.8844 1
4 0 90.2521 0
2 5 31.5734 1
3 2 3.6226 5
2 0 59.937 2
1 1 71.1685 0
1 4 35.831 0
3 5 68.3194 5
1 4 46.3004 2
1 3 83.1488 1
4 2 88.1183 1
1 3 40.6537 1
3 3 94.937 2
4 0 51.6594 3
2 2 60.5998 5
5 2 86.5773 0
5 2 96.6223 2
3 5 69.1049 3
4 1 32.77 5
5 1 62.5831 2
3 3 1.3024 1
2 3 34.1356 5
1 1 99.4126 1
1 4 -8.957 3
1 3 71.9439 2
5 4 80.1433 0
0 3 30.2753 5
3 0 53.9986 0
3 1 18.825 4
1 1 50.7258 5
5 4 35.1723 0
4 4 0.0157 3
0 4 77.3627 1
3 0 57.4444 3
4 3 56.2888 5
2 4 10.9991 0
1 3 31.5995 3
2 2 90.9282 0
4 2 80.2358 0
2 5 40.9377 0
4 3 67.6909 1
4 0 2.3078 5
3 2 38.0068 1
5 4 -9.8749 2
5 2 70.5304 3
3 5 87.4677 0
0 4 51.8451 2
4 1 37.3955 0
3 1 40.7248 5
4 0 72.1664 5
0 5 24.6449 0
1 5 41.6044 2
1 2 12.5252 3
5 1 77.5374 3
2 5 1.5295 2
1 5 56.5935 0
4 4 33.224 3
2 3 -0.9627 0
2 2 83.5855 3
5 3 55.05 0
5 4 -2.3013 5
4 0 80.1219 1
5 1 74.7839 3
1 4 87.3998 2
1 1 61.4383 1
1 0 69.9028 2
2 2 8.4464 1
3 0 48.6381 5
4 5 27.5747 5
0 2 87.9816 0
4 2 74.3954 3
2 5 21.2266 5
0 2 13.3127 3
3 2 71.7524 5
4 3 85.6553 4
2 2 91.5397 1
0 1 -3.4229 3
4 1 37.6948 1
2 3 64.9927 4
0 4 87.3141 3
3 3 35.8497 0
1 1 20.2113 1
0 5 -7.917 4
2 2 29.6946 0
0 3 34.152 4
3 4 28.7886 2
4 5 57.6161 0
1 4 3.0385 3
3 4 88.4835 0
4 5 94.4729 4
5 3 57.1424 5
4 3 85.8662 4
4 2 38.5922 4
5 2 -9.6758 1
2 5 75.3254 0
4 2 88.847 1
3 0 97.1935 2
4 3 49.32 4
2 5 3.6207 5
5 1 51.5735 1
2 4 97.4739 0
2 5 80.9689 5
0 2 -0.2259 4
5 2 11.7562 1
3 1 62.4476 5
2 2 32.1267 0
1 2 87.2494 3
5 0 97.4962 5
0 1 97.5608 1
5 3 99.9744 5
2 5 65.6316 5
0 4 2.4796 3
3 4 68.4444 2
1 4 93.9115 3
2 0 33.7379 2
1 5 89.7165 0
3 0 53.6329 3
4 0 35.402 4
1 5 55.5045 2
1 4 65.8878 2
2 2 94.4777 0
1 4 20.434 3
5 5 29.4936 4
4 5 78.8366 3
0 0 97.8 2
1 2 24.8079 3
5 1 -1.1634 1
2 4 70.1473 2
2 1 20.2837 2
4 5 56.4123 2
0 1 -5.6728 5
5 0 13.4143 5
2 4 1.9929 1
4 2 51.6932 2
4 0 51.6426 3
3 1 1.9651 1
4 2 92.031 1
0 1 76.2751 0
5 4 52.5433 5
5 0 69.9125 4
4 2 -3.6808 3
0 2 66.1994 4
0 3 -9.9309 1
5 1 52.2378 4
5 0 95.7767 2
5 2 1.0062 4
4 0 96.6506 3
4 4 51.699 3
3 0 2.9313 2
3 0 43.6695 5
2 2 72.5998 3
1 0 64.5608 2
0 1 0.4021 0
4 2 66.9976 0
2 1 15.8193 0
3 1 35.9095 4
2 4 -6.6252 3
2 2 6.0156 1
0 5 30.061 5
0 3 -6.4378 5
4 0 50.132 3
5 2 65.1408 1
5 5 5.8906 4
3 2 35.8399 1
5 4 27.1362 4
5 5 16.3153 4
1 4 8.1832 3
4 3 20.0929 2
4 4 51.3033 0
0 5 5.4333 1
1 1 38.0661 5
2 4 71.3523 2
5 4 69.8792 1
3 1 94.139 3
0 0 65.6339 2
3 2 70.7048 2
5 3 75.9791 4
2 5 91.8617 3
0 2 22.9359 3
0 4 1.1536 4
5 1 49.7705 0
5 5 81.1275 5
3 3 94.9481 2
5 1 64.5615 0
1 4 79.2489 1
4 3 -6.6443 2
1 2 -2.0317 1
3 0 14.7615 4
2 0 13.9564 5
5 5 22.5155 4
4 0 37.9783 1
3 0 93.5911 0
0 4 50.6187 4
0 1 78.8649 2
4 5 57.5112 3
4 0 77.1756 1
5 1 55.6387 0
3 3 34.3484 2
2 5 33.5162 2
2 1 73.6629 3
1 2 39.3129 3
1 0 36.0919 2
1 2 38.5907 0
3 0 50.4694 5
4 3 64.9548 5
0 0 72.9883 5
5 0 78.08 2
3 2 -6.3045 0
4 0 85.1424 2
1 5 -6.693 1
3 0 22.6105 4
2 3 10.6617 3
5 4 63.4656 2
3 0 26.5853 1
5 4 61.0863 0
3 5 93.8083 0
5 1 17.4298 5
1 0 31.4774 2
4 3 30.0102 1
5 0 13.0733 0
3 2 -9.2062 2
5 2 90.4193 3
0 0 49.4237 5
1 2 83.0858 4
2 2 12.8188 0
0 2 26.9689 4
4 1 34.979 0
5 1 57.2308 1
2 3 71.3579 3
0 4 90.3701 1
2 3 76.5175 2
5 1 -6.4826 1
5 4 98.9038 5
2 4 78.1686 2
1 2 4.3801 2
5 2 57.8595 5
2 0 24.0682 1
5 2 12.6 5
5 3 0.0948 2
3 3 95.9576 5
0 0 25.0113 0
2 0 92.6101 3
1 4 68.8736 4
4 1 86.9514 5
0 3 91.0159 3
1 4 84.8945 4
1 5 11.7917 5
1 4 23.8102 1
5 0 -4.3189 3
1 0 8.6774 0
5 3 -8.6761 3
5 1 9.9141 1
3 3 37.8227 2
0 1 51.4661 3
4 0 62.0612 3
1 1 71.6654 5
2 2 -9.0065 3
0 1 48.4951 2
0 0 92.8338 1
4 3 39.2743 5
4 3 32.0128 2
0 5 40.0322 1
1 5 34.4475 1
0 4 72.37 5
4 5 65.7705 3
5 1 67.5581 1
5 2 67.2268 2
0 0 82.8955 3
0 5 2.8534 3
4 4 96.6787 5
1 4 85.5515 3
5 3 4.2152 0
2 0 81.3363 1
1 1 29.8389 5
2 0 44.4427 5
0 4 62.5231 0
2 1 41.7805 0
2 4 83.8383 0
4 3 -4.0736 2
1 2 68.6421 4
3 1 75.4127 4
0 5 26.4318 5
3 3 57.7673 0
0 2 33.6311 1
1 2 78.3852 4
5 1 18.0754 5
2 4 74.4829 3
4 1 18.1891 1
1 5 99.255 2
0 2 54.467 0
2 5 13.358 4
5 1 40.1555 3
0 1 59.0478 1
5 2 74.6011 5
2 3 11.5486 3
0 5 47.1596 1
2 5 81.3633 0
5 0 54.3264 4
1 5 36.4695 2
1 4 11.4893 1
2 1 34.7992 1
4 4 27.5953 3
4 5 73.4865 5
3 5 26.4045 0
2 1 26.5939 5
5 0 57.0553 0
2 3 74.2695 3
4 3 16.4228 4
3 5 21.2029 1
0 3 84.0489 2
1 1 1.7242 2
0 5 61.3582 5
4 1 96.4262 5
0 4 89.5745 5
5 4 40.8811 5
3 1 50.4253 1
4 4 86.7339 3
3 0 33.634 2
2 5 17.7488 3
0 5 2.73 4
4 5 80.6694 5
4 0 42.7239 0
3 4 52.2798 2
1 1 13.3001 1
2 4 47.3496 2
5 5 -6.0398 3
1 1 9.7141 0
0 5 10.9247 3
1 4 61.9995 2
2 3 -2.5737 2
2 1 14.1651 4
5 1 75.9425 1
5 2 -7.1892 0
5 4 40.3145 2
1 2 35.8217 4
0 1 76.1456 2
0 3 52.2967 5
4 4 8.9154 0
5 3 30.4979 4
1 5 29.0507 1
5 4 16.9422 0
2 3 51.9842 1
4 2 18.3993 3
2 1 7.0619 1
3 1 33.6694 2
1 5 56.7369 5
4 1 88.7826 3
4 0 11.6165 1
5 2 47.8029 5
0 3 53.329 4
2 5 1.8598 0
1 5 40.5347 1
1 3 26.1404 3
3 3 -0.7408 0
5 0 75.9546 5
1 4 65.395 0
0 0 25.5923 1
0 3 -0.1954 5
3 2 74.1181 0
0 3 51.7623 3
5 1 35.2946 4
4 0 53.1815 0
5 5 13.5724 5
4 1 51.3354 2
4 4 39.091 5
1 5 71.0525 2
5 4 91.8205 4
1 0 72.7021 3
1 0 41.0715 0
0 5 72.1493 1
4 2 66.167 1
4 2 18.0944 5
1 5 35.2704 5
2 3 -4.732 4
5 1 40.9593 2
4 5 94.2998 2
3 1 24.2733 3
4 0 0.9149 3
0 4 1.4151 1
5 0 96.2463 0
0 5 96.2812 3
5 5 -6.4196 5
5 3 22.0696 3
1 5 3.6943 5
0 5 36.774 5
5 0 61.0448 1
1 1 36.8431 2
0 0 77.7257 1
3 4 32.3555 2
1 5 56.8821 2
0 3 -6.8003 3
1 1 84.0588 4
5 1 68.8866 4
1 4 96.1328 5
2 2 63.0573 4
4 3 49.1801 2
2 4 -5.9804 4
2 4 87.0352 1
3 4 6.1627 5
4 4 63.6219 5
5 5 20.9653 4
5 3 -7.6259 5
5 3 70.3212 5
1 4 37.2877 2
5 2 24.428 2
2 5 88.7197 0
2 2 15.4108 2
5 3 6.8625 3
0 4 3.2273 3
3 0 92.1709 0
1 5 27.3391 3
4 3 68.2139 0
3 4 73.2065 3
5 4 54.5812 5
4 0 41.3932 3
5 4 69.6183 0
2 1 85.5639 2
0 2 53.623 0
2 1 44.3304 2
1 2 73.4246 4
2 2 15.8374 1
3 0 98.3502 2
0 3 -7.9801 1
4 1 82.741 0
3 5 76.3676 1
2 5 11.4005 2
0 5 21.5079 0
0 1 29.4652 1
0 2 -6.9241 0
0 5 83.4687 5
4 3 -0.5457 3
4 5 27.2085 5
3 4 97.4693 1
3 5 30.8064 2
1 4 50.242 1
5 1 73.9884 4
1 4 25.1285 1
3 0 93.0255 0
1 0 64.515 1
3 3 90.6768 1
4 1 84.0715 3
1 2 23.592 5
0 4 71.2933 2
2 2 23.4119 0
3 2 42.6774 5
1 0 70.3389 3
3 5 81.6264 5
0 0 68.1348 1
5 2 78.7428 3
5 3 88.8161 0
3 1 64.8847 2
2 1 82.8608 1
1 1 45.1063 2
0 4 86.8883 0
4 5 88.4789 3
3 4 8.2658 1
5 2 60.2683 2
1 5 72.9502 5
5 5 72.4524 5
3 1 45.8515 4
1 2 87.9946 0
2 5 55.1593 0
0 5 94.6588 4
5 4 93.1847 3
2 0 72.9211 5
2 5 28.698 2
1 0 82.693 1
4 3 0.4872 2
0 4 74.1796 2
4 5 -2.3049 4
3 5 64.3251 5
0 5 78.1422 2
2 2 44.4325 0
5 3 44.6861 5
3 4 63.1529 4
4 1 47.0973 2
5 5 90.4757 0
5 5 35.9446 4
4 0 48.5081 1
2 0 79.0283 2
4 0 70.6567 5
4 2 -3.6681 2
0 3 9.2285 0
4 0 57.2414 3
0 2 79.0651 3
5 5 16.7216 3
3 1 28.2273 2
0 0 33.9396 4
1 4 81.0958 3
2 4 82.4588 2
1 0 0.0077 1
4 0 94.5365 2
1 5 85.9272 5
0 1 96.5004 5
3 2 97.8276 5
0 2 38.2577 4
0 2 59.0836 5
0 2 83.6109 4
4 2 77.2419 2
4 1 78.46 2
0 4 0.4455 1
1 2 29.7734 1
1 2 -6.0986 1
3 0 45.4711 3
4 1 81.9236 1
5 4 10.6104 1
5 2 42.2839 1
3 0 65.7373 1
5 3 94.8667 3
2 3 65.4904 2
4 5 94.618 2
4 3 59.5829 2
2 0 94.358 4
5 5 40.7638 2
3 0 29.3588 3
2 3 81.4253 2
4 5 -1.3816 1
1 5 54.0661 2
2 2 72.0617 3
4 3 62.6441 5
1 1 72.5941 4
0 2 4.9664 5
5 4 3.1368 5
2 2 19.3435 2
4 2 82.302 3
0 1 2.6721 3
3 3 27.9957 3
3 5 8.6143 3
2 2 97.2024 2
2 2 66.5894 2
0 5 75.9283 4
4 1 6.4288 3
1 5 17.3906 5
5 3 41.2389 0
3 0 56.1755 2
5 0 24.0133 1
0 0 40.9362 1
5 1 4.7867 5
2 3 54.862 0
4 1 90.3437 1
0 4 13.7543 1
2 4 27.6357 2
3 1 89.791 3
3 0 94.9242 0
0 5 85.8265 1
1 5 31.601 3
4 4 84.6009 1
1 4 25.6319 3
1 2 86.1039 2
1 5 60.9733 3
4 3 92.2107 5
2 3 85.7652 5
2 5 72.125 4
5 3 18.1273 3
5 3 65.4134 5
0 2 62.0057 0
0 5 13.1547 1
4 3 3.1743 4
3 2 -0.2839 3
2 2 48.714 3
1 5 52.3664 2
5 1 97.2442 5
2 2 18.5585 1
4 3 86.3405 3
0 5 52.9078 5
1 2 5.1182 4
2 4 12.2395 1
5 1 -5.7927 5
5 4 20.6621 4
1 3 53.335 1
5 4 -7.7952 0
5 4 94.5009 2
3 1 12.4074 2
0 4 44.221 1
4 3 73.4647 5
0 2 53.1893 0
3 3 88.9707 5
2 3 33.0828 3
2 0 16.0117 1
1 0 81.7975 1
0 1 71.293 3
4 5 38.3651 3
5 1 47.3472 5
4 0 59.8435 5
4 1 68.4361 0
0 3 91.4971 4
0 2 57.6185 2
1 0 24.2103 4
0 4 39.5133 3
5 2 2.6965 5
4 2 1.0654 3
3 2 52.4567 5
5 4 58.6918 4
3 1 49.9933 1
5 0 45.551 2
0 0 29.63 3
2 0 94.3524 0
1 3 7.6923 3
0 3 72.4163 0
2 3 55.3119 2
3 4 3.5833 0
4 4 14.8295 3
4 3 10.1997 0
2 4 93.638 5
2 0 73.6921 4
3 4 42.0448 2
1 4 8.6801 3
0 0 89.5954 2
5 0 35.9479 3
0 5 91.6697 1
4 1 64.9208 3
4 5 58.7869 1
1 5 6.7281 0
0 5 96.0544 2
3 1 23.5338 3
1 2 17.3475 4
5 3 -5.8098 2
2 1 62.3345 3
4 0 30.3761 2
0 3 -3.7293 5
3 4 68.5569 1
2 5 29.7748 4
3 4 84.4041 3
1 3 69.4623 5
1 5 59.4294 3
5 4 5.9223 1
4 2 42.6522 5
0 0 91.4578 0
5 2 21.6555 0
2 1 -0.0316 4
5 3 63.5572 0
1 3 -8.6418 0
1 0 91.9182 1
5 5 89.4264 5
4 3 82.851 3
3 0 52.7919 5
2 2 88.7999 1
2 5 24.607 2
4 3 -3.4672 3
0 5 8.183 4
0 3 28.4489 1
1 0 60.4219 2
1 5 -5.4368 4
0 5 5.9781 5
0 2 68.2324 2
4 0 96.136 0
5 2 12.0945 4
3 4 0.3969 4
5 5 64.7479 2
0 0 67.0989 1
0 2 37.7987 3
4 3 4.0294 3
1 4 3.9199 1
3 2 54.8828 0
1 1 9.7131 3
3 3 64.0504 3
0 3 88.532 2
3 3 25.7448 2
2 2 75.7155 4
1 3 2.0636 1
3 3 27.8571 4
3 4 11.339 4
3 5 51.8254 3
5 1 31.081 4
1 0 77.8537 2
1 5 67.5004 5
1 2 -7.6516 4
4 3 -3.0009 0
3 5 25.4559 1
3 3 25.5845 2
3 0 94.8095 3
5 0 26.7932 2
4 5 0.1502 3
0 0 31.7409 5
5 3 6.6026 2
1 2 7.9065 2
5 5 74.2642 3
2 1 26.2014 5
0 4 64.9932 0
0 5 65.3634 1
3 1 -7.1211 5
1 4 73.4873 1
5 4 85.594 1
2 0 4.0111 0
4 4 92.1215 0
4 1 31.6092 2
3 2 76.1087 5
3 3 97.6674 3
0 0 94.0408 5
5 5 59.8253 3
1 5 46.4229 4
3 2 93.4925 5
3 3 36.8996 1
1 3 6.2128 4
5 2 29.2343 1
3 0 0.2803 0
4 2 20.9467 1
1 2 55.5081 5
0 0 73.969 3
2 1 35.903 4
0 4 91.9342 3
2 4 91.4094 4
0 0 17.0402 2
4 0 11.1921 3
5 4 69.9869 2
2 4 41.2857 3
2 5 31.3866 1
4 5 -1.0401 1
4 5 -4.2948 4
4 2 91.9776 3
5 1 30.3955 5
2 3 -4.5071 1
1 2 58.4476 2
3 3 6.9086 4
5 4 -6.376 2
5 0 54.774 2
3 3 0.3184 3
5 2 52.6951 2
3 0 66.5035 0
3 3 27.6712 2
5 0 45.6876 2
5 5 67.2952 5
5 2 57.6193 1
0 3 -4.214 3
0 3 3.8455 3
2 1 71.5658 3
5 5 95.4374 1
3 4 94.5348 4
1 3 8.0561 4
3 4 -6.2046 3
3 4 42.8675 3
1 2 94.1195 3
0 5 37.9938 5
0 4 77.4784 5
3 2 55.4342 4
4 0 10.477 2
1 3 37.9622 4
4 2 67.7361 1
3 3 11.613 5
4 4 1.8426 3
0 0 7.7499 5
2 0 98.857 3
2 5 16.6752 2
3 2 93.1399 0
3 5 56.6052 3
2 4 70.9909 4
5 0 14.3066 1
2 4 -9.6453 1
5 4 86.8684 5
3 2 41.9654 5
2 4 74.1058 3
5 5 69.5919 4
2 0 87.2717 0
3 5 45.1169 1
0 0 71.5559 5
1 3 15.5704 5
4 2 33.1774 3
0 3 59.6693 0
0 2 -1.2611 1
0 4 72.417 3
3 2 33.1349 3
2 4 11.8675 3
2 2 81.479 2
0 4 -1.3926 1
2 2 89.6038 4
5 0 17.7579 3
3 1 2.3441 2
3 0 4.7694 4
4 2 29.9684 2
0 3 43.6965 2
4 1 85.7946 2
5 0 52.5554 1
1 5 43.7018 0
3 1 3.141 3
0 1 23.5649 4
2 5 73.2142 1
4 2 26.703 3
0 1 27.3872 5
1 0 95.5182 4
2 5 43.8356 0
2 3 21.5389 2
4 0 80.2892 1
4 1 81.1717 5
0 4 20.3499 3
2 4 -6.3534 4
4 2 63.5689 1
2 2 34.4059 0
4 3 16.6344 2
2 3 80.5532 1
4 3 42.2434 0
1 0 92.923 0
0 1 58.1221 3
3 3 36.5949 1
0 4 19.3184 0
5 1 7.5058 2
3 3 85.3126 1
3 0 49.7902 1
5 4 85.9389 5
5 2 -1.5776 5
5 1 64.2096 1
0 2 26.6436 4
4 1 40.7529 1
5 4 16.7296 3
5 5 93.688 0
1 0 77.7955 5
4 0 -1.5408 1
0 5 77.7384 4
0 5 55.8792 5
1 2 92.0347 0
0 0 40.0031 1
2 3 99.7552 4
5 0 32.0307 5
4 1 58.339 1
2 5 -8.7002 5
2 0 1.0695 3
2 3 4.7454 5
2 1 95.0881 0
4 1 52.4837 1
3 4 56.0746 2
5 2 17.6602 0
3 2 23.3886 5
5 0 67.4889 0
2 0 80.1213 3
0 2 -8.7555 4
0 4 -4.6725 1
3 4 80.4624 2
3 4 80.6311 3
2 1 6.3265 2
5 3 51.4608 0
5 1 46.6378 3
3 0 61.5148 2
1 4 89.5987 2
0 2 38.2104 3
2 5 -2.5449 4
0 3 93.1202 2
5 4 36.7949 1
2 1 44.6443 2
0 1 43.5195 3
0 1 -8.98 4
1 3 40.1115 3
2 3 9.7156 3
2 2 61.0662 2
5 4 21.5644 4
3 1 19.3594 2
2 3 3.1392 2
2 2 79.5848 3
1 5 44.5399 2
5 4 80.5536 4
2 2 45.0279 1
2 2 2.2428 2
5 5 64.1872 4
1 4 14.3594 2
