3 1 26.6089 1
5 0 47.9339 5
0 2 65.4631 1
1 0 65.7142 4
1 3 35.122 5
3 1 23.6053 0
3 2 -3.3644 1
3 1 14.1306 0
1 5 47.6352 3
4 0 79.6924 5
3 4 32.3569 4
0 3 6.1597 0
1 1 37.1278 2
5 5 -7.7233 1
0 4 46.8083 3
2 2 67.8038 3
2 4 -7.2885 3
5 2 52.7609 4
4 4 32.7558 2
2 5 37.2446 4
2 3 42.3242 5
2 3 77.9388 3
2 0 -4.3955 1
4 3 66.5691 5
2 0 51.069 5
2 1 -6.5171 4
1 5 14.2967 0
3 3 89.986 5
3 0 96.879 5
4 5 65.6425 5
3 2 64.629 4
2 0 87.6204 2
4 4 90.7815 1
2 5 -9.7732 2
1 1 65.8656 4
1 3 48.1987 3
4 5 80.6063 3
1 5 85.329 0
2 2 99.1485 3
2 2 38.7065 5
5 3 85.2608 4
2 4 33.3853 2
1 2 83.1743 5
2 3 25.6931 4
5 5 74.9702 3
1 0 80.9486 1
0 1 97.7116 5
5 3 34.663 2
1 2 39.7343 1
3 5 16.5402 1
5 2 8.0378 2
5 5 47.6973 0
2 1 -1.8018 1
2 4 50.7357 5
3 2 93.6296 1
3 3 77.2154 0
2 4 17.3539 1
0 3 -4.1532 0
1 2 -4.2791 4
2 3 39.5252 5
5 3 75.4346 0
1 0 35.6464 5
5 1 98.1123 3
5 2 21.0433 2
0 1 30.8298 4
3 4 13.5138 2
2 0 30.9827 1
4 5 58.2776 3
0 3 16.4385 3
0 2 -7.408 4
2 5 22.3646 4
2 2 -7.4286 3
1 2 -8.6331 2
2 4 43.2274 4
2 2 -8.3037 2
3 2 53.9549 5
4 1 67.8643 5
1 2 -6.3155 2
5 3 -5.2291 4
1 1 2.2225 2
3 2 85.0901 5
3 1 64.8232 2
1 3 82.5416 5
1 0 89.2178 2
2 2 18.1875 4
1 0 8.119 5
2 4 28.6503 3
2 3 1.9374 0
5 4 92.1716 1
1 5 15.7162 3
4 5 61.9452 3
1 3 -3.7167 0
0 3 62.7096 3
1 5 97.4116 1
5 1 -0.8446 1
4 5 8.2073 5
1 5 80.7359 2
5 3 80.7675 5
2 0 89.6547 3
3 3 89.9747 2
4 5 64.6996 3
3 5 15.1687 0
4 3 8.2964 3
2 0 43.9064 1
5 2 36.4248 5
5 2 43.9964 0
2 4 3.9796 3
1 3 66.6112 4
3 3 73.6645 1
4 4 22.6179 0
1 4 16.3991 3
0 2 31.9832 5
1 5 17.0464 0
2 2 18.3061 0
1 3 -8.0256 4
1 5 67.7189 1
4 2 8.1063 1
0 0 -8.9723 4
2 2 3.889 1
0 3 5.6204 3
4 1 62.8335 0
3 4 76.9688 4
0 2 58.7778 2
4 1 43.0795 3
4 4 8.1987 0
2 5 -1.1129 0
2 5 40.0896 3
0 1 67.264 4
0 0 21.3007 4
1 2 68.7191 5
2 4 29.1799 4
5 5 -0.0196 0
5 3 37.8285 3
5 1 66.5839 5
2 3 66.8865 5
0 4 16.9746 2
5 5 50.8059 0
4 1 48.7104 3
4 0 45.175 4
2 3 4.2278 1
0 0 75.1158 2
4 0 6.5413 5
1 1 53.9128 2
1 2 24.3002 3
2 5 83.7056 4
0 4 38.6059 3
3 0 20.0729 3
4 0 42.5987 2
4 5 27.5949 3
0 5 90.4241 5
5 0 86.6931 1
3 3 44.7281 2
3 4 7.7784 2
3 4 50.462 2
4 0 35.1732 0
5 0 13.9857 3
3 4 51.0054 2
5 4 77.2515 3
3 3 26.1033 4
4 2 92.5996 5
0 4 36.6382 5
3 0 56.0591 3
5 3 -1.9617 3
3 4 79.3758 0
1 5 29.5373 2
0 4 69.234 4
1 2 80.9695 1
2 4 14.3627 1
4 4 45.1879 2
2 0 18.1337 4
2 1 5.3086 0
1 4 69.4017 4
0 1 57.997 4
2 2 88.6143 5
5 2 63.6218 2
1 5 20.7512 0
3 3 34.4637 5
0 0 66.4165 4
5 5 72.1403 0
1 0 -9.977 5
1 5 24.4057 4
1 4 91.4304 2
1 1 43.4547 3
4 3 41.7806 4
3 3 67.8869 2
2 0 77.9459 5
1 4 49.7622 3
5 0 56.7079 5
5 4 94.4568 1
0 1 38.2614 5
2 4 85.5181 3
2 4 60.8128 5
3 4 71.0247 3
1 4 27.6397 0
5 3 51.7579 2
2 1 78.0742 2
3 3 69.2301 5
4 1 62.8839 5
1 0 22.7381 3
4 5 15.8502 5
5 2 37.5809 1
2 3 51.9248 4
1 3 6.1639 1
3 0 77.0827 5
0 1 47.0747 2
5 0 85.0326 1
4 3 63.0794 5
4 3 34.9389 3
4 3 79.9718 0
1 5 65.828 2
3 5 38.9258 0
4 0 63.8999 0
3 5 3.1023 0
3 2 75.6427 1
5 3 60.906 3
2 3 50.4694 1
1 2 85.8934 5
3 4 88.8758 2
2 1 26.6308 4
4 3 32.972 0
3 2 78.6533 0
2 4 -1.0053 2
2 2 85.5129 0
0 0 56.9302 1
1 5 71.1298 0
4 2 55.714 1
0 2 65.3378 3
3 0 12.0812 5
5 0 54.2456 0
4 5 75.3599 1
3 1 90.7112 5
4 3 39.4143 5
0 4 36.1179 0
3 4 0.7362 2
2 5 37.3139 1
1 1 9.2584 3
1 2 46.3139 5
0 0 70.7147 4
5 0 79.9723 4
4 4 77.262 5
1 5 26.2978 3
4 5 52.7181 5
3 5 82.612 0
1 3 -9.8447 2
3 0 87.1999 5
4 2 48.647 5
4 3 92.5621 2
1 4 17.3498 1
2 0 -1.9058 3
4 1 95.0208 0
5 2 51.6611 5
3 3 60.8472 3
5 4 74.9904 3
5 2 78.8006 5
4 2 63.8382 5
4 5 13.7421 0
5 2 -2.8253 1
3 0 5.8489 5
2 5 -4.803 2
1 1 95.0907 4
0 1 43.5424 3
3 0 27.04 1
3 5 79.001 2
5 1 12.3073 4
0 3 84.022 5
0 5 91.3664 1
3 5 37.9639 4
2 0 84.4876 2
1 5 68.3137 2
2 0 87.8191 1
4 0 9.8662 5
3 5 52.8094 1
2 5 -4.763 4
3 1 40.7895 5
5 1 38.0488 3
5 3 63.5655 3
2 3 39.9158 0
3 1 76.6433 0
3 2 73.5427 1
3 0 -7.4923 1
3 2 93.506 2
3 5 48.4809 5
4 2 91.1534 0
4 3 9.5933 3
5 1 33.3427 4
2 2 20.3005 5
1 4 26.0747 4
1 3 35.0003 0
0 0 3.5857 2
4 3 24.07 1
2 0 66.8614 5
1 1 0.043 0
5 5 8.5614 5
1 2 60.6961 1
0 4 1.8226 0
3 0 36.1199 2
3 0 63.6541 1
3 3 15.1767 5
3 1 47.6475 3
5 5 62.9178 5
0 3 44.1914 5
2 3 75.7959 3
2 1 35.8486 1
1 2 8.8359 4
2 1 91.4064 3
0 5 22.8113 5
2 3 86.7079 4
0 2 81.952 3
1 4 -4.2371 2
4 2 42.5644 2
1 3 75.2886 5
4 1 34.4863 4
2 1 72.205 2
2 5 37.7878 3
1 1 88.7772 3
1 3 55.4793 5
4 1 -4.9938 0
3 2 -7.3591 2
3 5 69.7102 2
5 1 17.2542 5
1 2 -7.6022 3
3 2 39.9082 3
1 0 71.2795 3
2 1 91.8544 5
5 2 1.6352 4
2 5 -7.3052 1
5 0 75.5501 2
0 4 75.0278 3
3 3 18.8658 5
1 3 60.1931 4
5 4 45.8961 3
1 5 64.2869 5
5 2 6.4582 2
3 2 90.0812 2
4 0 72.1939 5
4 5 53.3989 1
2 0 66.3222 2
2 2 49.7232 5
2 0 78.7739 3
5 3 5.2114 1
5 5 99.6411 5
5 5 3.9475 0
3 2 60.7016 0
0 5 48.3944 0
2 3 74.2593 0
0 5 13.691 3
1 3 61.7749 5
0 2 75.3383 4
5 5 51.3968 5
3 3 54.1699 1
5 4 28.5422 1
5 0 49.23 3
0 5 16.4728 2
4 3 95.6236 5
3 5 41.8174 0
2 5 33.7 2
4 5 12.1962 1
4 1 92.2188 2
4 4 28.4262 0
2 2 67.9179 1
3 1 10.0494 3
2 2 59.2315 1
5 0 9.9719 3
1 4 60.6314 4
0 1 64.8381 3
1 4 76.1191 3
3 4 -3.1427 5
2 0 86.9717 5
0 4 51.6326 3
1 2 15.9463 3
4 1 98.1069 3
5 3 99.6331 5
4 0 45.3887 2
0 4 71.0651 5
4 3 -8.6544 4
4 5 54.8374 3
2 0 30.0621 2
0 3 63.5591 3
4 3 23.1783 1
3 4 70.8879 5
3 2 78.6357 4
2 1 34.8964 5
4 5 51.0915 4
1 3 -7.109 2
3 5 16.8788 4
5 2 78.2392 4
5 1 74.8089 4
5 5 53.6007 1
3 2 69.1714 1
2 4 32.7177 2
5 4 40.7202 5
0 0 71.8932 3
5 4 -6.0158 0
2 1 2.6445 2
5 5 62.084 4
5 2 16.2688 2
3 5 65.6846 0
2 0 78.079 4
3 1 28.2786 0
2 3 62.1964 2
1 0 10.6132 0
3 3 40.3368 5
0 5 25.5258 3
4 0 34.4355 1
4 2 -4.7748 2
1 1 18.0945 5
0 1 8.6747 0
1 1 39.0949 5
4 0 97.8087 2
5 1 14.2713 4
4 3 -9.8909 3
5 2 88.6013 4
5 2 14.2346 4
4 3 47.4316 2
1 4 74.7623 3
3 1 86.5948 5
5 3 21.0004 2
2 0 17.8699 4
2 5 87.7956 5
5 4 -9.4879 0
1 4 88.3403 3
4 3 75.632 2
0 4 42.9214 5
5 2 8.4924 2
5 4 -9.5083 4
0 1 96.7259 1
4 0 75.4567 1
4 5 18.4289 1
4 0 61.4584 4
3 1 24.3202 4
5 3 34.1338 4
1 4 17.9823 1
2 0 22.5159 2
0 3 88.6271 5
0 1 94.2649 5
1 4 62.1664 0
1 5 4.7014 2
2 4 53.2869 2
2 4 70.4878 3
0 3 68.3798 2
0 2 63.201 3
5 1 -8.2959 1
0 5 20.5499 4
0 4 11.925 0
3 5 13.3316 5
1 2 26.8969 4
0 3 51.1506 1
5 0 -6.6804 3
4 5 53.5841 4
2 2 89.2143 4
3 1 9.6775 5
2 1 4.5543 3
4 0 39.2392 5
5 4 52.4525 3
4 3 38.028 2
0 2 98.732 3
5 1 91.7639 3
1 0 77.0321 1
5 5 25.9413 4
2 0 7.7766 0
2 4 73.8248 0
2 1 91.5636 0
0 4 14.6408 5
2 0 40.7907 2
5 0 41.3165 2
3 2 69.731 3
4 1 -3.1695 1
5 3 20.3501 5
2 2 9.6448 3
2 0 24.4455 0
1 4 56.3469 4
1 4 23.9691 0
2 1 13.1111 3
1 3 97.3146 5
3 3 -2.7272 4
0 3 82.999 4
4 1 34.9549 1
4 2 57.7744 2
4 3 47.7996 2
5 1 42.3732 5
1 5 13.8349 0
2 3 90.2948 4
3 4 78.2216 2
0 1 17.7634 4
4 4 48.648 2
1 5 4.402 2
2 0 91.8999 2
0 1 70.8447 0
3 0 54.6187 0
3 0 93.5946 0
1 5 20.4002 4
3 5 8.8906 4
1 5 24.0533 2
1 3 39.4429 3
2 4 49.1676 4
3 2 82.6089 4
0 4 4.1162 5
0 5 -0.8319 5
4 2 65.3108 1
3 5 -4.8741 5
2 4 64.2841 3
5 4 15.3719 2
1 1 43.7321 2
2 4 12.2801 2
0 0 -5.5551 5
4 3 86.3262 1
2 5 46.2595 1
3 0 27.7052 5
3 1 83.1422 3
1 3 52.5295 3
4 5 76.7823 0
1 2 30.2378 2
5 2 75.3684 1
5 4 80.8306 3
2 1 46.1593 5
1 0 65.8278 4
5 1 31.1885 5
5 0 27.3953 5
0 4 76.0614 4
3 5 0.6465 4
3 5 80.2667 4
4 3 15.321 4
5 0 78.3993 0
4 2 36.9278 3
4 5 34.3977 2
0 0 76.0584 3
0 1 85.1598 3
4 1 25.2779 5
5 4 38.4712 0
5 3 35.968 0
4 1 91.3298 0
0 5 -4.8027 3
4 2 97.8405 1
2 0 33.8194 5
5 4 78.2716 1
2 3 45.146 5
3 1 41.9706 2
1 5 59.477 1
1 0 -0.9231 3
1 4 74.6675 3
2 5 40.0125 2
3 5 19.3771 1
3 3 94.7646 1
0 5 -5.3958 5
0 1 -4.8354 0
2 0 49.9842 4
4 2 85.4464 3
5 4 19.4208 0
2 4 67.5175 3
2 1 15.4239 0
1 0 58.0919 4
2 1 49.5167 1
1 5 90.256 0
1 5 70.3649 0
5 3 89.8844 1
4 4 85.8732 4
4 3 -2.7031 5
4 2 77.9338 0
5 5 83.48 1
2 1 55.9237 0
3 4 41.6688 1
0 1 87.8319 2
1 5 14.2475 2
4 0 84.7384 2
4 1 65.0551 1
2 3 37.8934 2
2 3 13.7672 2
5 4 29.718 5
3 5 82.4923 0
0 0 64.4719 2
1 4 67.0867 0
1 4 -8.5718 5
4 0 26.5456 5
0 3 68.626 2
0 0 -1.2472 2
1 1 4.525 1
3 4 69.818 0
5 0 32.9812 4
3 2 34.5283 4
5 5 29.7938 3
1 2 61.355 5
5 5 91.5962 2
5 1 17.3242 0
4 1 81.4243 2
0 2 84.1544 0
5 0 54.4363 5
5 0 22.3244 4
4 5 37.2527 5
0 5 71.8409 4
0 4 42.7475 4
3 5 34.1035 1
2 0 1.737 5
4 5 -9.5982 0
4 0 55.9041 3
4 5 8.3035 0
4 4 -0.3117 2
0 5 54.7295 1
0 0 63.1133 5
3 2 54.0349 5
4 5 -9.3209 0
4 2 -1.875 0
3 2 -9.3004 2
0 2 5.7491 5
1 0 32.5316 4
4 4 66.6129 5
1 2 65.2563 3
2 4 36.5643 3
4 5 50.4093 2
2 1 23.0154 2
3 0 91.3809 5
2 2 13.2863 0
0 3 46.492 5
2 5 68.5753 5
2 5 10.0258 0
2 5 95.4958 1
5 5 20.0897 5
5 2 -2.1163 1
4 4 3.1162 0
0 5 0.3924 0
2 3 49.2242 4
4 5 -0.5048 1
4 4 49.047 2
5 0 -8.1208 5
0 2 90.6955 1
2 1 -7.1735 3
0 1 81.2669 0
0 2 3.4684 1
0 3 68.3556 5
3 0 -3.0559 4
2 4 68.0677 5
0 5 54.5546 5
2 5 11.7522 4
0 3 88.788 5
5 1 79.7756 1
3 0 15.7195 0
3 4 -5.4615 2
5 4 33.8392 0
3 2 68.2219 4
4 2 93.2532 0
5 1 3.6739 1
5 5 57.3527 2
0 0 0.3103 2
0 0 91.913 2
5 2 25.7342 2
5 4 0.1509 2
5 2 73.9917 5
5 4 23.7874 3
0 0 42.6755 2
3 2 80.8445 0
3 3 4.6322 5
3 0 83.4896 3
3 2 17.5987 0
1 2 26.2956 3
0 2 92.3911 1
3 2 16.1842 0
1 0 73.3694 5
4 0 99.2312 1
4 2 49.6363 4
0 2 23.1877 4
0 2 18.6404 2
3 0 92.4025 4
0 2 71.2753 5
0 0 24.5705 0
0 3 97.2211 4
0 1 60.6962 0
3 3 80.1595 1
1 2 84.6331 4
5 1 84.7259 5
5 0 10.6643 0
5 5 11.5827 5
1 3 -0.2574 5
0 1 32.5229 3
4 0 29.09 1
5 3 91.171 0
5 4 62.257 0
0 0 90.1175 5
1 1 73.2988 1
1 4 24.9494 2
4 0 59.2747 4
4 0 39.3154 2
3 4 71.1654 0
1 0 41.2275 4
4 3 60.4285 4
0 2 31.0225 1
0 2 17.3149 0
2 4 -9.8875 5
2 2 -0.2422 0
4 1 95.1807 0
5 0 97.8674 4
1 2 97.7321 3
0 3 46.3365 4
4 0 77.5654 1
0 4 39.7546 1
3 3 85.3448 2
0 1 92.5799 5
2 3 91.4562 0
1 2 56.285 1
2 2 56.1914 5
4 2 99.4874 4
1 3 92.4577 1
0 5 -7.7481 4
1 5 42.6934 0
3 0 96.1395 2
3 3 -6.7784 4
2 1 64.4353 3
1 3 22.3648 4
3 3 -8.3435 2
5 1 48.5934 1
3 3 91.0956 2
1 3 14.6542 2
0 1 47.775 4
2 3 14.5829 4
0 2 56.6417 3
3 3 19.1816 1
0 3 95.504 3
3 0 66.6036 1
3 0 31.237 1
4 5 86.7071 5
2 2 15.7535 2
2 2 73.6855 3
4 3 12.3331 2
5 5 20.7674 4
5 2 -8.5963 2
4 1 27.9932 3
0 2 19.4492 2
4 0 42.297 0
5 1 68.8281 2
2 2 53.4251 1
2 0 92.779 3
0 5 23.3581 4
3 1 96.077 4
2 4 -6.7843 2
2 2 14.0028 5
2 5 29.5017 4
2 3 47.1695 4
0 4 42.6538 0
0 2 63.5346 0
3 3 76.4873 0
0 0 63.3718 5
1 5 80.4662 1
2 4 43.4396 4
0 0 82.322 2
0 4 56.1847 2
1 3 39.5309 2
2 2 74.3231 4
3 0 69.1916 5
4 5 71.0097 0
3 4 87.7822 5
0 2 26.5729 5
1 5 17.3247 3
2 5 5.8094 4
2 2 88.216 1
4 2 96.0402 0
5 1 65.5289 5
3 4 2.9558 0
5 0 25.5761 4
4 0 47.6253 1
3 5 42.8792 2
4 5 63.8867 2
1 3 46.0581 4
5 2 32.7977 0
3 4 17.2864 4
3 1 -6.9827 4
0 4 62.097 5
2 1 -7.3107 1
1 4 11.6479 2
0 1 38.0478 0
2 1 2.6968 1
5 1 87.9446 3
0 1 8.4969 2
0 2 63.5463 5
4 0 59.4952 5
4 5 14.4915 2
5 4 -8.4439 4
2 3 44.4417 4
5 3 27.4062 1
0 4 84.0622 4
0 0 97.0024 0
1 1 22.1133 3
1 0 98.7858 1
3 3 64.3804 5
3 2 48.6761 4
0 1 31.5032 3
0 4 36.6993 3
1 5 93.5122 5
1 5 86.4915 5
5 4 75.769 2
1 1 -0.0463 1
1 4 5.8145 0
2 1 90.8122 3
3 1 74.3627 5
2 5 96.4307 5
0 0 22.2926 2
5 0 9.0971 1
0 0 34.452 3
2 4 78.4934 5
5 4 54.3517 4
4 0 53.9982 1
4 2 67.853 1
1 0 11.9843 0
1 0 75.2332 5
3 5 17.5053 3
2 1 41.6702 2
2 0 41.7488 2
5 5 7.8145 4
3 3 15.8541 3
4 1 62.6702 0
3 5 41.2266 5
1 2 62.3585 1
4 5 21.3498 4
0 3 58.0969 1
1 4 -0.8759 0
4 2 51.9841 5
2 1 88.3379 0
0 5 67.2142 3
1 3 82.0972 2
5 3 97.6708 1
2 0 52.8948 4
5 0 41.9823 2
0 2 32.9394 3
1 5 92.6037 5
4 0 96.1284 5
5 4 50.0876 4
3 3 90.1638 1
5 0 7.3894 2
2 3 56.0651 5
4 3 54.2235 3
2 3 72.9608 5
4 3 38.4474 4
4 4 17.8917 5
3 0 29.576 2
4 0 71.8705 3
0 1 44.119 4
5 2 12.7765 5
0 0 54.8022 5
4 1 54.3478 5
5 3 28.8788 1
0 0 96.0855 5
3 3 98.1039 1
3 2 94.0347 5
2 5 92.4366 0
3 5 20.482 5
5 2 1.7607 3
4 3 76.5725 2
3 0 78.1579 5
0 1 79.1124 5
3 3 32.8645 1
2 3 80.4876 0
4 1 76.6207 1
1 1 30.5212 4
4 2 99.1512 0
0 3 72.0573 5
1 1 76.9811 2
4 3 5.2642 5
5 4 58.5993 5
3 1 26.0778 3
1 1 16.3941 2
0 4 35.9617 5
2 0 90.9783 2
3 0 31.5933 4
3 3 -9.7552 2
3 4 72.1266 5
2 0 21.601 3
1 4 3.1747 2
5 3 28.4377 2
1 0 46.9958 5
1 0 72.3553 1
5 1 39.3298 4
2 0 63.4125 3
5 4 17.1052 0
1 4 50.5873 2
4 4 53.1613 0
5 4 82.2902 2
1 2 90.7124 5
0 5 61.8909 5
4 3 27.5951 1
0 1 71.4644 5
3 2 15.445 0
5 5 77.8817 0
5 0 92.0677 5
4 4 -5.4504 3
5 3 96.9888 2
2 4 94.1754 4
3 5 61.5446 1
3 4 45.2114 4
3 3 19.0374 1
0 4 21.346 3
4 3 31.7033 2
3 1 99.7051 0
5 0 46.4891 3
5 2 10.5414 5
2 3 5.3263 4
5 1 64.6494 5
3 0 17.8027 4
5 4 12.848 0
5 3 -4.4275 2
5 3 2.7506 3
5 4 23.4806 4
0 3 64.649 1
1 2 86.4728 2
5 0 98.4035 4
2 2 34.2202 1
1 5 75.8348 3
5 1 12.1955 1
3 1 16.6987 4
0 2 59.4642 4
1 3 61.3733 0
4 0 2.8974 0
5 2 53.2435 3
0 5 71.3339 0
1 5 65.5376 2
1 0 -8.084 1
1 1 77.803 5
3 0 24.3713 0
2 1 6.4749 1
4 2 15.6609 5
2 5 0.0181 4
5 1 40.775 0
1 3 17.0523 5
4 1 21.4532 0
5 1 -2.4906 4
3 0 2.0163 2
1 2 99.5439 5
3 1 99.3861 2
0 5 73.7338 4
2 1 48.7134 3
5 5 89.3305 5
0 4 10.0615 2
0 4 64.1005 1
3 5 12.9148 3
3 3 65.2473 5
3 4 53.8851 4
1 3 41.132 0
5 4 26.6092 5
4 4 -1.8089 1
2 0 64.5919 1
1 1 12.3441 5
3 5 29.491 0
4 5 54.8807 4
0 5 23.3154 2
4 2 49.7123 4
2 1 -7.4922 5
4 0 84.5514 3
4 3 29.0231 5
5 2 16.0256 3
0 2 87.569 2
0 3 7.6545 5
1 0 24.8368 3
2 4 21.7869 1
5 1 42.7072 0
1 2 92.7325 5
5 1 45.309 2
5 1 66.3422 4
2 3 28.6531 0
3 1 65.7288 5
3 0 47.7843 1
0 0 80.8125 1
0 1 15.4863 5
4 3 64.663 0
4 1 -6.1667 3
5 4 78.674 0
4 0 86.0824 2
4 3 -3.5069 0
4 2 8.1667 1
0 4 8.0968 5
0 2 20.7502 1
3 2 48.5012 0
5 1 73.7777 2
5 0 95.8928 2
3 3 -5.4243 5
2 0 70.9269 2
2 2 86.8025 1
3 1 90.7034 3
4 0 60.2238 1
3 4 46.1284 5
5 1 -9.6083 0
2 4 4.8931 3
5 0 99.2318 5
1 4 58.2699 5
0 2 55.4914 2
1 2 -5.2181 3
3 1 93.5544 2
1 4 1.8848 3
5 2 80.7097 4
0 5 20.7099 4
4 2 45.4962 5
2 4 49.0523 1
4 2 96.5199 3
0 5 25.8815 1
4 5 83.2056 3
5 1 94.335 5
5 1 78.736 2
1 1 16.0985 5
2 4 6.9885 5
3 1 9.0357 1
5 5 50.4142 4
3 0 -8.577 1
3 5 26.0432 3
5 5 97.9369 2
0 2 17.1948 2
