3 1 51 2
2 2 78 0
3 2 30 3
3 2 97 2
5 0 88 5
0 5 9 0
3 1 4 3
2 2 71 2
3 2 58 5
5 1 76 4
2 3 35 1
1 0 50 3
0 4 32 2
0 3 10 3
2 5 -3 1
0 4 29 2
0 3 19 3
1 1 -2 3
0 5 24 3
5 3 -7 2
5 1 69 1
4 3 94 0
0 5 13 1
0 4 -7 3
1 5 13 4
3 3 25 0
2 1 10 1
3 3 6 1
4 2 0 4
5 1 6 0
1 1 45 0
3 2 38 3
3 5 92 4
3 5 97 0
0 1 85 5
2 3 12 1
5 5 53 0
0 3 28 3
2 5 49 3
5 2 93 4
2 5 49 5
1 5 28 1
5 4 92 1
2 4 36 0
1 4 89 1
3 5 20 3
0 4 64 2
0 4 32 3
2 1 13 5
3 1 21 4
0 3 40 1
5 4 -5 0
4 4 47 4
2 1 40 1
0 2 55 4
2 1 58 2
3 0 81 2
1 2 80 4
2 3 57 4
4 5 13 1
0 4 -6 2
1 1 3 4
4 3 72 2
1 4 98 4
5 3 -2 0
3 2 27 1
3 0 22 0
1 1 14 0
0 5 30 1
4 1 62 3
0 4 76 1
0 0 52 1
1 5 5 4
3 4 -6 0
1 0 17 4
0 5 17 1
0 0 48 1
4 4 60 0
0 0 -9 0
4 1 88 5
5 1 26 3
5 2 93 5
2 4 81 5
0 1 80 3
3 5 14 2
0 1 89 1
4 5 35 1
2 4 29 3
0 3 66 0
3 2 59 1
5 2 84 2
0 2 -3 4
2 1 21 1
4 2 48 1
1 0 53 3
3 4 70 5
1 5 2 0
0 4 87 2
2 0 54 2
3 3 96 4
3 2 34 4
1 5 64 0
0 4 90 1
3 3 40 3
3 4 43 1
3 5 60 0
0 1 80 3
4 2 31 1
4 0 -8 0
3 0 87 0
0 1 -1 0
1 1 58 3
0 0 22 1
3 1 35 4
1 2 18 4
0 1 38 4
1 5 33 3
1 0 79 2
4 5 62 0
0 5 98 1
0 0 31 3
1 0 97 3
2 5 97 4
5 5 67 2
2 3 93 1
0 0 -8 3
4 1 58 2
3 3 39 3
1 1 16 5
1 5 99 1
2 2 26 3
4 0 59 3
5 5 43 3
4 3 58 5
1 5 51 1
2 3 60 1
3 4 24 0
1 5 71 3
4 0 63 3
5 1 23 4
4 4 -3 2
2 4 49 2
1 4 94 1
4 4 42 4
3 0 42 0
2 1 85 1
2 3 96 0
2 0 82 4
2 3 -10 4
3 2 45 4
5 1 82 2
0 1 87 5
2 1 70 1
5 3 41 3
3 3 -7 0
5 0 79 1
1 4 -9 4
5 5 80 0
2 0 15 3
1 3 88 5
1 3 29 1
3 5 99 0
2 0 3 2
1 5 34 0
1 2 34 4
2 0 2 3
2 0 98 1
4 5 93 0
0 0 78 0
3 1 34 3
4 3 78 0
5 1 15 3
1 2 35 2
0 5 70 1
1 1 -3 1
2 3 94 1
0 2 78 0
3 1 93 1
3 5 83 2
3 4 -6 3
5 5 72 4
1 0 59 1
2 2 28 3
1 5 52 2
3 0 28 5
0 1 43 5
5 5 80 2
0 4 21 4
3 5 68 3
3 1 38 1
2 2 -3 1
2 2 55 0
1 1 55 0
2 1 63 5
4 4 68 4
3 5 84 4
4 5 61 5
3 4 16 2
5 1 56 2
4 0 49 1
0 0 -2 1
1 3 24 3
0 4 -8 3
3 3 53 4
4 2 40 2
0 5 4 1
3 3 90 5
0 3 43 1
5 4 -1 3
1 0 15 2
3 2 80 0
0 0 61 0
2 4 24 0
5 0 96 5
4 3 49 3
2 0 41 4
5 5 31 3
5 3 68 0
5 3 43 4
2 4 56 5
4 1 23 1
1 2 63 1
3 0 16 0
0 4 83 3
0 0 66 1
2 5 -6 0
2 2 49 2
5 5 85 5
1 5 87 1
4 2 -3 4
1 4 53 5
3 0 92 1
3 0 4 0
1 2 -9 3
2 3 86 2
2 4 -4 2
5 5 59 5
3 5 7 5
4 1 25 0
1 3 3 4
5 5 -1 5
0 0 97 1
3 2 75 0
0 2 85 3
0 4 59 3
2 5 11 2
5 4 0 5
2 4 88 1
1 5 50 5
2 4 87 1
1 4 13 4
5 5 60 3
2 2 81 5
5 2 43 4
2 4 15 3
2 4 84 3
3 3 53 5
2 5 96 0
3 5 37 2
0 2 20 1
4 5 32 2
2 1 1 5
0 4 39 3
3 4 79 5
4 0 11 0
1 5 98 4
2 3 10 5
3 0 61 4
3 3 78 1
3 4 96 5
2 0 1 5
4 5 34 5
0 1 52 0
4 2 20 0
2 2 52 5
1 4 65 1
5 4 31 4
2 2 55 4
4 5 4 4
1 0 15 5
0 5 -8 3
4 2 87 4
4 1 24 2
5 3 99 2
5 5 27 1
1 1 73 1
1 0 75 0
1 4 65 0
1 4 61 5
4 1 13 0
2 2 84 2
2 1 -8 2
2 4 45 2
4 0 50 2
4 3 90 4
2 4 73 4
2 1 63 0
1 0 79 5
2 5 34 5
1 4 69 0
3 3 77 5
1 4 0 1
4 0 48 0
4 2 73 1
2 0 79 1
1 4 10 0
4 2 6 5
2 0 84 3
1 2 6 1
2 0 98 4
5 1 25 4
3 4 76 4
2 5 24 5
0 5 26 1
3 4 75 2
5 0 96 1
1 3 -2 3
1 3 39 3
4 5 67 2
0 0 86 3
2 3 31 2
5 4 90 0
1 0 78 5
3 1 -10 4
1 3 55 1
0 5 54 3
5 0 -7 1
2 3 26 5
1 1 32 2
2 4 55 0
3 4 48 2
5 2 91 3
0 5 90 0
1 5 67 1
1 1 71 0
0 3 3 3
5 5 72 2
1 3 31 3
5 5 85 0
4 1 14 3
5 2 84 4
1 5 9 5
3 2 0 0
0 3 59 2
4 4 86 0
2 3 81 3
5 4 46 4
3 2 58 3
3 4 83 0
0 0 -9 0
1 2 72 1
3 5 66 4
1 5 43 0
4 5 84 1
5 1 19 5
1 0 93 1
0 1 6 3
0 0 62 2
1 0 86 5
0 4 85 3
2 3 -7 5
2 5 83 2
3 5 54 5
1 0 94 2
5 1 40 4
4 3 91 4
3 3 82 3
4 5 45 3
0 1 15 2
2 5 39 2
3 0 5 0
0 0 23 5
3 5 90 0
4 5 -10 3
1 0 99 0
4 5 72 5
2 5 35 3
3 3 16 0
1 0 60 4
5 3 64 2
4 1 24 3
2 3 -6 4
0 5 -9 0
3 1 -7 5
1 5 45 5
5 2 46 3
1 5 -3 3
0 1 87 4
3 3 22 1
3 5 44 2
1 4 47 3
5 5 -7 4
1 4 60 1
4 2 10 2
2 0 2 4
0 4 14 3
0 1 32 0
1 0 100 0
1 3 90 1
3 3 78 5
5 3 9 1
5 1 79 4
0 3 63 5
4 2 26 1
3 5 8 5
5 5 -2 0
1 0 51 5
4 4 64 0
1 1 47 4
3 3 28 4
0 4 -9 4
0 1 -3 0
4 5 73 4
2 0 36 0
2 0 9 5
5 3 80 5
2 2 13 2
5 4 19 3
2 3 92 1
0 3 0 4
5 2 78 1
1 5 71 0
1 2 81 0
4 5 -3 0
1 2 99 0
0 3 -6 0
2 1 95 2
2 1 -8 1
5 4 11 4
5 2 28 5
1 4 15 4
3 1 67 0
2 5 6 5
1 1 41 0
0 2 -9 4
0 3 61 5
4 3 62 5
4 5 76 5
4 3 83 1
1 4 14 1
5 0 96 2
2 3 42 4
5 2 22 4
0 2 14 3
4 4 4 0
4 4 91 3
4 1 75 1
3 0 94 2
0 4 65 1
5 2 96 4
1 5 51 3
0 3 92 1
2 0 31 5
4 1 -8 1
0 4 42 0
3 0 72 2
3 1 100 2
2 2 15 1
0 5 52 0
3 0 46 3
2 0 35 0
5 5 84 1
1 2 21 3
3 2 40 0
0 4 15 5
0 1 98 4
3 0 54 3
4 2 43 3
5 1 52 4
1 4 5 0
0 3 41 4
3 2 15 5
5 0 30 2
4 5 26 2
0 4 55 2
1 2 84 3
5 3 90 0
3 3 44 3
4 5 98 5
4 4 52 0
2 0 27 3
0 0 97 0
4 0 5 4
0 3 74 1
4 3 53 3
1 0 62 4
3 4 43 0
1 5 39 3
3 0 -6 2
3 0 68 4
2 3 44 1
0 0 87 4
5 4 99 3
1 5 72 5
2 2 0 4
0 0 4 3
3 2 8 3
2 0 95 3
3 2 46 1
5 1 33 1
0 2 -3 1
4 1 46 1
2 3 87 2
4 3 40 1
3 2 70 2
5 2 91 5
1 3 1 2
3 5 30 5
4 5 1 0
5 2 90 3
3 4 60 4
2 3 91 1
2 3 14 5
2 0 -2 1
3 0 64 5
5 5 -2 3
5 4 29 4
1 3 23 0
5 0 -2 3
3 1 67 4
2 0 22 4
1 4 7 5
3 4 91 3
3 0 60 0
0 1 33 0
3 2 58 2
5 5 47 5
3 3 28 4
1 1 90 2
2 3 9 4
2 5 61 0
0 5 5 1
2 1 31 4
2 2 22 0
4 1 83 3
4 1 -1 4
4 4 95 4
5 4 35 0
0 4 32 2
2 1 73 2
3 2 26 3
0 0 58 0
3 1 -2 2
4 5 13 0
3 0 95 1
0 1 86 4
2 3 77 5
1 3 95 4
1 5 58 2
3 4 85 1
0 1 25 4
0 4 69 5
2 1 -6 2
2 3 99 3
0 3 12 1
5 4 17 4
4 1 25 0
4 1 57 1
1 0 45 1
3 5 -1 0
3 0 81 2
5 2 35 2
2 5 83 3
5 2 99 0
3 3 98 5
1 4 34 4
3 4 75 5
4 0 4 4
3 3 11 4
5 3 23 1
2 1 96 5
4 3 51 2
5 2 51 2
5 0 8 2
1 2 43 2
1 2 24 2
3 3 9 2
5 2 20 0
2 1 14 3
4 1 19 3
4 0 95 3
3 3 7 2
0 5 27 1
2 5 74 5
2 5 82 1
0 5 80 3
4 1 4 0
4 1 26 2
4 4 1 2
3 3 11 1
1 0 59 2
5 5 56 0
4 3 91 4
4 0 96 0
0 3 73 0
3 5 15 5
1 0 93 5
1 1 42 0
1 4 77 3
3 5 84 3
1 1 74 1
2 5 78 1
4 3 11 5
0 5 49 5
1 0 53 3
3 1 9 1
3 0 15 2
1 4 6 4
2 3 35 2
3 4 49 3
5 4 94 1
5 4 67 3
1 1 84 1
5 5 62 3
2 2 -6 3
2 1 42 4
4 1 13 1
0 4 98 5
0 0 59 2
1 5 71 0
4 0 95 4
4 4 -3 3
3 3 14 4
5 0 93 5
0 4 83 5
0 1 3 1
2 0 69 2
1 5 27 2
4 4 9 1
5 3 46 0
4 1 53 0
4 2 46 4
2 1 10 0
2 0 91 4
4 3 2 2
4 0 51 1
0 3 75 3
2 4 93 4
1 5 18 3
2 3 47 5
0 5 54 5
2 2 -3 5
5 2 4 1
5 2 73 4
1 3 34 2
5 2 7 1
0 3 58 1
5 2 4 2
3 3 5 1
0 2 63 5
4 1 10 1
0 5 36 5
0 5 12 2
5 1 73 3
3 3 60 3
2 1 -3 5
1 0 64 0
1 4 72 0
2 0 58 5
2 1 32 0
5 2 40 4
2 3 40 2
1 4 31 1
0 3 69 5
5 4 5 2
0 1 -1 1
4 4 93 2
4 0 91 2
3 2 45 0
1 5 4 3
2 3 94 0
3 4 87 3
0 3 33 0
4 3 58 0
4 5 82 5
1 0 40 0
3 5 12 0
0 3 39 1
3 2 80 3
4 0 8 3
3 0 93 1
3 1 33 1
2 2 40 1
0 4 86 0
5 3 4 3
3 3 -1 2
3 1 84 5
1 1 2 1
1 5 12 4
3 5 12 4
0 1 42 0
5 4 8 0
3 0 1 3
3 0 7 0
2 5 82 2
0 4 67 1
0 3 22 3
0 2 20 3
1 4 40 0
0 2 60 4
3 5 -2 0
3 5 10 5
3 2 29 4
0 2 25 2
2 4 14 5
2 3 53 0
5 2 53 2
1 4 2 0
2 3 38 3
2 2 13 0
2 1 40 5
0 1 34 2
2 5 -7 1
4 1 0 4
4 1 87 4
5 0 97 5
1 2 48 2
1 5 26 1
3 3 -3 5
5 1 44 5
5 1 38 4
2 2 42 3
2 2 3 3
2 1 55 1
4 4 31 1
5 0 -1 0
1 5 30 0
0 3 25 4
2 3 86 0
1 0 85 4
0 4 43 5
4 1 36 0
1 3 73 0
4 3 2 2
5 4 77 4
4 4 30 5
2 4 19 2
0 2 93 3
0 5 93 1
0 4 52 5
2 1 66 3
1 3 95 0
3 3 43 2
4 4 98 4
3 5 68 5
4 5 56 3
5 2 65 1
5 0 63 1
4 2 76 5
1 2 91 3
4 1 34 2
3 5 -2 2
3 2 90 5
5 5 11 1
4 2 58 3
2 3 75 1
1 2 80 5
3 4 7 0
3 1 21 5
2 3 31 0
2 3 57 5
3 4 69 4
1 4 4 0
5 2 56 5
3 4 -6 5
2 5 -10 2
3 3 86 4
2 1 8 5
3 4 76 1
1 0 69 3
2 1 64 3
0 4 -6 0
4 3 94 1
1 2 61 3
5 2 31 4
0 0 1 5
3 4 89 1
4 2 62 2
5 4 76 0
4 4 60 5
1 2 12 3
5 1 67 5
5 1 34 0
1 2 73 0
0 5 84 1
4 2 73 4
3 1 47 4
1 5 50 1
4 5 74 0
1 0 -1 4
1 0 35 5
0 0 81 3
1 0 61 0
4 4 -2 1
2 2 92 0
0 3 66 3
0 0 75 3
4 4 8 2
3 4 -4 2
4 0 50 5
1 5 77 0
3 4 73 2
2 2 9 2
4 3 -4 0
2 4 2 2
4 0 95 2
4 1 55 0
5 5 50 1
5 2 60 4
3 0 -3 0
5 2 31 1
4 5 19 0
3 1 -6 2
3 2 30 5
4 5 39 5
3 0 99 5
3 0 66 0
1 1 34 0
1 5 -5 3
3 4 24 0
1 4 84 2
5 4 84 4
0 1 61 0
1 5 94 4
2 2 56 1
1 3 73 4
4 5 -10 3
5 2 67 3
4 0 87 0
5 1 95 0
2 0 12 2
1 4 86 2
0 4 6 5
5 1 76 0
4 1 51 4
3 4 32 3
1 1 19 2
3 2 66 0
4 4 99 0
3 5 88 0
1 1 84 1
2 3 50 5
4 5 -9 0
2 4 2 4
5 4 -1 0
0 5 42 5
2 5 96 0
4 5 38 0
4 5 45 1
2 5 -2 0
0 1 25 5
4 3 91 4
1 3 71 3
5 4 93 2
2 2 85 1
3 1 32 2
4 4 4 1
2 1 72 4
4 5 63 5
2 4 28 2
3 1 40 0
3 0 84 5
0 5 65 4
4 2 -8 3
5 0 26 4
5 3 -9 0
2 1 22 3
3 5 1 3
3 0 50 2
5 1 49 5
5 3 78 0
3 2 -6 4
3 4 29 2
1 1 75 1
3 4 33 3
0 1 -8 4
4 3 47 3
1 4 41 5
2 0 86 3
2 0 94 5
0 2 85 1
5 0 61 2
1 0 100 3
5 0 88 0
0 5 60 0
1 3 58 1
5 1 52 4
3 0 22 4
3 2 84 1
4 4 36 1
2 3 46 1
0 4 36 4
5 0 30 0
4 2 64 0
0 0 -4 4
1 3 84 3
2 2 45 4
0 2 35 5
1 4 99 2
5 1 52 0
2 4 82 0
4 5 -5 1
4 0 61 4
0 0 48 5
3 4 22 5
5 2 38 0
2 4 24 0
0 2 21 5
3 1 86 3
5 0 80 1
1 1 53 4
5 3 54 3
3 5 84 4
4 1 68 4
3 3 87 5
3 4 3 0
1 3 -6 0
0 0 53 5
2 3 93 2
3 0 74 5
4 5 34 3
1 1 72 0
4 4 59 0
3 1 -4 2
2 1 10 1
4 3 78 4
4 1 -6 4
1 1 30 5
2 0 54 3
3 3 91 1
2 1 64 1
4 4 68 3
4 4 13 4
5 4 41 1
0 4 -5 5
4 4 43 2
1 4 57 0
2 4 78 3
4 5 -10 5
0 4 -1 5
4 1 33 2
2 4 71 2
4 1 -2 4
3 0 90 4
4 2 40 4
2 4 97 1
4 2 80 1
4 1 38 5
5 1 69 0
0 3 89 2
3 3 7 2
3 1 96 1
4 5 100 5
1 4 80 5
3 1 -4 4
3 5 4 0
0 3 80 1
2 2 25 5
2 4 8 1
2 2 28 4
2 4 8 1
5 2 73 0
2 3 26 5
3 2 16 5
1 4 0 3
5 5 82 3
3 5 -10 4
4 3 -7 2
5 2 84 1
0 1 91 1
0 5 35 2
2 1 85 4
4 5 -3 0
3 5 12 1
2 0 74 5
0 1 56 3
4 1 12 3
1 5 -6 4
3 1 23 3
4 5 22 5
0 0 37 0
3 5 79 0
3 1 17 4
1 5 -3 2
0 0 20 5
2 4 15 3
4 2 17 4
0 2 23 2
3 3 68 5
0 0 64 3
4 0 67 4
4 4 72 1
5 2 48 0
5 0 90 1
2 3 20 1
1 5 15 4
0 1 53 4
1 1 62 3
3 0 12 0
1 1 8 5
