1 3 28 1
1 1 70 3
1 0 29 1
0 5 44 2
1 3 43 5
2 4 80 3
0 2 76 3
0 5 90 2
5 5 98 5
0 0 40 5
0 1 10 2
2 1 99 2
3 2 9 0
4 5 67 2
0 1 25 5
2 2 92 0
4 5 60 4
4 4 59 4
5 4 90 0
3 0 62 0
0 5 71 1
3 5 38 1
1 2 79 5
4 4 13 5
1 3 0 0
2 4 6 4
0 1 80 5
3 5 12 1
2 3 19 5
1 1 92 2
2 1 10 0
4 2 45 0
5 0 67 5
5 5 24 5
2 2 31 4
2 2 46 2
2 1 89 2
5 2 72 1
5 1 48 5
3 4 84 4
2 4 86 4
3 5 40 4
0 3 69 3
1 5 44 3
3 4 24 0
1 0 38 2
1 1 21 5
3 4 70 2
3 1 90 2
3 2 27 0
1 5 61 3
1 2 26 5
3 3 95 5
4 0 86 4
4 4 14 1
0 2 66 5
2 1 36 4
0 4 -4 2
0 0 27 3
4 2 11 3
5 1 25 5
2 3 70 4
2 5 39 3
2 2 90 1
0 3 71 4
2 0 42 5
5 1 94 1
3 0 14 4
3 5 48 1
2 5 14 3
1 1 96 1
5 0 31 4
2 4 34 2
2 5 35 3
0 2 87 2
5 2 97 5
3 0 -6 4
1 4 4 4
4 4 37 5
3 3 42 3
2 2 85 4
0 1 71 3
4 0 18 4
4 2 41 1
5 2 58 5
5 5 8 5
1 1 6 2
1 0 26 2
2 5 29 2
4 5 -2 2
2 2 18 5
1 2 46 5
4 4 28 5
5 0 78 5
1 3 56 1
1 3 -1 3
3 5 -7 2
5 4 42 5
4 1 9 5
4 4 -7 1
0 1 42 1
3 0 55 2
1 4 45 1
3 3 46 3
0 4 15 5
1 2 19 4
3 0 10 1
5 2 58 4
3 0 19 2
1 3 44 2
1 4 54 3
1 0 84 2
1 4 8 0
1 2 93 4
0 1 13 0
4 2 90 1
0 5 8 1
2 2 62 2
3 4 100 0
2 5 34 2
0 2 -6 1
3 5 73 5
2 1 57 3
4 1 -5 4
1 2 92 2
1 1 -10 3
5 3 10 1
3 4 88 0
5 0 87 4
4 5 19 5
2 3 33 3
4 4 41 3
0 2 52 1
4 5 18 2
0 1 19 5
4 3 55 5
3 4 -8 1
3 5 9 5
1 3 26 2
2 1 38 4
1 0 6 4
5 1 10 5
2 1 29 0
3 2 32 5
3 4 97 5
0 4 23 1
2 1 47 5
0 3 9 3
3 3 82 3
4 4 91 5
3 0 92 0
1 5 82 0
4 1 37 1
4 3 23 4
4 2 6 1
5 0 87 3
1 4 58 3
2 4 68 1
3 5 52 3
5 1 82 2
3 3 1 4
4 1 5 1
1 4 16 4
5 5 59 3
4 3 31 1
2 5 8 5
2 2 42 2
1 0 16 5
4 1 72 2
2 1 81 0
5 2 15 1
2 0 73 3
3 2 55 1
4 0 -3 1
4 4 20 2
1 5 90 2
2 5 99 2
2 4 42 0
1 0 84 4
3 2 53 4
4 1 90 5
4 2 94 3
5 0 -4 3
5 1 34 1
3 4 6 5
2 3 64 5
4 4 -5 4
0 3 74 2
4 4 3 2
0 5 88 0
2 5 41 3
3 4 9 1
5 2 60 5
4 2 1 2
2 3 80 0
0 2 73 5
5 1 25 0
4 4 98 0
2 2 4 5
5 1 65 5
4 2 47 0
4 3 58 2
1 5 24 2
0 0 61 3
0 2 4 4
4 5 94 1
5 2 40 4
1 4 83 4
3 2 96 3
2 5 4 3
5 3 2 4
1 1 68 2
5 5 30 0
5 3 45 0
2 4 84 2
4 4 0 3
0 2 51 1
2 2 99 2
2 5 89 0
2 0 5 3
0 4 28 5
4 5 90 4
4 0 21 3
5 4 100 0
4 3 37 1
5 2 7 4
5 4 10 1
4 0 89 4
2 2 67 1
0 0 58 1
3 2 -3 5
3 1 18 3
2 0 50 4
0 1 97 4
2 4 43 1
2 0 42 3
2 2 0 0
0 3 95 0
0 3 75 5
4 3 83 3
4 5 17 4
1 0 30 3
2 1 24 5
2 2 89 4
1 5 99 5
0 5 81 1
1 0 56 2
1 0 55 4
4 0 53 0
0 2 92 5
3 1 76 0
1 0 46 2
4 1 64 0
1 4 -9 4
4 0 27 4
1 4 60 3
2 1 10 3
4 1 50 1
5 0 35 4
2 5 17 1
3 5 5 1
1 3 31 0
1 5 10 0
1 1 8 5
2 5 57 4
1 5 -7 4
3 0 89 4
3 2 92 5
1 1 51 3
2 0 71 0
5 5 8 4
2 1 30 3
1 3 30 2
0 0 36 0
4 2 35 0
1 2 95 2
2 2 17 0
0 5 90 5
3 1 -8 1
0 5 14 0
3 5 31 4
5 0 84 4
5 3 22 5
5 4 -1 5
1 1 79 1
4 1 23 3
4 0 97 0
3 4 18 4
4 1 87 5
2 3 48 5
2 2 54 0
2 2 -4 2
1 5 94 2
2 3 -5 5
3 1 66 5
5 4 88 4
3 2 83 3
2 3 68 4
5 5 70 1
0 1 25 1
0 0 38 4
1 2 96 2
0 2 73 1
0 5 11 1
5 3 -9 5
4 2 81 4
2 1 78 4
1 1 -7 5
5 5 2 2
4 5 97 5
3 2 43 1
2 1 62 3
2 5 22 3
2 1 21 1
2 0 34 4
4 2 89 1
1 5 -5 3
1 3 44 4
4 1 53 0
0 1 -6 2
4 1 66 3
5 0 -4 1
5 5 97 0
2 4 71 4
3 1 77 1
0 4 -6 5
3 2 60 4
3 4 89 4
2 3 67 3
1 5 55 2
0 0 55 1
3 3 -4 0
4 5 82 5
3 0 23 3
5 1 88 0
0 4 72 3
2 2 41 5
0 0 77 2
5 2 39 3
1 5 20 0
1 3 97 5
4 4 79 2
0 0 71 4
2 2 52 4
2 3 2 0
4 1 -1 5
5 4 47 2
3 1 -5 4
5 1 28 2
0 2 55 2
5 1 89 3
1 1 83 0
2 2 90 5
5 3 87 3
0 0 37 0
3 1 60 0
3 2 64 3
1 1 90 0
5 0 17 1
4 1 22 3
2 0 -9 4
5 5 22 2
5 3 95 2
1 2 27 2
2 5 48 0
5 5 59 3
0 1 49 5
0 4 38 1
3 3 53 2
1 5 6 3
0 0 42 3
2 5 48 1
4 5 12 5
4 3 7 2
2 0 76 0
3 2 28 3
2 0 6 2
3 1 96 0
0 5 85 0
0 3 16 1
5 3 19 4
5 0 92 0
1 4 33 1
4 2 47 2
5 5 81 1
1 4 0 5
4 3 71 3
0 2 10 3
2 0 47 4
4 4 64 1
4 3 17 5
0 0 74 1
4 1 71 0
5 3 80 1
4 4 23 2
3 3 26 0
2 4 42 4
4 2 24 1
0 4 15 1
1 5 69 2
2 4 44 2
4 0 93 5
4 0 71 0
0 4 68 3
2 2 25 5
5 3 1 3
2 3 47 3
4 5 97 4
3 3 80 1
5 5 33 4
0 0 3 3
2 5 14 0
5 4 56 0
4 5 83 0
3 3 10 0
3 5 18 0
4 2 9 1
3 0 97 5
0 1 -1 4
4 3 43 2
2 5 -6 2
0 4 46 5
2 2 10 1
3 1 10 5
4 2 81 1
4 0 20 0
0 3 60 3
4 4 38 0
3 1 66 2
4 1 19 1
0 4 10 5
4 0 94 2
4 3 60 1
1 5 20 0
0 3 66 1
4 5 29 0
5 3 65 0
0 1 43 1
0 5 74 4
3 2 27 3
3 1 17 0
3 4 51 0
5 2 51 2
1 4 78 2
3 5 48 0
4 3 70 0
5 0 -3 0
2 4 47 0
1 1 14 3
2 3 34 2
3 5 -9 3
5 2 28 5
4 0 24 5
1 0 51 0
0 4 41 1
1 5 58 1
1 5 52 1
0 5 34 4
0 1 92 1
3 2 66 4
4 5 6 5
3 5 26 4
5 4 20 1
5 5 3 5
5 0 35 5
4 2 14 5
4 3 40 4
5 2 55 4
1 4 13 2
0 5 94 4
4 0 78 0
0 0 99 0
2 3 39 1
0 1 5 4
4 2 93 3
1 2 11 3
1 3 -6 2
2 3 61 1
1 0 91 0
5 2 29 3
4 4 35 0
4 5 -5 5
4 2 15 5
2 0 82 0
2 4 25 5
5 4 13 3
5 2 83 1
5 5 66 0
2 4 72 2
0 4 98 2
1 1 94 1
3 2 27 1
3 0 89 0
3 3 0 4
1 4 57 4
0 0 33 2
3 1 3 0
0 5 34 0
3 3 17 4
2 2 75 0
0 0 21 5
3 5 49 5
0 1 91 3
3 5 4 4
2 3 85 2
3 1 23 3
2 1 2 1
1 3 23 2
5 0 95 0
0 3 23 0
2 3 48 4
3 3 35 2
2 0 69 3
5 0 25 0
3 5 56 4
5 2 77 0
0 5 22 1
3 3 68 1
0 5 0 5
1 1 49 4
2 1 10 4
0 1 88 3
3 0 29 1
4 0 84 3
3 5 74 3
3 0 40 4
3 1 67 5
1 0 66 1
2 3 51 3
5 5 57 3
2 2 67 3
3 2 45 1
2 1 78 1
1 1 89 3
4 2 5 2
4 5 5 3
1 3 90 4
4 0 -4 1
3 5 79 4
4 4 68 5
0 4 37 3
1 4 20 5
0 2 39 5
3 3 10 0
0 4 17 1
4 0 14 2
3 0 14 1
3 2 16 3
5 5 39 2
5 0 11 2
3 3 6 1
5 4 62 4
0 2 76 4
2 4 15 0
4 1 -7 4
0 2 91 4
4 5 90 5
4 5 56 0
4 4 42 1
3 2 19 1
1 1 68 5
0 5 8 4
5 0 8 2
2 2 82 3
1 0 94 2
2 1 45 5
2 3 33 4
0 2 78 3
5 5 34 5
2 5 58 4
2 0 97 3
2 4 64 1
4 3 47 2
5 5 38 0
0 0 30 1
3 2 87 2
5 4 32 5
4 2 -8 5
0 1 90 3
3 1 23 4
4 5 23 2
2 4 49 1
0 4 11 1
2 1 28 4
3 2 88 2
4 4 51 0
4 0 1 0
4 1 -1 1
1 4 79 2
2 0 31 5
0 5 19 5
4 3 6 0
0 4 25 5
3 1 1 5
3 3 72 1
0 5 67 3
5 0 8 3
0 0 7 1
2 2 11 3
4 3 20 5
4 1 55 3
1 4 24 5
5 5 69 1
2 0 54 1
1 1 98 1
2 1 14 2
4 0 -10 0
1 3 -7 1
5 0 -7 5
5 4 -5 4
1 0 55 1
3 4 74 4
3 0 56 5
5 3 77 2
1 3 -10 4
2 5 26 0
2 2 69 2
3 5 38 1
2 1 9 3
3 3 88 5
2 3 60 1
2 3 89 4
5 2 -4 4
4 4 83 2
4 2 67 2
3 0 69 4
4 3 95 3
0 4 95 4
5 2 35 1
4 1 17 2
5 1 49 2
0 3 76 2
3 5 37 3
2 4 57 3
5 2 0 3
2 4 18 4
0 1 3 3
0 3 34 3
2 4 20 4
0 4 99 3
3 0 73 1
2 5 -9 2
2 1 71 3
1 0 64 4
3 1 39 0
5 2 59 1
2 1 65 1
1 1 80 3
5 3 35 0
3 3 72 5
0 3 9 5
0 3 90 4
0 1 91 3
0 1 39 2
4 5 54 5
1 5 62 3
5 3 55 1
2 3 19 0
1 0 38 4
2 2 20 4
3 3 86 2
0 4 20 2
0 1 35 5
3 4 56 2
5 0 72 1
2 1 18 3
0 0 32 5
0 4 81 4
4 4 61 2
4 4 6 1
1 0 -3 4
0 3 5 2
5 5 50 5
0 2 36 3
3 1 79 2
1 3 72 4
0 5 0 0
1 0 79 0
0 1 26 0
4 4 11 4
2 1 86 3
5 1 43 4
4 0 22 3
1 2 63 2
4 2 2 0
2 4 20 2
2 1 92 2
1 1 98 2
1 3 78 2
5 5 -7 4
5 2 10 0
5 0 82 1
4 4 89 1
2 5 -4 0
0 4 98 0
0 4 12 0
3 1 93 2
5 1 7 0
5 1 37 3
4 2 22 2
1 2 52 3
2 0 48 1
2 3 79 5
4 4 46 2
4 0 -6 1
2 4 76 1
3 2 82 4
4 3 40 0
2 0 6 0
2 1 68 0
4 1 58 1
5 4 1 1
3 5 26 5
2 5 96 1
1 2 18 1
0 1 52 2
5 2 53 4
5 1 35 1
4 3 -9 4
0 3 27 1
1 4 51 1
2 5 77 4
0 5 34 4
1 1 81 3
1 2 -5 0
2 5 36 2
2 4 54 5
1 3 37 2
5 1 92 4
5 0 -7 4
1 2 53 3
2 1 88 5
5 4 93 5
5 3 69 4
3 3 35 1
5 2 30 5
3 5 14 5
0 3 -5 5
5 4 39 4
3 3 -10 2
2 2 70 3
1 4 24 2
0 5 79 5
1 0 -10 2
4 4 64 1
4 3 0 0
0 3 27 1
4 4 -8 5
3 2 6 4
0 5 60 2
1 5 62 1
0 1 50 1
5 4 69 2
1 3 48 3
1 5 66 3
4 0 48 2
1 3 57 3
3 0 89 4
3 3 91 3
3 0 60 5
5 3 0 4
5 1 79 2
3 5 44 5
0 2 32 2
0 0 50 1
3 5 47 0
1 5 14 1
2 0 20 1
5 4 21 1
3 5 74 1
2 4 26 2
4 1 5 4
4 3 65 5
3 3 -9 3
2 3 27 3
1 4 12 3
3 1 68 1
5 5 46 0
3 3 1 4
0 0 20 2
1 3 97 4
0 5 82 4
0 0 -10 2
2 5 94 0
1 4 56 1
4 5 17 0
0 5 61 1
3 3 9 1
3 4 72 0
4 1 82 5
1 0 11 4
0 0 81 3
1 5 50 2
4 0 9 1
0 3 22 5
0 1 97 2
1 0 39 0
3 0 -6 2
5 2 69 1
2 4 36 2
1 1 3 4
3 0 97 5
0 5 0 0
1 2 73 0
1 4 7 0
1 2 0 5
2 2 1 4
1 4 8 1
5 5 55 5
4 4 15 2
2 4 11 3
4 3 38 3
0 3 80 2
0 4 62 3
0 1 16 3
1 3 53 4
1 1 82 5
4 5 95 1
5 1 62 0
0 0 97 2
2 5 16 1
1 3 61 3
2 2 26 5
5 3 33 3
0 0 70 5
1 3 59 5
2 5 84 0
0 3 96 2
2 1 35 1
5 2 87 2
1 0 -5 0
3 5 3 4
5 4 34 0
2 5 99 1
0 0 31 3
5 1 98 3
3 1 31 2
5 3 24 0
5 4 23 1
3 3 10 1
4 3 8 5
1 3 16 1
0 3 66 4
5 5 2 2
4 5 3 4
2 5 -6 2
0 5 72 0
2 5 97 2
1 3 -4 3
5 0 91 4
4 4 -8 0
0 2 39 3
5 5 -5 2
5 0 63 2
0 0 63 5
1 4 69 1
2 5 27 5
1 1 63 1
3 4 95 3
4 3 25 5
4 4 73 5
4 4 56 1
0 0 59 0
0 3 15 5
1 4 45 2
2 2 26 3
5 0 58 0
3 1 67 1
4 2 38 3
5 1 81 5
3 3 45 3
2 2 18 5
4 5 69 4
2 5 97 4
4 0 51 3
1 1 33 2
5 2 18 4
4 3 72 4
4 3 91 2
1 0 99 4
3 2 76 2
0 5 72 4
2 5 88 0
3 3 57 4
2 3 18 1
1 5 4 4
3 3 31 1
2 5 35 4
1 5 43 2
4 1 97 3
5 1 36 0
0 0 67 3
2 0 80 5
2 1 79 1
2 1 40 4
1 0 -7 2
5 0 80 2
4 2 63 0
1 2 38 5
2 1 16 5
5 2 32 4
5 0 -3 4
5 1 64 1
5 1 63 5
0 4 61 5
5 1 32 3
4 4 20 1
2 1 23 5
0 5 -4 2
0 2 6 3
4 2 100 5
3 3 41 2
5 1 7 3
2 5 26 4
1 0 -7 5
4 3 10 5
5 5 96 2
3 5 94 0
4 1 95 1
3 5 52 2
3 4 68 0
0 4 6 3
1 4 18 4
3 0 40 5
0 3 62 1
4 2 38 4
3 4 1 3
4 3 28 3
5 0 5 2
5 2 -8 3
2 2 60 5
0 4 18 5
1 2 44 5
2 5 17 4
5 1 49 1
5 0 45 3
4 0 47 0
5 1 -1 1
4 2 49 5
1 2 27 0
4 4 6 5
5 3 67 1
3 2 80 5
4 5 -5 3
2 1 58 1
4 0 72 5
4 0 25 5
4 0 9 4
4 3 33 3
4 1 42 0
5 0 4 1
0 2 95 2
1 4 61 2
2 2 45 2
0 5 31 5
1 2 73 4
4 0 61 0
5 3 34 0
1 4 23 3
2 5 50 5
2 5 88 2
1 0 17 1
3 5 8 4
2 4 6 4
3 0 62 4
5 5 17 4
0 4 23 0
2 1 5 4
5 4 9 3
4 5 96 5
2 4 80 2
5 2 52 2
1 2 75 3
1 2 74 2
2 3 1 3
1 3 96 0
3 2 15 0
5 5 2 0
5 0 93 1
4 3 91 5
0 3 47 0
3 3 35 5
2 2 63 1
3 0 50 0
5 3 43 5
3 5 35 5
1 0 26 3
2 3 87 4
4 2 31 4
0 0 12 5
1 3 89 5
0 4 22 5
4 5 25 1
1 1 86 0
1 1 12 5
1 3 48 1
2 0 23 2
2 1 68 0
4 3 -9 4
0 4 20 2
