4 1 11 5
5 4 64 3
0 2 77 1
2 5 25 5
1 0 68 2
2 1 21 2
1 1 45 4
5 0 37 1
5 0 0 3
3 3 79 5
4 3 89 4
5 3 0 0
3 2 71 5
5 4 14 3
3 4 26 2
2 5 37 2
5 3 20 4
2 0 89 4
1 4 87 2
2 4 75 2
1 4 83 0
0 5 27 4
0 1 5 5
5 0 57 3
0 3 -7 4
1 1 50 2
1 3 81 1
4 4 52 4
5 1 28 1
5 3 59 3
1 3 8 3
5 5 23 0
3 3 34 2
5 0 67 4
2 0 32 2
3 5 74 1
4 2 60 1
0 1 79 0
1 1 -9 4
4 5 -9 4
2 1 3 2
5 3 0 1
2 5 32 3
3 4 20 4
3 2 38 4
2 1 14 3
2 4 27 2
1 4 92 2
1 2 0 1
2 4 89 4
4 0 79 1
4 5 77 5
1 1 87 0
2 0 94 3
3 1 74 3
3 4 19 5
5 3 97 3
0 0 69 0
4 0 7 5
5 0 9 5
5 5 14 4
4 0 0 4
0 2 45 3
0 5 32 1
0 1 43 4
4 1 78 1
2 0 46 5
0 5 60 0
2 3 73 3
4 5 72 2
5 5 75 1
2 4 63 1
5 3 12 4
3 5 13 3
0 4 -3 0
1 3 77 1
3 1 39 2
1 3 71 4
2 1 77 4
1 4 86 3
2 4 68 3
5 0 32 0
5 3 27 1
0 5 9 2
0 3 -3 5
1 1 49 3
3 5 27 0
1 5 79 4
3 2 24 0
3 1 92 2
1 0 87 2
2 5 78 4
4 0 7 4
4 4 62 4
0 4 80 4
0 3 20 2
2 4 4 2
4 3 28 1
5 5 27 4
0 0 57 3
0 3 21 5
3 1 58 4
4 0 92 0
5 0 79 2
1 1 31 4
4 5 12 0
5 5 92 3
4 4 -7 4
5 2 41 2
4 0 38 4
5 0 -2 2
0 3 53 2
0 4 -1 3
5 2 50 1
3 1 82 3
5 3 81 2
1 2 26 5
0 4 68 3
1 4 72 3
3 0 89 3
5 2 26 5
4 0 88 0
0 1 66 5
1 0 55 3
0 0 92 1
5 4 98 0
5 5 65 0
1 5 64 4
3 0 33 0
1 0 95 0
3 2 29 0
2 3 29 1
0 2 24 1
2 2 70 4
4 0 68 0
1 1 78 0
5 5 99 0
0 1 50 3
1 0 22 2
4 2 28 0
3 4 11 4
5 0 94 4
0 0 8 2
1 3 9 1
1 2 28 1
5 5 45 3
4 1 9 4
1 4 10 0
4 0 54 5
3 0 7 1
5 1 73 1
5 3 58 4
1 5 0 5
4 2 57 5
5 3 -3 1
0 0 98 4
3 0 -9 3
0 0 -6 3
3 0 0 2
3 2 94 4
0 2 23 4
5 0 20 1
3 4 0 0
2 4 54 0
2 5 50 2
4 0 14 2
5 1 84 2
1 1 72 2
5 1 54 0
2 2 18 3
3 0 72 4
5 5 47 5
0 1 97 2
5 2 -7 4
1 3 -7 5
1 1 92 5
2 0 76 3
3 1 38 2
1 5 44 2
1 3 46 5
0 1 48 5
5 4 68 0
1 0 52 2
0 4 16 2
5 1 58 5
2 0 20 2
2 4 11 0
1 0 95 2
2 4 47 2
1 2 42 5
5 3 0 2
1 1 94 1
3 5 90 4
5 3 62 0
1 2 44 3
2 0 72 4
4 0 37 1
3 5 63 3
2 0 27 1
3 5 95 3
0 0 97 2
1 2 0 0
3 4 -6 0
3 2 38 2
2 5 22 5
3 0 -4 2
0 3 32 1
1 2 -5 0
1 0 92 1
3 3 85 3
4 2 97 5
5 2 57 2
1 1 46 4
2 2 41 2
0 1 -2 2
4 3 2 4
0 4 54 0
1 2 13 3
5 5 28 1
2 1 67 4
1 2 -1 5
0 3 78 5
2 2 59 3
2 5 -7 4
4 4 40 1
0 1 58 4
3 0 73 1
2 2 38 3
5 2 80 2
1 4 8 1
2 1 80 4
0 3 73 2
0 4 87 3
0 3 73 0
0 0 10 2
4 0 13 2
1 0 40 1
4 2 34 4
5 0 94 2
5 5 -5 4
2 5 41 2
4 4 11 3
0 5 42 0
1 3 -9 4
4 5 -3 0
3 0 23 0
4 3 67 0
3 1 24 5
0 4 -1 5
4 4 90 5
2 2 30 4
4 3 58 2
4 1 -8 0
1 2 66 3
4 0 10 1
0 4 94 3
1 5 78 0
0 1 11 4
3 1 85 2
3 1 -1 4
2 2 84 4
4 1 -8 2
0 5 61 4
0 1 100 3
0 3 33 0
5 1 27 1
4 4 99 2
1 1 52 5
5 5 18 1
5 4 71 4
1 1 11 5
3 0 78 2
4 2 87 3
0 0 22 1
0 1 67 3
4 0 91 4
0 5 55 1
5 5 11 2
5 1 -9 4
1 5 25 4
3 2 22 1
3 1 13 3
3 0 85 1
3 1 23 2
2 4 4 2
3 2 32 4
5 2 93 3
5 3 84 4
2 1 4 0
3 5 13 4
5 2 33 4
1 5 85 3
0 0 49 4
1 1 17 2
4 3 11 4
0 2 36 0
2 1 92 0
0 2 90 2
0 1 39 4
5 0 90 4
2 4 46 0
5 0 56 3
5 0 68 4
3 0 69 0
4 4 -6 1
3 4 74 1
5 2 75 0
4 2 79 1
1 4 91 0
2 2 54 3
0 5 97 3
3 5 84 4
3 4 18 0
3 1 13 1
5 4 36 1
0 5 96 3
1 5 36 4
2 1 30 3
3 5 10 2
2 5 30 3
0 1 90 3
0 2 22 2
5 4 62 3
3 3 12 5
5 0 77 3
0 2 35 4
2 0 10 0
5 4 84 1
5 1 8 1
5 4 9 2
3 5 4 4
0 0 33 5
3 0 3 2
4 3 97 4
5 0 -5 2
0 4 40 4
1 2 66 3
0 4 3 4
4 3 18 1
3 2 18 5
5 2 52 0
5 1 67 5
0 4 45 0
5 0 82 3
0 0 38 1
5 4 38 0
1 4 88 3
3 1 74 4
4 2 26 2
3 4 -2 4
0 1 100 4
3 0 7 5
0 0 30 5
3 3 42 0
2 4 75 0
3 4 73 2
5 0 16 5
1 2 19 5
1 2 13 1
5 4 56 5
0 0 63 1
5 4 -2 3
3 3 93 5
2 0 36 5
2 5 75 5
5 5 9 5
1 2 84 2
4 5 0 4
0 1 32 3
1 1 -8 3
4 4 44 0
2 0 23 5
4 2 34 4
0 4 94 4
4 1 23 2
1 3 10 0
5 0 85 4
1 0 70 0
3 5 9 0
0 3 83 2
4 1 87 4
2 5 48 2
5 3 39 5
4 5 5 4
0 5 35 5
2 2 8 5
4 2 15 0
0 1 45 0
1 4 43 4
2 1 58 2
3 0 32 2
4 2 89 1
0 2 99 5
0 0 71 3
0 4 0 1
2 4 87 2
3 3 24 4
4 0 -2 4
3 2 57 4
3 3 -3 4
0 4 48 2
3 3 77 5
1 3 29 5
4 0 98 4
1 3 27 2
3 5 8 4
4 4 2 4
0 1 34 4
4 1 -3 0
5 1 64 4
3 4 60 4
2 3 2 2
1 5 64 5
0 5 92 4
0 3 60 0
5 0 14 2
1 5 -9 1
1 1 39 3
0 0 72 3
0 3 35 0
0 4 47 3
5 3 80 0
2 4 47 3
4 5 34 1
5 0 57 0
5 3 4 5
3 2 15 4
5 2 99 0
2 4 -7 1
5 1 68 1
4 4 62 0
2 3 45 2
1 1 -5 4
4 0 11 5
5 4 7 5
4 1 73 1
3 4 44 3
3 3 35 2
4 5 47 2
1 3 90 0
2 2 84 3
3 3 84 4
5 2 35 4
3 5 64 3
2 2 2 0
2 5 -8 0
1 4 36 5
5 2 66 5
4 2 64 0
4 0 30 1
3 5 88 5
0 0 46 5
2 5 12 4
5 3 86 3
3 3 56 0
3 2 37 4
5 2 86 0
4 4 20 4
4 4 3 2
3 0 66 3
2 0 48 5
5 1 98 5
1 5 78 4
1 5 37 3
3 5 79 0
4 0 57 5
0 5 57 2
1 0 3 3
0 1 51 0
5 0 28 1
2 3 9 3
4 2 -6 5
1 2 61 5
5 2 46 5
2 0 -1 2
4 0 54 3
2 0 -4 2
4 5 93 4
0 3 10 5
0 5 53 3
2 4 45 4
0 5 17 4
0 5 14 1
5 0 91 5
5 4 68 0
5 1 12 5
0 2 28 0
2 2 69 2
4 4 49 5
0 4 82 0
1 5 28 1
2 5 21 1
0 0 39 3
5 2 41 0
2 1 85 4
1 2 4 5
3 3 83 1
5 5 -8 0
5 1 32 1
1 0 1 2
0 4 -10 5
1 5 95 0
0 4 8 1
0 3 37 5
3 5 31 0
1 3 3 3
1 5 21 3
1 3 62 1
0 4 -9 0
1 5 30 3
2 4 64 2
1 1 0 5
1 4 87 0
0 2 43 0
3 4 99 1
2 4 97 2
3 0 90 2
2 5 30 0
3 5 31 1
3 1 30 0
2 1 55 3
3 5 3 0
2 4 48 3
0 2 -1 2
2 0 -6 0
0 2 79 3
3 5 93 5
0 2 61 3
5 0 77 2
1 2 51 2
2 2 0 2
1 4 26 2
5 5 85 1
3 0 8 5
4 2 80 1
5 4 58 0
5 2 62 1
2 0 48 0
0 2 54 3
4 5 4 2
0 3 88 2
5 3 32 0
4 1 15 2
4 2 68 0
5 0 71 1
0 0 32 3
2 5 -10 2
3 2 42 2
4 3 17 0
1 2 48 3
2 1 37 1
4 4 -2 5
1 1 10 1
0 1 32 1
1 1 34 4
4 5 28 3
5 3 -7 1
2 5 75 3
5 3 29 1
4 2 85 3
2 5 -9 1
2 2 20 5
1 0 94 0
2 4 -9 2
5 3 59 1
1 3 36 5
3 5 -2 4
1 1 -1 3
5 4 17 3
1 3 47 2
2 3 8 3
1 1 84 1
0 2 -10 5
2 0 -1 4
5 3 12 5
1 5 91 0
0 1 85 1
5 4 67 4
0 0 87 0
5 4 21 3
5 4 8 3
4 4 46 4
3 5 39 0
3 1 26 4
0 2 79 4
5 2 76 3
5 3 9 3
2 3 7 3
4 5 97 2
1 5 0 1
5 2 34 0
3 4 44 2
0 3 47 2
4 0 47 1
5 0 93 3
0 4 97 5
0 4 90 4
1 2 41 1
2 2 2 1
3 0 14 1
1 0 -8 1
1 0 90 2
3 4 93 3
5 4 13 2
5 3 80 1
5 3 50 4
1 0 61 3
3 3 53 1
3 2 7 3
0 4 79 4
5 2 46 1
1 0 10 5
0 1 43 5
2 3 53 5
0 5 13 2
1 0 41 0
3 2 39 1
2 0 88 3
0 5 3 5
0 3 11 3
1 2 24 0
0 2 11 1
5 2 23 3
0 4 83 3
5 4 51 0
0 5 89 4
3 0 59 2
4 0 53 5
5 3 18 5
5 5 43 1
4 1 49 4
1 1 93 1
0 0 23 3
3 2 38 2
0 4 77 1
0 3 22 0
1 4 77 0
5 0 21 4
1 2 100 3
1 2 37 0
1 1 78 2
1 3 51 4
5 2 63 5
4 2 36 2
3 4 5 0
0 4 4 1
2 4 70 3
5 0 35 2
3 4 67 0
2 3 66 5
2 1 16 4
1 1 60 2
1 5 21 0
5 1 60 2
4 2 25 4
0 1 42 3
5 4 57 1
0 2 23 1
3 0 0 3
3 0 0 0
4 5 76 3
3 1 1 0
0 0 34 3
3 5 -4 4
5 2 37 0
1 5 30 0
5 0 59 5
5 4 93 0
4 5 65 5
2 5 1 3
5 0 62 1
3 0 58 0
5 5 32 4
3 3 -4 3
0 5 4 1
4 0 52 2
4 4 53 1
2 0 39 4
0 0 7 0
5 2 -9 5
2 2 10 5
4 0 49 0
1 2 97 3
3 4 25 5
2 3 6 5
2 1 -10 1
5 1 5 2
5 5 49 3
3 2 86 0
0 0 34 3
3 4 50 4
0 2 91 2
4 2 63 0
4 4 94 4
2 4 66 4
3 1 58 1
5 0 61 2
3 0 8 1
5 5 15 2
0 2 86 2
5 2 13 5
3 5 71 3
1 2 57 4
2 1 20 2
3 3 59 2
4 4 50 0
3 3 60 1
3 0 -6 3
4 5 44 3
0 0 83 2
0 0 54 1
5 4 49 4
0 5 58 1
3 1 49 1
0 5 23 2
4 4 23 5
5 4 66 5
0 0 73 2
0 4 14 1
1 3 4 2
1 2 66 1
0 0 5 1
0 0 40 3
1 1 1 3
4 1 23 4
1 2 71 3
1 5 3 3
4 2 -10 0
0 4 2 1
3 3 44 0
4 5 36 0
4 4 37 5
3 3 32 5
2 1 61 3
1 5 62 4
5 5 17 1
3 5 32 4
4 3 53 3
1 1 71 0
3 1 62 0
0 3 69 1
4 1 7 4
5 0 55 1
2 1 64 0
3 0 -5 5
5 5 17 5
2 1 89 1
4 5 71 5
3 0 3 2
3 0 -6 0
5 4 63 2
5 1 37 3
2 3 70 3
0 2 15 2
2 1 68 1
0 0 16 1
4 1 98 5
1 5 63 2
3 1 -1 0
2 3 -1 2
5 2 84 3
3 3 76 3
5 4 61 3
3 5 58 5
5 2 4 5
5 5 6 1
4 0 63 1
5 1 49 2
1 0 2 5
5 5 59 0
5 3 58 5
0 1 46 2
0 3 25 1
5 1 6 5
3 4 99 0
0 0 -8 0
0 0 24 0
0 4 38 1
2 2 75 4
1 4 71 2
3 5 35 3
1 3 42 2
4 1 55 0
3 0 87 5
5 1 30 4
1 2 67 4
1 4 31 5
3 1 3 0
2 5 6 4
1 5 77 0
3 2 99 5
3 1 -6 4
0 1 43 4
2 2 2 3
5 0 61 4
0 4 92 4
3 5 -8 5
5 3 27 0
5 0 65 4
4 4 11 1
4 0 29 2
0 0 82 2
2 5 97 0
3 0 54 0
2 1 73 1
1 0 92 1
3 4 25 0
0 4 52 0
1 3 -2 5
0 3 37 5
1 1 4 1
0 1 38 5
1 5 54 3
5 1 75 0
2 3 65 2
0 3 75 0
0 1 34 4
4 0 26 5
3 1 86 3
3 0 5 3
5 5 93 0
2 3 -6 1
0 3 53 4
0 5 70 5
3 2 17 1
4 3 55 2
3 5 99 2
3 5 58 0
5 2 21 5
1 2 97 5
4 5 63 2
5 2 86 0
2 1 3 1
4 3 30 0
2 5 68 4
3 0 88 3
5 4 10 5
5 0 2 2
1 3 54 3
5 1 57 1
5 3 81 2
0 4 58 0
2 0 72 4
4 2 91 5
0 1 3 3
5 0 29 5
2 4 59 1
3 2 50 0
3 4 36 2
5 1 100 1
4 3 26 4
3 3 44 0
1 1 7 4
3 1 93 1
2 5 9 4
0 3 92 0
5 2 14 1
1 1 84 0
4 5 66 0
5 0 10 1
3 5 41 5
1 2 -2 4
5 3 -7 0
3 3 97 4
0 4 42 3
2 5 81 1
0 1 95 4
0 5 94 2
4 2 44 3
1 2 29 2
5 4 16 5
0 3 86 3
3 5 81 5
3 4 40 3
1 1 36 3
2 4 98 2
4 3 32 3
5 1 -8 2
3 2 6 0
4 4 26 2
1 4 34 4
1 2 49 2
1 0 83 3
1 4 -6 5
0 3 86 3
4 0 27 5
1 0 84 0
3 1 87 1
4 4 89 4
2 2 25 4
3 2 62 1
3 0 13 0
0 3 86 4
5 4 19 5
4 3 -1 4
1 2 74 0
5 1 83 2
0 2 37 0
4 1 63 2
2 2 30 2
3 0 13 4
5 2 16 0
0 2 78 1
2 1 66 5
0 5 76 0
4 1 -7 0
4 1 59 1
0 5 40 4
0 1 26 3
1 1 59 0
5 2 21 3
4 2 85 1
0 3 70 2
5 4 -1 1
2 2 59 2
4 1 72 0
5 4 51 3
5 5 83 2
5 3 93 5
5 5 73 5
0 0 20 4
0 1 -7 2
2 0 51 1
0 0 27 5
3 2 15 0
4 2 37 1
1 1 72 3
5 4 78 4
0 2 53 1
4 3 53 5
3 5 23 3
3 4 43 5
2 0 43 5
5 0 55 3
3 4 46 4
2 3 65 3
1 0 14 4
5 0 -9 5
1 4 74 1
1 3 52 2
3 0 81 0
5 0 10 4
5 4 64 0
0 0 43 3
5 0 75 0
2 4 59 3
5 4 6 3
2 4 15 1
0 5 94 5
3 3 34 5
0 5 -4 0
0 5 88 4
3 5 72 1
3 4 83 0
2 2 57 2
4 5 42 0
2 2 91 4
4 5 41 2
1 2 36 5
4 2 100 2
1 2 28 1
3 3 21 2
0 4 45 4
1 4 47 4
4 2 71 5
4 1 -10 2
0 3 15 1
5 2 84 0
2 2 65 0
2 5 84 5
5 5 16 5
1 0 65 5
5 3 79 0
3 0 30 4
5 0 65 2
2 0 11 3
0 2 92 4
0 2 7 5
2 3 7 0
3 3 89 5
4 5 37 0
2 1 54 3
0 4 58 5
2 0 97 2
5 4 0 1
4 2 51 4
0 0 16 2
4 3 0 4
0 4 75 5
3 5 95 1
2 1 84 2
1 0 85 3
3 4 50 3
0 3 83 0
4 4 75 5
5 1 66 4
1 4 54 2
0 1 23 2
3 1 81 0
0 1 15 1
