1 4 14.4834 1
3 2 33.6317 1
1 1 88.1087 2
5 2 6.1265 0
2 0 46.4659 4
0 1 15.6551 5
2 4 53.9436 0
3 1 84.9452 5
1 1 86.8396 0
1 1 16.0354 2
4 5 89.8463 4
1 1 55.1078 4
4 2 28.5240 3
5 0 67.8999 5
0 3 42.9834 0
3 1 31.5786 0
4 4 67.5593 1
0 1 17.3597 3
1 4 26.3278 1
1 2 37.7897 1
0 4 17.9050 1
1 3 34.5722 5
5 0 52.8620 5
5 4 71.5071 2
0 4 74.3914 2
4 0 80.5069 1
4 3 71.8633 3
0 1 64.9143 0
4 4 16.1257 5
4 0 34.0245 3
5 2 42.5486 4
4 0 -0.8820 5
2 2 48.1207 5
3 3 37.9969 2
1 1 78.2320 0
2 0 97.5691 0
4 5 51.1606 4
5 4 25.4955 4
0 3 -5.2259 5
4 0 91.7108 1
5 4 91.1027 2
3 0 17.8289 2
4 2 66.4952 5
0 0 -1.7022 3
5 5 8.2837 1
5 0 13.8490 5
5 0 22.3943 1
3 5 99.5415 1
4 3 66.6618 1
3 0 32.2622 5
1 5 71.0811 2
1 4 90.6780 2
4 2 95.4573 1
3 2 -3.6350 3
0 0 33.3974 0
5 3 1.7432 5
5 3 26.9226 0
4 4 8.6648 3
1 0 61.1533 5
1 2 32.7095 1
5 3 15.2334 2
4 0 19.2532 0
3 3 29.6380 4
1 5 18.5945 4
3 3 39.8565 3
1 2 -6.4452 1
1 1 20.7740 0
2 4 35.2327 1
1 4 56.3060 0
0 2 19.8053 3
4 3 4.6504 3
4 0 -1.6180 4
3 3 93.4585 1
1 2 35.8303 5
0 4 53.9279 4
3 3 91.1094 1
2 4 -0.8977 4
3 0 86.4328 5
3 4 50.6747 2
1 4 8.1318 2
2 1 35.2381 2
3 1 75.5363 2
0 5 42.8407 0
0 1 98.3815 2
4 4 31.4413 5
2 2 72.4536 3
2 4 33.2288 3
4 2 81.2081 0
3 2 52.5990 2
2 1 -3.0137 2
0 3 -5.9496 2
0 0 4.7237 4
1 1 -8.4961 1
2 1 -1.7105 4
3 3 66.0886 1
4 0 48.7781 2
4 4 72.4902 2
3 5 90.4482 4
5 5 54.3664 4
1 4 69.8733 1
4 4 76.1286 5
2 1 30.9056 5
2 5 87.5056 0
2 3 19.9179 0
2 5 97.2556 5
0 3 40.0718 2
0 3 84.5296 1
2 1 18.0628 0
4 5 69.5056 1
5 4 -9.7175 0
1 0 41.8941 3
1 1 92.4276 0
4 5 71.4732 3
1 2 17.309 5
2 2 80.8597 4
2 0 45.2245 0
1 1 78.4772 0
3 0 86.469 2
2 2 -0.4976 3
0 2 12.0738 4
2 5 58.4989 3
2 4 96.9044 1
5 4 73.653 1
1 0 92.5637 0
1 4 28.1066 5
0 2 -9.8392 5
3 5 69.9937 0
1 4 98.1427 3
3 0 96.9815 1
5 2 0.2329 1
4 3 67.0932 2
3 5 -0.6607 0
4 1 60.0937 3
0 4 52.4603 3
5 1 16.0449 2
2 3 67.0798 5
2 2 39.8034 1
0 1 4.9723 4
0 1 1.6224 3
3 2 34.7164 4
2 1 39.7109 3
2 0 -0.0537 5
2 5 66.6566 0
1 2 6.3156 5
1 2 33.5869 0
5 2 18.6183 1
0 3 84.0061 4
5 4 17.4838 3
0 1 3.3599 0
1 1 11.7946 3
2 5 59.3327 5
0 4 54.4731 0
0 0 11.7525 5
3 1 0.1177 2
0 0 93.6509 0
1 4 37.6472 5
3 3 -6.7569 5
3 1 28.9338 1
2 2 39.0613 1
0 4 58.1094 1
5 2 44.8781 4
3 0 -0.3506 3
1 3 11.9404 4
1 5 99.3496 4
0 3 76.0107 2
3 4 75.9579 2
4 4 25.3765 2
1 0 25.0765 1
0 2 -3.555 3
4 2 74.3526 1
1 0 17.2643 1
2 4 79.7914 5
0 1 53.3261 3
2 1 9.371 4
2 5 66.7389 4
0 5 67.0617 4
4 1 51.942 1
3 4 23.9958 3
0 0 -3.8215 4
1 0 47.9093 0
2 4 12.1611 1
2 5 9.5206 2
0 0 6.2483 5
1 0 83.1129 2
0 2 67.4992 5
3 4 1.1135 2
2 1 97.3447 5
3 5 95.6728 5
2 1 67.7901 4
5 4 76.5691 1
5 4 79.59 3
2 5 65.7348 1
1 5 -9.8022 5
4 3 83.5833 4
0 1 56.2628 4
1 5 52.2105 3
1 2 71.9878 1
2 2 8.4676 0
5 5 60.3013 2
3 0 19.1734 1
5 0 28.5529 0
5 0 -4.7038 3
5 3 96.6012 3
3 3 28.6354 3
0 3 76.7603 4
5 5 14.8141 3
0 0 22.4399 2
2 0 -1.838 1
3 1 70.5184 4
0 2 55.3434 4
3 5 -6.5907 5
1 4 87.8729 1
0 0 26.4204 1
3 5 50.9524 5
4 2 62.6658 2
1 0 -4.5401 4
4 3 6.8949 2
0 3 -0.3609 5
5 4 42.8361 0
0 1 8.7915 2
0 3 82.8146 2
3 3 43.8006 5
2 0 60.6053 3
1 2 87.4042 2
1 3 -5.0921 3
3 2 14.8867 2
4 0 6.6244 5
5 0 -0.5722 2
4 3 96.7776 4
1 4 -3.2918 3
4 3 96.219 5
3 4 86.9819 3
2 0 33.4285 5
0 4 52.8342 4
4 5 98.103 1
0 3 9.0167 1
1 1 3.8805 3
0 5 37.8933 5
1 4 18.3675 5
0 0 32.6909 3
4 2 84.2287 4
3 0 76.5206 4
4 4 75.9854 0
3 1 6.302 4
4 0 91.7421 4
0 2 85.4223 2
3 2 32.1348 3
4 4 42.0351 1
2 3 5.8238 4
5 5 34.1892 3
2 5 16.1337 5
3 2 88.6734 0
2 2 24.2044 3
5 5 0.8039 1
1 2 97.1641 3
2 2 70.1679 4
5 0 10.6729 1
3 5 43.2906 4
2 0 46.6797 1
0 2 68.0526 3
1 4 86.7266 0
1 1 86.2699 1
0 1 -6.3622 0
2 5 11.9021 2
3 4 33.6637 0
5 0 16.6132 3
4 3 9.5342 3
4 4 28.4736 1
2 5 81.3957 0
2 0 32.5222 1
4 1 84.2822 5
1 5 12.7404 5
3 4 -7.7942 5
0 3 90.2667 5
1 4 78.0951 1
2 4 78.5594 2
5 5 60.7014 3
3 2 40.4898 1
3 2 64.4916 4
3 4 1.2543 4
5 2 51.7603 4
4 2 22.8324 0
3 0 26.9912 2
5 2 84.7641 2
5 5 94.7407 5
2 1 6.4922 1
0 4 34.4508 2
5 1 69.3412 5
3 2 18.5369 3
3 3 71.0405 4
5 4 79.7616 2
5 5 14.46 4
5 3 89.7179 5
2 4 23.0214 1
5 4 9.9249 0
3 1 71.5011 5
4 1 94.1616 2
5 0 14.4479 1
5 2 36.252 2
2 2 54.4128 3
0 3 -4.0955 5
4 4 93.8731 0
3 1 45.0525 5
3 4 22.8191 0
1 1 99.1583 2
3 4 88.213 3
1 2 84.8633 1
0 3 26.5892 1
2 5 -3.6185 3
2 1 73.7313 1
4 1 43.8535 0
1 4 37.7083 3
3 3 96.1861 3
0 0 48.7161 5
2 0 88.1207 4
1 0 64.4423 5
5 1 14.8892 2
2 1 1.2979 4
4 2 8.3722 0
2 2 40.1519 4
4 4 27.1619 5
1 2 99.5753 3
2 1 8.1372 3
0 1 14.6753 1
1 5 -7.5895 4
1 0 30.3251 5
0 3 86.4199 2
4 4 -4.6554 0
5 0 61.8924 0
0 5 2.7369 3
3 0 50.2011 3
5 1 12.6044 5
5 0 23.1228 5
0 5 47.234 4
4 5 5.088 0
4 5 57.9468 2
0 0 44.7513 4
1 2 81.4649 1
2 5 35.0732 1
0 4 44.599 1
5 3 26.3664 0
0 5 -0.2097 0
4 5 44.3514 0
4 0 69.592 0
2 5 15.4276 2
2 3 -4.4912 1
0 2 29.6236 5
2 3 71.2394 0
0 0 83.7199 5
5 1 26.1527 3
4 2 86.6323 0
2 2 10.1156 3
3 3 19.9016 3
5 3 77.9889 5
1 0 4.5763 5
0 1 1.4084 4
3 4 64.6232 1
4 3 75.7081 4
0 5 86.7945 5
1 3 91.2438 0
3 3 -4.943 2
5 2 -8.6404 5
4 5 53.4314 4
1 5 86.0458 4
4 5 67.0638 0
3 5 69.9317 3
2 5 64.3925 3
1 4 88.1268 4
0 0 60.7739 1
4 3 83.7058 1
0 3 25.2697 2
2 0 45.7622 4
5 3 34.3605 1
0 3 38.8608 4
3 0 84.2248 3
2 0 97.8738 5
5 0 1.2908 3
0 4 50.4009 0
4 4 60.1292 4
4 1 62.0056 3
2 2 80.7842 1
3 2 51.6166 4
4 3 68.8324 2
5 3 2.5426 5
1 0 27.5493 5
2 4 47.4184 5
0 0 88.6565 3
1 5 71.6762 3
0 2 57.1937 1
0 3 13.7148 1
5 2 1.8542 3
0 5 82.1213 4
0 3 40.3127 4
4 1 96.024 0
4 5 -4.6571 3
4 3 91.6808 1
5 4 9.1015 1
0 3 62.3274 4
2 4 86.953 3
4 5 73.8612 2
3 2 96.7541 3
1 1 35.402 5
5 4 22.8804 5
4 2 68.3062 4
5 1 12.0978 4
5 2 65.5272 5
1 5 61.5095 1
4 4 66.3743 2
5 0 73.6853 4
3 4 52.7702 5
5 3 64.1668 4
2 3 78.9135 4
0 0 31.8957 0
5 0 11.9893 1
2 5 17.5617 0
5 2 12.4401 4
0 2 79.5429 0
4 5 71.3442 1
5 5 51.7398 1
4 5 21.6403 5
0 3 32.631 5
2 4 -4.0818 5
2 1 58.2618 3
1 5 67.5092 5
2 4 50.1277 4
1 5 96.0719 2
3 1 98.1799 0
1 1 70.8587 0
3 0 37.1359 4
2 1 7.7022 2
0 2 41.2964 1
0 1 92.1491 4
0 5 57.717 5
2 3 76.8899 4
2 0 76.2435 2
4 1 95.2686 4
0 4 7.5308 4
4 3 0.114 1
1 5 26.5072 2
2 1 94.5339 4
4 3 99.6294 5
0 0 63.5832 3
1 5 57.5071 4
1 0 65.0806 2
3 0 32.4464 4
5 2 -7.2824 4
2 4 78.3098 3
3 0 22.6077 5
1 2 46.5284 0
1 4 48.6526 5
0 1 63.7369 1
5 3 81.9232 1
4 5 86.6501 5
3 5 79.843 0
5 5 6.913 3
5 2 -5.8325 0
0 1 77.3636 4
0 4 80.3781 2
3 3 39.6238 3
3 2 -8.142 5
0 4 -9.3511 5
4 0 73.1557 4
0 5 83.3076 2
4 0 21.882 5
2 4 -0.4844 3
3 3 80.4335 0
3 1 48.6815 1
5 3 77.6447 4
2 5 5.8483 5
5 5 31.0444 0
4 4 5.5511 0
0 4 55.632 4
4 0 23.516 5
5 5 27.8237 3
5 4 5.6701 1
1 4 81.8223 1
0 1 63.8076 4
0 4 40.7392 4
0 2 63.8854 2
0 1 69.8148 3
2 2 4.1037 5
1 0 21.3651 0
1 2 43.4447 2
4 5 23.6243 4
1 4 52.3548 2
3 1 -9.4685 1
1 5 71.3798 3
2 2 4.7736 5
2 3 40.9133 2
2 3 50.6839 1
5 4 -0.9829 2
1 4 11.6075 5
5 0 70.0168 0
4 5 -6.5686 4
4 3 74.612 1
0 4 18.6678 4
3 5 75.2717 2
3 1 88.0581 4
5 2 4.7269 4
4 0 33.6464 4
0 5 16.2769 4
5 1 73.2927 1
3 1 9.706 4
5 1 70.9512 3
2 0 14.0701 3
1 0 19.0793 1
0 5 12.7451 2
3 3 90.9692 0
0 5 25.6478 5
4 5 81.2612 5
2 4 49.8785 1
3 5 31.637 4
5 0 46.8329 3
1 4 34.6426 2
3 3 87.5889 0
4 1 38.3889 1
0 4 60.7825 1
1 1 7.3093 4
5 0 62.7221 3
2 5 2.4673 5
3 3 13.1774 1
5 3 -7.5309 0
1 4 55.1582 1
5 4 -5.689 4
1 0 8.2976 1
4 3 55.9293 4
5 0 86.636 5
5 2 94.1979 1
3 4 99.2053 3
1 1 81.34 4
1 4 80.2498 1
4 5 46.1885 1
5 5 27.6938 3
4 4 -2.4273 3
3 1 1.9427 1
4 4 65.2805 1
4 0 9.5164 4
4 0 86.5528 4
4 0 0.2509 5
1 4 49.3215 0
5 5 37.4647 3
2 0 66.7407 3
1 3 76.8511 3
2 4 78.5083 5
4 0 36.8038 2
3 1 90.1094 0
2 4 86.4443 3
2 1 -9.3984 5
0 4 47.4795 4
0 3 62.0001 5
2 3 29.8497 1
3 5 54.3907 2
4 3 52.1137 4
2 5 33.72 1
3 4 76.2167 3
1 2 51.5003 3
2 2 53.5416 5
3 5 5.1875 5
0 5 15.2748 5
1 0 13.5904 3
2 4 57.5428 5
5 0 7.6812 5
0 0 80.5581 3
4 3 -0.3045 2
1 2 -1.1956 0
5 3 92.3753 3
4 5 47.3106 5
4 0 94.0287 1
5 3 38.2869 1
5 4 21.4607 0
4 4 46.7395 1
4 1 64.1427 2
1 5 -9.9684 1
0 2 75.764 2
5 3 34.5996 1
4 0 71.0618 0
0 4 21.2943 4
4 2 28.2223 2
1 4 95.9363 3
3 4 -9.4883 1
3 4 1.7111 0
4 2 27.3962 0
4 2 86.3724 4
2 5 38.7046 3
4 3 74.6964 2
3 5 40.6792 4
0 3 2.7895 0
3 5 76.7522 1
5 5 15.2923 2
3 2 46.8155 0
5 2 17.3083 0
3 5 72.3667 2
0 4 92.4536 3
2 2 14.0423 4
2 1 94.183 5
1 3 71.0823 1
5 1 86.0017 1
1 1 81.8435 4
2 1 75.6832 0
0 5 95.1358 3
4 0 74.0669 4
0 3 30.8316 2
3 4 85.5646 3
1 4 20.8293 1
4 1 -4.0437 3
3 4 -6.4181 2
3 5 75.3494 3
0 5 47.0026 2
5 0 -8.6998 1
3 4 1.0823 2
4 2 10.5868 2
1 2 41.848 4
2 2 10.2305 3
1 3 67.0784 2
2 3 20.7592 1
4 1 97.72 5
1 0 69.2897 1
4 3 84.194 1
1 5 6.4503 0
1 3 44.9558 5
4 4 69.2616 3
2 2 51.8352 4
0 3 0.8872 1
0 1 79.52 3
5 0 39.484 2
2 2 29.6337 4
2 2 -7.8181 0
2 5 95.9428 1
4 4 61.4852 4
1 2 29.062 5
4 3 75.2219 3
0 3 57.503 3
5 1 85.5083 5
2 3 59.4401 4
3 0 -1.2977 2
1 2 24.8566 2
5 2 56.5923 3
2 3 75.9071 2
5 4 47.3029 3
3 1 10.2275 0
1 5 15.809 2
5 5 72.4714 1
1 3 1.331 0
3 4 -4.0792 3
4 0 1.4321 4
1 0 62.0316 3
2 1 17.2136 2
3 5 3.9053 4
1 0 -6.133 2
2 3 41.3913 4
2 4 38.9329 5
4 1 54.9914 3
5 5 59.9436 4
3 4 60.3765 4
2 2 42.9817 1
0 3 23.8655 3
2 1 23.393 0
4 1 27.8273 3
4 0 65.6547 3
3 2 -8.9954 3
2 4 15.4337 0
4 2 10.7428 4
3 3 17.4886 5
5 5 32.8696 3
1 2 -1.2869 5
1 4 74.0992 4
5 5 19.9052 5
5 4 78.969 3
1 0 10.0648 2
0 5 40.0877 3
2 5 58.5029 1
2 0 6.7364 4
0 1 96.9566 2
2 1 68.6716 5
0 1 -0.0783 0
3 1 27.6104 2
3 2 41.0053 0
2 0 82.7901 1
0 2 75.3218 0
4 3 9.9764 2
3 0 3.4158 5
1 3 74.8348 3
1 5 99.3989 1
3 5 74.8096 4
5 1 42.0108 5
2 2 7.4473 5
0 5 93.1163 4
0 2 42.9353 2
1 2 87.6272 5
1 0 15.9562 3
2 0 8.4096 2
4 0 33.5389 1
0 0 53.9185 5
3 5 55.5834 2
0 1 7.3468 0
5 4 27.2264 5
0 0 29.1069 1
5 4 77.0613 1
3 1 24.8414 4
5 2 78.6078 3
5 1 -7.6512 3
2 5 4.8205 0
3 5 38.125 2
4 5 43.9101 4
1 4 28.2431 5
3 2 85.4428 4
4 1 -2.4236 1
3 2 80.136 4
2 3 -9.9208 5
4 3 70.7024 0
4 2 75.3618 1
2 5 -3.0324 4
3 1 47.6477 3
4 1 57.4343 2
3 5 25.4226 0
4 5 -2.6652 1
1 0 12.2287 3
1 0 -6.5001 5
3 5 43.8901 4
5 4 18.1532 2
1 4 68.963 0
1 5 44.0546 0
3 5 -3.323 4
5 3 80.4229 5
0 4 19.2397 0
5 0 81.7902 0
1 4 0.6831 5
1 4 32.3864 1
4 5 17.3639 5
1 4 72.4114 3
5 0 74.2912 4
2 5 40.4593 5
3 0 8.349 1
4 3 45.5162 5
1 4 99.8277 3
2 2 50.5089 2
2 3 74.0603 3
5 2 56.9255 4
4 1 31.2569 4
5 2 29.6009 3
3 3 -9.9785 0
2 4 -8.2067 1
2 0 23.0367 1
1 2 -7.6128 5
2 4 46.2399 4
4 1 0.3716 3
2 1 5.2249 2
4 1 15.6294 2
0 4 33.9778 1
5 0 69.5939 3
1 3 80.8276 5
5 4 80.1467 0
4 5 23.0433 5
4 3 -1.3675 0
2 2 86.7772 3
3 0 85.6765 1
5 5 83.4426 0
5 5 32.0736 2
4 0 25.1248 4
1 2 45.2642 1
1 0 64.0999 3
3 4 53.278 0
1 3 21.8761 3
1 1 26.9785 3
4 5 -4.5758 3
2 0 33.838 3
5 1 73.8236 3
4 1 43.6647 5
4 1 51.7284 5
4 1 16.6547 2
3 2 65.3212 4
0 0 63.8922 3
2 2 10.9539 2
4 5 -7.3372 2
1 2 57.7843 3
4 1 38.451 1
1 5 31.1203 5
0 0 71.354 1
4 1 85.5628 2
0 2 66.3175 0
2 3 41.8309 2
1 5 49.1806 1
4 4 72.5391 4
3 4 70.2916 1
5 5 63.5087 3
4 5 47.9479 2
1 0 21.2415 5
4 2 -4.1606 5
0 0 32.751 2
5 5 29.6241 0
0 2 85.4151 5
3 1 97.7772 4
5 0 89.4259 3
4 4 -0.3177 1
4 3 51.6756 5
0 0 17.2131 4
2 2 43.8926 5
1 0 28.1458 2
2 5 23.2559 4
2 0 58.8372 3
0 4 94.4028 1
1 2 88.6893 5
1 0 70.2879 4
5 4 85.9972 5
1 3 16.4397 1
3 2 90.0709 2
3 4 4.4949 5
1 4 49.5489 1
1 2 65.7385 4
1 3 99.5254 1
5 4 90.8823 2
0 4 48.6258 5
0 1 24.9357 1
5 0 74.1979 3
3 2 38.7305 5
5 2 6.7153 1
0 1 10.3221 4
4 2 56.6165 4
1 4 15.5401 5
0 2 -1.2577 3
1 4 83.0752 3
5 5 31.1355 3
3 3 5.1264 1
1 0 34.9448 0
2 3 14.481 5
1 1 -2.725 3
4 3 65.6649 3
1 3 34.5353 0
4 5 80.6761 5
2 3 57.2655 5
4 4 48.9775 5
5 0 47.2714 3
3 0 86.5558 1
4 4 33.5172 5
0 4 32.6138 5
0 1 22.0297 3
2 2 40.7482 3
2 4 91.0936 5
4 1 40.9937 5
3 0 69.4911 0
1 4 93.1627 5
4 1 33.2373 2
3 0 9.6766 4
5 1 87.0803 0
2 2 66.0889 5
1 5 70.6589 0
0 5 39.4338 2
0 4 67.8007 5
4 4 94.4729 3
4 3 -5.1703 1
2 4 85.8436 1
1 1 9.6753 5
0 3 23.8868 5
3 2 58.9098 0
1 1 -9.6114 2
0 3 44.739 3
4 0 56.8782 3
1 1 54.7749 3
3 3 38.6063 4
4 0 16.9184 4
2 4 59.1499 1
0 1 6.3082 5
2 0 5.9912 0
5 4 82.1816 2
2 0 -4.6066 3
1 1 63.93 4
5 5 66.9831 4
4 1 96.2923 5
4 2 92.4628 0
2 2 30.5426 3
0 3 82.7641 0
2 3 4.8 5
2 2 47.9758 4
1 5 12.9956 0
0 4 70.2701 5
4 0 43.2029 5
4 5 21.5906 4
2 2 47.793 4
2 1 57.5719 3
4 5 59.5043 3
1 4 15.5994 2
1 0 3.0028 3
5 0 71.1215 1
4 3 35.5445 2
2 4 78.6648 1
0 5 12.1306 2
2 0 23.855 4
4 2 74.3736 0
5 2 27.5498 5
4 4 95.6124 1
1 2 81.7208 5
3 3 77.698 5
1 3 7.0925 3
4 2 40.8717 3
5 0 81.8616 2
4 5 64.6017 4
4 0 12.9089 5
2 2 -2.7166 1
2 0 27.3068 3
5 4 82.6646 4
4 3 10.6117 0
2 5 84.3601 5
0 2 35.5257 3
1 2 39.7097 2
1 4 23.255 0
2 0 75.5569 0
3 4 -7.2572 3
4 1 10.9233 3
5 4 24.1395 2
1 0 80.4352 4
5 1 12.5706 0
3 3 68.5045 4
0 0 24.2079 0
5 4 85.9063 2
3 0 1.3413 5
5 2 -7.5272 2
5 1 25.2968 1
2 2 48.5503 3
5 0 19.992 1
2 0 -8.3218 4
4 4 1.2613 4
2 4 25.0333 1
5 2 53.1491 1
0 2 57.4589 2
4 3 -4.4201 0
3 5 -4.4498 3
0 0 36.9112 1
5 4 88.0403 5
5 5 39.042 2
2 2 79.9186 5
5 4 -1.36 3
4 1 0.2208 5
3 0 40.1143 5
5 5 74.3143 3
1 1 5.8094 4
2 2 33.1285 5
5 2 76.7657 2
3 3 -6.6709 3
0 2 42.6517 1
2 2 56.4884 1
4 0 34.6255 5
0 2 51.1765 0
2 4 40.7072 4
3 1 58.2962 4
1 3 32.2198 2
1 5 55.0067 3
4 2 49.898 1
1 5 63.6566 5
5 4 82.0423 0
4 4 40.9199 4
0 3 9.3791 3
0 4 1.9619 4
3 2 44.3725 5
0 0 13.9373 1
4 5 79.0823 1
5 1 39.8272 2
3 4 53.5725 1
1 5 86.5168 2
4 5 23.5005 3
5 2 98.9318 4
0 4 98.5064 3
1 2 -3.1348 4
0 0 67.369 2
0 2 85.2248 1
3 5 54.918 5
2 5 32.1069 3
3 4 13.2338 1
3 1 10.705 3
2 3 6.9694 5
1 1 -8.7237 5
0 1 69.3473 3
5 3 97.2473 1
0 1 60.6467 3
3 5 56.4872 3
4 1 39.9834 3
4 3 32.3186 1
1 3 56.5031 4
3 5 16.0425 4
2 3 91.9221 4
2 0 97.6057 4
3 5 30.5436 4
3 5 -1.1931 5
5 4 98.1937 2
3 4 -1.3942 4
0 1 41.9697 5
5 5 -1.411 5
4 4 24.375 0
2 4 75.638 3
3 4 89.6661 4
5 2 36.3118 2
2 1 -6.1141 4
5 2 69.9669 4
2 0 59.223 4
1 4 -4.3218 2
5 4 -6.9972 3
0 1 45.6156 2
2 1 57.7378 2
2 0 71.5572 4
1 4 71.2864 5
3 2 78.8625 2
