2 2 53.5754 2
1 3 41.3939 2
0 0 63.2395 1
1 3 -4.8916 5
0 3 76.9602 1
1 2 58.6955 5
1 4 55.6087 4
0 4 51.9514 2
1 0 94.9546 1
2 1 50.1558 0
1 1 67.7793 2
1 5 81.2777 1
4 5 96.5517 4
2 3 30.3651 0
4 5 0.5793 0
4 5 0.0421 1
3 5 24.6809 4
3 5 75.725 4
5 5 8.5582 5
2 3 93.6156 4
5 4 87.1924 0
3 2 98.8224 1
0 1 35.8542 0
4 3 -4.9352 3
0 3 93.633 0
4 5 74.6235 5
5 1 87.8566 1
2 5 36.2704 3
1 5 67.8753 1
4 0 44.0961 5
1 0 26.3038 2
3 2 -0.6348 1
2 2 15.4696 4
4 5 60.8996 4
2 2 95.4661 0
1 3 43.5605 1
4 2 80.1695 1
4 0 2.7751 1
1 0 -7.9633 3
5 0 60.4892 1
4 4 16.593 1
4 5 37.991 3
4 4 23.8955 2
1 4 30.0198 3
3 5 83.7991 1
4 4 81.1158 3
4 3 6.868 2
3 4 2.5973 0
4 4 47.6437 1
5 1 42.8205 5
1 4 27.2326 0
1 5 63.586 1
1 1 91.8528 3
2 5 59.902 4
4 1 46.0219 4
5 0 49.6129 5
3 3 76.9499 1
0 2 56.3438 0
4 0 72.2308 3
1 1 50.3274 4
1 5 54.1111 1
4 2 51.3877 0
5 3 78.1259 5
1 2 13.3116 1
3 3 -2.9759 0
4 1 24.2318 4
1 3 16.5758 0
1 1 18.932 1
0 4 49.0549 4
3 3 51.644 2
5 5 65.2831 1
5 4 -3.1915 3
3 0 99.4585 3
5 2 -6.0181 4
3 0 82.0173 4
5 5 38.1558 4
4 1 32.6616 1
4 1 51.783 2
5 5 65.4466 0
0 1 76.376 2
2 5 49.5849 1
4 2 98.7597 0
5 4 54.7742 0
5 1 11.0453 3
0 1 76.1019 3
1 1 11.3692 4
2 0 51.9379 0
0 1 37.2903 4
4 0 57.727 2
5 4 49.3624 2
0 0 95.8107 3
3 3 84.7249 2
5 0 19.4073 0
0 4 45.2043 2
5 2 -8.2272 3
1 5 78.1929 0
0 4 69.3088 0
5 0 78.0474 2
2 4 44.7617 4
5 3 5.4985 2
5 4 10.2214 4
1 3 53.0978 0
0 1 45.9286 0
4 4 90.4546 0
2 2 43.6005 4
1 3 39.3911 5
1 1 87.1028 1
2 5 24.9368 3
4 5 26.727 2
2 2 44.9999 5
0 4 63.8546 0
5 0 70.0714 4
1 5 51.671 1
1 4 11.068 4
1 0 96.6474 2
2 3 15.6625 2
1 5 41.6764 2
1 2 19.6521 2
1 2 97.1041 5
5 5 22.1543 2
0 3 64.1104 5
3 2 83.3416 4
2 2 95.3204 4
3 3 85.8649 1
5 3 82.7691 0
4 3 84.2397 4
1 5 84.0818 1
0 3 32.8971 1
1 2 63.8953 2
5 5 -3.9579 2
0 2 30.8627 4
1 5 80.2008 2
2 5 53.3553 2
2 2 76.4434 5
3 1 55.3288 2
2 4 57.2914 3
0 0 58.7768 4
4 2 29.3524 2
4 3 60.8592 1
3 1 31.707 0
0 0 40.9328 0
1 1 51.5401 4
0 0 65.465 1
5 0 42.9896 0
2 3 6.159 1
3 5 22.1759 5
3 1 34.535 0
3 3 95.3579 4
5 3 62.9886 0
1 0 87.4185 4
2 3 36.3888 1
2 4 -1.8346 3
5 4 54.0048 3
0 4 47.4419 0
5 4 77.2054 3
1 4 21.8284 4
5 1 66.1215 3
2 3 14.5547 3
3 2 28.7064 4
3 1 95.5274 3
1 4 71.2736 0
5 5 56.4534 5
2 2 17.3838 2
0 1 59.9637 4
5 3 30.0646 5
5 2 35.289 3
5 2 14.3314 0
0 4 32.6889 4
2 2 64.7904 1
0 4 52.159 3
4 3 58.8685 2
3 4 39.5844 4
3 3 19.0977 0
4 0 91.3634 1
2 3 69.3363 1
1 3 17.0179 2
5 4 90.6565 0
2 2 61.6992 3
0 1 19.8792 1
4 4 65.6944 1
4 2 78.01 0
1 3 53.4029 3
4 0 -9.0506 3
4 0 3.0776 5
5 1 16.7429 4
1 3 19.4873 2
3 5 58.934 4
5 1 35.9549 4
0 1 66.1587 1
1 4 44.6594 5
1 0 37.0824 3
3 0 7.2025 1
3 0 27.2929 4
0 1 38.4967 1
3 1 95.3926 2
1 4 74.003 0
1 3 9.4766 3
0 0 73.7213 0
5 1 18.2585 4
1 2 60.2723 5
3 0 87.5646 4
4 2 92.8925 5
0 2 31.2739 4
2 3 13.9747 3
5 1 42.4796 4
2 4 98.34 3
1 2 58.2973 3
0 1 43.6942 1
4 1 37.9731 1
1 4 86.982 1
0 5 22.2542 0
5 0 94.4343 3
3 3 99.2563 1
3 4 -4.6205 3
0 5 25.8421 4
1 0 14.2174 2
5 2 69.4273 4
5 0 29.2808 2
5 0 74.7013 2
4 2 46.9982 4
4 1 76.0213 0
3 5 77.485 3
3 0 -0.5154 5
2 0 -8.4694 2
4 1 39.2231 1
0 0 8.1289 5
4 2 59.6833 1
5 2 33.3534 5
0 3 65.3416 3
1 2 9.094 0
3 3 96.1844 2
2 3 99.1908 4
1 1 94.4786 4
2 5 12.4337 4
3 4 48.1103 0
5 4 64.903 1
0 4 44.779 3
5 5 70.6132 1
2 0 46.8431 1
1 4 -1.2525 2
4 1 89.6103 0
5 5 57.9652 0
4 3 81.1169 5
5 4 48.9871 4
0 4 50.5918 4
2 4 84.2535 3
4 3 4.8496 3
5 5 71.1009 0
1 2 66.8358 4
1 0 13.0064 4
5 2 81.8005 3
0 5 87.5983 2
0 4 75.5576 2
1 1 79.8161 2
5 0 82.1042 4
1 0 -4.4657 4
2 1 73.3874 0
5 3 21.6968 3
3 1 5.0662 2
5 2 25.2716 3
3 2 84.0894 5
1 1 5.3234 4
2 2 29.4131 4
1 0 9.5557 2
2 1 21.9345 3
4 5 16.5615 2
2 5 42.729 3
5 1 64.5584 4
4 4 66.675 5
3 5 78.4614 0
2 4 55.0737 4
2 1 56.8378 3
2 5 98.7614 3
1 5 68.7469 3
2 1 35.6757 5
4 3 74.8453 5
5 0 26.0454 5
0 0 84.1075 3
0 4 -2.7737 1
4 1 65.1147 4
3 3 63.8986 1
4 1 25.6557 3
3 1 46.9145 2
1 5 77.055 2
4 2 31.9581 1
4 5 57.8239 2
3 3 30.3373 1
1 3 39.0555 2
3 0 97.1134 3
5 2 11.0473 5
4 0 67.338 3
4 2 95.1503 2
1 3 44.4254 0
5 4 57.3955 3
5 3 -1.4088 1
1 1 99.0179 1
1 4 99.5104 4
5 4 62.0905 5
3 3 67.0159 2
5 1 95.8323 1
1 4 35.1418 0
0 0 4.1626 0
2 5 28.8141 5
5 0 30.2207 0
4 5 52.6873 5
0 1 1.0939 0
5 0 59.0591 3
1 1 14.907 3
3 4 79.8274 0
4 4 54.5381 4
4 4 4.8786 2
5 0 53.3935 3
1 0 50.984 5
3 2 51.606 4
3 0 73.1731 4
1 0 60.924 1
1 2 37.9217 2
0 1 59.4972 1
5 0 53.4141 5
0 3 8.1103 3
2 4 20.6491 0
4 4 10.1475 4
3 3 10.5929 2
0 2 2.2755 5
2 1 2.949 4
5 5 76.304 3
3 0 1.2714 3
5 3 92.8875 1
1 4 89.8526 4
0 3 35.1394 4
5 5 49.6028 4
0 0 61.1157 0
3 2 43.9138 5
4 0 69.8405 4
3 3 31.1896 5
4 0 43.2913 5
3 4 97.158 1
0 2 50.0948 0
1 0 88.401 1
2 4 10.3217 4
0 5 83.7705 4
1 2 40.3327 5
1 1 61.4546 3
4 4 77.9842 4
4 0 85.5545 4
1 1 65.1377 5
4 5 65.0882 3
2 2 76.7605 0
4 4 90.5019 2
0 5 49.6887 2
3 0 80.4267 4
4 5 84.7536 0
0 2 38.2594 1
4 0 83.6532 4
3 4 29.1412 2
4 0 72.7078 0
5 1 58.2649 5
5 1 87.334 2
5 1 12.252 0
1 4 39.2168 5
4 4 76.2262 1
0 0 49.8456 5
0 0 16.0262 4
2 3 77.1077 1
2 3 0.9194 5
5 5 75.8004 4
5 5 9.2379 3
0 2 81.448 2
1 0 70.7004 0
1 1 14.9245 3
4 4 69.2313 0
5 5 59.9511 2
5 5 25.5053 0
4 5 54.4851 1
0 4 17.0928 0
3 0 99.3695 5
5 4 -1.7388 2
5 1 86.6908 3
4 2 34.4079 3
3 5 45.2654 0
0 2 67.8005 0
3 3 96.4709 0
1 2 76.8464 3
1 4 59.8948 2
1 0 4.2404 5
3 5 33.7595 1
4 5 29.3981 4
1 3 -8.722 0
4 0 89.7439 1
1 0 27.8079 1
4 1 99.3963 3
2 3 -3.9429 0
1 3 86.1187 4
1 4 89.7758 5
5 3 4.7855 1
4 3 74.7692 5
1 3 63.9168 1
5 4 48.064 2
1 2 60.3656 2
0 5 46.6919 2
4 5 42.7737 1
3 1 88.771 5
1 5 67.7664 0
0 3 92.2702 0
3 2 76.0277 5
0 5 3.1627 3
1 1 -7.658 0
0 3 74.5704 1
3 4 -8.8352 2
3 4 88.096 0
2 3 73.3345 0
5 4 66.1531 1
1 4 29.3857 5
0 1 53.3488 3
5 2 23.4599 3
0 1 33.9592 1
0 3 24.3983 2
5 3 36.6382 3
2 3 96.1798 3
5 4 51.3846 5
4 5 82.6315 1
4 4 -7.4037 1
2 0 44.7795 1
4 4 75.2677 4
0 2 54.5995 4
2 1 92.4863 5
5 1 -3.8333 4
5 4 38.955 0
3 5 8.2248 0
4 1 83.8079 1
2 0 -3.5845 3
1 2 72.276 0
0 3 34.9371 3
5 3 20.1787 0
5 1 63.0844 1
3 4 0.0949 2
4 4 18.3724 0
1 4 47.8945 3
1 0 99.7647 5
1 1 47.9029 3
4 4 20.5542 3
5 2 83.377 0
0 3 68.9762 2
3 3 56.53 5
4 4 16.0109 4
4 4 40.1045 2
1 2 33.9113 5
4 1 16.1193 5
5 2 71.8321 3
2 4 87.9718 5
0 3 7.5072 3
5 0 81.3089 3
3 3 17.1738 0
1 1 7.0793 1
4 4 47.5293 1
1 1 18.7679 3
0 3 29.8686 2
5 4 25.5034 5
3 4 80.9224 5
2 0 57.4641 1
3 3 5.6417 4
1 4 53.2263 5
5 5 23.1504 5
3 1 26.5896 4
2 3 32.5794 3
1 3 92.5365 3
1 3 39.9772 5
3 3 7.4879 0
4 3 11.7276 0
2 2 71.1585 3
5 4 37.095 4
0 0 39.3356 5
4 2 92.8102 0
5 1 11.3132 0
3 5 10.2811 1
2 1 21.9967 0
2 3 11.4809 2
5 5 54.5802 2
0 3 -8.9719 0
0 4 78.5472 0
5 1 29.5291 2
2 1 87.1132 2
0 4 66.8367 5
4 5 75.5426 4
3 4 96.0209 1
4 4 35.7997 3
4 5 60.9557 1
3 1 -3.2957 3
0 2 24.5183 3
3 4 -1.2414 0
2 0 11.429 0
2 1 14.021 3
5 0 99.4444 2
2 2 86.0887 2
5 0 50.8703 2
3 0 98.859 1
5 5 -8.8752 4
4 1 36.9418 5
0 2 93.6892 5
3 4 8.215 4
1 3 42.1341 4
1 5 76.3825 3
4 5 -8.3388 1
1 0 16.4528 1
0 2 87.2336 2
5 4 5.6615 3
4 4 47.4941 5
2 0 93.7629 0
0 5 75.7183 4
5 2 36.7158 2
3 2 68.2775 1
3 3 -6.5403 1
0 5 84.4831 0
5 1 62.2791 5
4 1 23.1741 5
3 0 84.5367 4
5 1 83.7268 5
2 3 12.5726 0
2 0 98.1871 5
5 1 48.7756 4
1 2 29.0683 3
4 0 20.0933 4
5 4 22.3199 5
4 0 90.2878 0
0 4 -2.5253 0
5 2 4.9688 1
3 5 17.1046 1
0 1 34.1153 5
4 0 55.9444 3
2 3 3.5164 4
0 1 33.7241 1
2 3 71.9984 5
3 3 51.6642 5
1 5 84.9265 4
0 1 14.3069 3
0 5 -2.0739 1
1 5 38.1197 5
5 2 64.4198 3
2 0 6.3939 4
3 4 24.2599 3
4 2 98.6583 5
2 5 9.3673 2
1 4 -9.1197 5
1 3 4.183 3
4 5 84.4185 4
3 2 29.7281 4
2 3 35.3795 4
3 1 69.0815 2
2 3 92.4486 1
0 4 94.4795 3
2 5 32.7456 3
2 3 34.4458 5
0 2 75.7681 2
3 3 31.6294 2
1 2 40.8195 5
4 3 48.378 3
1 3 -9.7565 1
4 2 21.7311 2
3 4 77.529 3
3 3 46.3773 3
3 4 98.2426 2
1 0 16.0674 3
3 2 84.2004 0
1 5 51.9475 1
3 0 29.4106 1
1 4 -1.6861 5
4 4 60.9973 5
5 3 45.6629 2
0 5 32.3512 1
1 3 38.7037 2
4 5 39.6797 4
1 1 98.7311 3
0 5 25.0082 2
1 0 -7.9677 1
2 3 91.3944 3
1 0 52.4476 1
3 5 72.5301 3
0 5 67.5165 3
1 2 0.879 2
5 3 13.1325 5
4 4 6.0473 1
5 5 24.8635 4
4 1 70.5225 2
5 0 19.5398 5
4 4 8.679 0
4 1 0.7801 3
0 2 77.6312 5
4 4 25.4745 3
0 0 16.673 0
1 3 80.9237 0
2 3 3.9671 4
5 1 -4.5984 3
3 2 99.294 0
3 4 83.2293 2
3 3 18.9459 5
2 4 64.6729 2
5 4 18.5852 5
2 2 50.805 0
5 2 64.9584 1
5 4 39.7662 2
4 0 86.396 5
1 2 37.7047 5
5 0 -6.7093 5
0 3 75.7917 4
3 0 15.8195 2
2 5 82.2182 1
2 2 60.6268 1
4 4 32.3225 3
3 1 30.4118 0
5 2 84.2076 4
0 1 81.639 1
0 4 65.7246 4
5 2 9.2824 1
1 2 5.8078 1
2 4 10.6825 2
4 3 79.5514 5
1 2 56.3406 1
2 3 90.4154 4
2 0 39.1944 5
1 1 94.9741 5
4 3 79.2959 2
3 4 -9.0309 5
0 2 58.1794 0
4 3 64.206 0
3 2 59.9288 5
4 2 11.6458 3
3 2 2.1497 1
2 4 64.6058 3
4 5 12.6493 1
5 2 56.3495 1
2 4 75.3973 5
1 4 77.6068 5
3 4 90.2903 4
1 0 46.0978 1
3 5 66.0031 5
2 1 -4.4973 0
3 4 20.2935 5
0 1 89.8039 0
5 0 79.9781 5
1 5 82.4094 1
4 5 17.1605 2
0 2 48.4172 2
0 1 69.9694 3
3 4 76.4012 0
4 4 65.353 1
1 4 27.2474 1
4 5 74.8548 3
5 1 57.3794 5
1 4 75.8002 0
2 4 68.2907 3
3 5 43.3551 5
5 1 80.2209 3
1 0 51.8059 5
2 0 -5.2157 3
0 2 32.6598 2
1 5 68.0916 3
2 4 84.5938 0
0 1 58.3272 3
3 4 87.1666 4
0 5 -6.1692 2
2 1 67.8133 5
0 1 46.5809 3
0 5 42.7241 3
5 0 98.0735 3
1 0 83.8304 2
2 1 89.8006 3
3 3 86.1486 2
2 2 75.7694 3
3 2 -2.7002 1
0 0 4.2407 2
1 2 96.4391 0
5 2 37.2287 3
1 1 98.8415 2
3 0 51.1498 1
3 1 48.8014 5
3 3 79.7714 3
0 5 -8.0239 0
4 0 27.4227 3
5 1 56.3154 2
0 5 84.6793 1
1 2 48.497 4
2 4 -1.551 0
1 1 1.0867 5
0 1 -6.6674 4
1 0 4.3196 1
1 2 79.4816 2
1 3 88.9792 5
1 5 16.669 4
1 3 22.6853 3
0 1 -3.6084 1
2 0 85.1934 5
4 1 89.1818 2
2 1 77.1317 3
1 3 73.8873 1
3 1 28.4403 5
4 0 9.6797 3
5 3 43.6802 1
3 3 -6.6819 5
3 3 37.0863 2
2 1 25.5913 0
4 5 32.9352 1
4 2 -3.4774 4
1 2 1.7862 5
0 2 52.3745 3
5 2 32.6435 5
2 2 91.7498 0
2 1 66.2089 0
4 0 41.0606 0
4 3 55.8481 0
0 1 65.4889 0
0 5 26.1583 2
3 5 12.056 2
3 5 91.2077 3
0 0 24.1954 4
0 4 65.0007 1
4 2 2.7407 0
2 2 18.9439 0
2 3 42.3429 3
3 1 81.7137 1
4 2 83.6071 1
2 3 82.9878 5
5 3 58.025 5
5 2 27.7144 4
3 3 88.6654 1
3 0 75.5385 0
1 5 30.276 3
5 5 3.6191 2
3 2 49.0308 4
1 4 77.0344 1
4 1 -1.8871 3
2 4 -5.4435 1
0 5 63.3622 5
4 1 -7.1055 0
3 5 45.2741 1
0 0 57.8694 3
2 3 35.1561 0
3 4 89.6895 5
5 5 28.0023 2
5 3 74.383 5
0 0 73.2429 4
1 0 62.63 4
5 4 74.4732 5
2 5 8.5289 0
3 0 94.2139 0
5 1 79.4416 0
5 5 39.7821 5
0 3 35.337 1
0 4 95.85 5
1 2 53.0736 1
5 3 20.9576 5
3 0 15.9309 5
1 3 85.6041 3
0 4 85.0999 0
2 2 12.4041 5
5 1 84.2708 4
2 0 40.1727 2
4 0 95.2115 3
0 0 65.0665 5
1 5 34.8902 5
2 4 26.7991 3
5 3 -0.0112 2
2 4 37.2369 1
3 1 66.1359 2
5 5 55.8681 2
0 4 78.9746 2
1 3 63.8102 1
2 5 67.3204 0
5 3 31.6523 1
3 0 88.3689 0
4 4 88.4537 5
3 5 63.9524 0
3 1 3.2718 5
4 1 17.023 2
0 3 2.8038 0
2 4 -0.1746 1
2 2 4.2944 4
5 3 96.6257 1
0 3 -8.2677 4
0 5 9.9287 5
0 3 11.4003 4
1 2 81.6172 5
3 5 -8.1631 1
3 1 14.7107 4
1 0 18.5068 3
0 0 5.7603 2
3 3 16.9873 0
5 4 10.5672 3
5 4 18.3882 0
5 0 86.7425 3
3 0 45.8941 3
3 4 89.1667 0
3 2 57.3263 5
4 4 76.0326 4
3 2 -1.0737 2
0 0 21.0219 3
0 2 29.9466 1
5 3 -1.7548 4
3 0 87.0435 2
2 0 44.0486 5
2 5 52.8048 1
3 4 39.5024 3
4 2 18.0812 1
1 3 36.8487 2
4 2 11.6329 1
0 5 89.8562 5
3 0 18.7113 1
2 5 18.7891 5
4 3 10.3053 1
0 5 87.7881 2
3 5 38.1461 1
3 2 81.7695 1
2 3 -2.7598 2
4 3 29.9404 1
4 2 83.426 1
0 3 -2.9139 5
3 5 4.3655 3
4 2 81.3128 2
5 1 30.013 2
3 2 79.5571 0
2 2 24.9097 2
0 4 2.8156 1
2 0 77.998 1
3 2 25.8121 5
5 1 80.8741 5
0 1 47.8546 1
3 2 -1.7805 0
1 3 97.6359 5
4 0 37.0826 2
3 0 -4.9524 0
0 5 26.3372 5
1 2 83.253 3
4 5 72.0052 4
1 5 6.655 5
1 5 -8.1749 5
4 3 88.4139 3
0 5 0.2904 2
0 0 59.1834 3
1 5 89.2982 4
2 2 48.4997 3
0 4 2.76 3
0 5 7.339 5
2 5 70.9216 4
3 1 67.016 1
0 1 -8.3189 1
0 0 5.7838 1
4 3 73.7773 4
3 0 95.8142 0
0 2 71.1577 0
3 4 36.634 2
3 0 -0.0683 2
3 5 29.4156 2
3 1 24.4373 4
1 0 31.8658 4
1 0 19.5129 3
2 0 73.3156 3
3 1 49.9548 1
0 2 47.2301 2
1 2 -2.4709 1
2 1 33.9251 3
5 2 3.6423 2
4 5 99.0163 5
3 3 20.1463 1
3 0 42.8407 3
1 0 42.397 4
1 3 -7.3554 5
1 2 63.7116 3
3 1 34.2466 0
4 0 -1.3263 4
0 2 63.4457 5
5 1 0.1031 3
0 1 44.8022 3
1 1 48.782 0
2 5 99.2151 2
5 1 94.9797 2
4 0 52.4823 5
0 4 77.1512 0
0 3 38.1253 2
5 0 21.2772 4
4 1 54.8509 4
3 5 3.7658 5
0 1 39.1367 1
4 5 67.9441 3
0 2 -1.44 0
2 2 33.248 2
5 5 78.2074 5
0 2 44.1703 3
3 5 51.322 1
5 5 69.5219 2
1 3 62.3979 4
3 2 66.8057 0
3 1 81.2935 1
0 1 6.1777 1
1 3 76.1441 5
3 3 -3.1536 1
5 4 97.1166 5
1 4 4.7248 0
3 2 48.789 3
5 2 43.68 1
4 0 12.3661 1
3 3 6.446 2
3 0 13.4607 0
0 1 82.6399 2
5 0 71.9209 4
5 4 20.4608 3
0 4 -3.8786 1
3 0 66.1372 3
2 1 62.5174 1
4 4 12.6073 2
1 2 -5.6772 4
1 2 80.2408 3
4 3 99.6738 2
5 0 65.0 2
4 3 87.5877 2
5 3 48.1862 0
0 5 81.5307 3
1 1 48.3041 2
5 0 12.1214 4
3 2 30.8016 1
4 0 0.0268 1
2 1 61.5778 1
5 0 84.1088 1
5 5 1.0306 4
0 0 86.7689 5
1 1 -2.4724 2
5 5 97.3067 3
5 2 31.0818 2
1 1 18.6846 1
5 2 91.465 0
3 1 41.0777 5
5 4 98.2442 4
0 1 1.0751 3
2 4 59.8062 5
4 0 27.0191 5
3 5 64.8575 3
1 2 -4.3598 0
1 4 50.3309 2
2 5 40.2524 4
4 0 82.6198 0
2 1 60.3817 3
0 2 -0.2506 4
5 1 66.1481 0
5 2 38.1997 5
0 0 63.4747 1
0 3 34.9354 1
1 0 77.6082 4
3 1 -3.912 5
3 3 85.7398 0
2 0 25.0004 0
3 2 13.0516 3
1 4 91.0805 1
4 2 12.4448 0
5 2 -7.4158 5
0 3 32.4147 3
1 1 31.126 0
3 1 11.7413 2
4 5 2.512 5
4 5 40.263 1
2 1 87.0342 2
3 0 21.8606 1
1 0 8.7248 5
3 1 91.439 3
3 1 29.71 3
0 5 57.576 3
3 0 29.9528 5
3 1 54.281 2
0 1 44.2091 1
1 2 54.5424 3
1 5 88.6036 2
4 1 87.8357 2
3 3 5.9402 1
4 2 48.6099 5
1 5 9.5715 4
3 5 22.0049 0
2 1 83.9929 2
3 2 6.9957 5
3 4 28.3915 4
5 2 73.3578 5
4 3 69.1364 3
4 0 11.6137 3
2 1 7.5811 1
5 1 64.435 3
3 4 32.967 1
3 5 13.9702 1
3 1 27.7735 1
2 3 39.8231 4
5 1 30.167 2
0 5 48.1993 1
1 1 70.9948 2
2 3 52.1237 3
3 2 40.4097 0
0 0 93.2002 0
0 1 1.7495 0
1 0 58.7907 2
5 4 95.3313 4
0 0 -3.8116 0
3 4 97.1643 3
0 3 85.0062 4
5 3 70.1523 2
4 5 0.9997 0
0 3 54.9294 3
