3 4 52.1406 4
4 2 78.086 5
0 4 47.4936 1
0 4 63.4719 2
0 0 84.8287 5
5 1 84.8903 1
4 4 7.2447 3
3 5 64.2556 1
5 0 64.1218 1
3 0 37.6539 3
0 2 89.9028 5
1 1 55.3691 1
4 1 42.9129 0
3 5 85.4377 2
2 5 99.8382 0
5 4 48.3478 2
3 1 56.8336 2
2 5 -2.0036 5
3 3 6.8192 2
1 2 14.0757 4
3 1 10.3344 2
0 0 -1.9363 5
4 4 28.9822 3
5 0 79.2863 1
4 2 60.4287 0
0 5 47.7173 3
3 4 11.3728 5
1 2 40.7547 4
2 1 69.3373 5
3 5 55.7248 4
1 4 39.7669 4
5 2 10.3742 4
1 4 83.3673 0
0 5 23.7091 0
1 5 79.1976 5
4 1 24.9044 3
4 0 91.9139 1
3 5 69.2767 5
1 3 33.1568 0
0 4 28.8206 3
4 4 50.525 4
5 2 49.3311 1
2 2 66.2722 2
4 5 10.9911 0
2 1 13.0196 5
3 2 38.053 3
1 3 72.9268 2
0 0 59.9016 2
0 0 16.1607 3
5 2 71.011 2
5 1 91.9927 2
0 3 55.7913 4
2 0 79.2554 0
0 3 -6.3898 4
0 1 14.6208 3
0 1 28.0305 1
1 5 40.1599 4
0 1 79.9538 2
4 0 93.8117 1
5 5 -5.8121 2
3 4 -9.7493 0
3 0 4.4185 1
3 1 10.926 3
5 0 86.4742 4
0 2 56.1809 3
5 5 71.311 3
5 4 -6.2773 3
3 3 54.3558 4
5 1 61.9671 5
5 3 80.4524 3
0 4 61.546 2
4 1 -5.859 3
4 5 14.9755 1
3 2 48.8437 3
2 5 84.6168 1
3 3 74.6298 4
3 3 9.473 1
1 2 82.493 4
4 2 98.649 5
1 2 39.703 4
4 5 99.367 1
2 2 6.0784 5
0 4 37.6001 1
1 4 27.3995 2
4 1 31.2185 3
4 1 39.9687 4
1 3 19.173 4
3 3 -8.7778 4
5 5 1.0374 4
0 5 33.8583 3
0 5 35.1972 1
5 3 8.841 2
3 5 23.7598 3
5 2 28.3581 2
3 4 48.281 5
2 0 72.8871 3
5 2 -6.6832 2
2 0 53.7312 3
0 2 32.5417 0
3 4 -5.0058 5
2 2 28.3592 1
5 3 78.6632 1
5 5 52.9333 5
1 3 66.4883 1
4 1 -6.1774 2
3 1 13.9453 4
1 3 84.5357 3
1 3 74.1644 2
5 1 86.5653 2
3 1 10.9472 3
1 5 79.4689 1
1 5 49.0489 3
4 0 52.1656 4
0 0 -8.7701 2
2 0 33.6085 3
2 0 66.4822 2
3 1 37.1376 1
3 1 15.9571 2
4 1 38.3237 1
2 0 -0.1481 2
5 0 86.4049 2
3 0 46.9276 2
4 2 25.8235 1
2 4 15.5686 2
1 5 53.0515 0
0 3 51.0039 1
4 4 -0.7921 4
3 4 72.7675 4
5 1 79.5355 2
3 2 9.7925 4
0 4 92.7258 5
3 1 -9.3795 2
1 4 -0.3445 1
3 3 6.4163 5
5 2 36.0176 5
1 3 59.3861 0
5 3 39.6626 3
4 5 1.4217 1
4 3 58.7673 1
5 1 24.2874 3
3 1 24.6407 5
4 1 10.9829 5
5 1 98.7284 2
0 5 77.1089 3
3 2 63.9161 3
4 1 -0.1382 4
5 5 68.2019 5
4 4 87.0732 3
5 2 72.7239 3
1 3 12.6024 2
0 3 18.2446 5
0 2 3.0252 0
0 0 74.2822 2
1 4 89.93 1
5 5 51.4306 5
2 0 50.8262 5
1 4 62.0982 3
5 4 51.6758 2
5 2 -9.9193 4
5 1 47.6013 3
3 5 -3.4776 2
1 2 48.0924 0
3 4 85.5875 4
5 3 21.5213 1
4 4 -4.7938 1
1 0 32.2887 2
0 1 27.4675 3
3 0 14.1916 3
5 5 63.356 2
5 4 99.8486 1
2 1 -6.9933 2
0 0 -9.6273 0
0 1 97.334 2
1 0 11.3572 4
0 1 89.0354 4
1 0 96.8507 5
0 4 14.5795 3
2 4 53.4689 1
2 2 35.0472 4
4 2 39.4548 4
0 1 32.4646 4
2 4 57.3888 4
1 2 32.2446 4
1 4 47.1709 4
2 2 -4.4659 1
1 2 87.6625 4
4 4 17.0263 5
1 3 81.2472 0
4 1 5.4912 4
0 3 26.6282 1
2 5 85.8268 1
2 0 70.9776 5
3 3 61.5163 3
5 0 42.1149 0
3 1 13.3137 4
0 3 0.0553 1
5 2 20.8989 0
1 3 76.8876 2
5 3 12.6685 1
2 1 -8.4519 2
0 4 99.7362 3
1 1 -6.1408 2
4 0 31.7625 3
0 2 -1.8857 3
4 4 86.1386 0
0 2 38.1083 0
0 5 11.9922 4
1 1 37.8964 5
3 0 86.0754 0
5 5 2.0987 3
4 4 37.0051 5
0 2 8.1053 0
5 3 34.614 4
0 2 64.9888 3
0 3 26.6112 3
5 2 44.9232 5
0 5 57.2954 4
1 1 -3.4691 3
4 1 34.2104 1
0 3 27.5308 4
1 2 18.9493 3
2 3 4.521 3
5 5 53.8191 1
2 0 -6.3265 2
4 3 84.4838 4
3 4 21.2383 2
0 3 84.2176 5
0 4 52.6689 2
1 0 71.142 0
4 0 87.9394 2
3 4 6.2221 5
3 4 4.2089 4
5 0 28.8262 3
0 3 12.2221 3
1 0 23.713 1
1 4 46.5347 1
5 5 -8.0851 0
3 1 53.1056 1
0 2 28.6904 5
5 1 48.3704 4
5 0 85.7117 0
0 4 -0.614 4
1 4 19.4768 5
3 5 60.0347 5
0 1 1.8313 3
0 3 -3.1728 4
4 3 99.8674 0
1 3 96.5988 0
3 5 60.4961 2
5 0 62.2897 2
2 0 4.5187 4
2 0 93.6424 4
0 1 42.4836 3
1 4 70.516 3
4 2 35.8634 4
3 2 31.5171 3
1 1 90.9091 0
4 2 56.9041 5
3 1 58.1468 1
1 4 25.3123 2
5 5 69.5848 5
3 1 97.1751 3
0 0 12.3477 2
1 0 -1.267 4
0 0 5.2835 5
3 4 3.8018 3
2 2 43.3161 1
2 5 90.4085 5
4 4 82.4882 4
1 3 67.3798 0
5 5 98.5652 4
1 2 14.7561 4
5 2 57.77 2
0 5 41.949 5
1 0 93.0762 2
5 2 88.0053 2
4 0 24.4396 5
3 3 69.6358 5
3 3 33.4704 2
0 4 13.7903 3
0 0 78.5808 0
1 2 63.1976 3
4 0 50.3108 3
5 5 49.6612 3
0 3 30.4111 1
3 3 86.3726 4
4 4 1.9874 5
0 4 11.1717 2
3 2 68.759 0
3 2 7.5118 4
0 5 72.4672 0
5 2 16.0613 1
5 2 42.2942 5
2 4 15.377 2
3 3 -5.8075 4
5 5 37.8358 2
4 4 79.3048 2
2 2 57.7672 4
4 3 19.4622 3
0 3 47.3033 4
5 0 63.0888 5
2 0 47.9797 4
5 0 92.0037 0
0 4 87.4733 2
5 4 7.6599 4
2 2 38.3664 1
5 5 30.2946 0
0 2 23.8059 4
5 1 20.7875 4
2 3 25.5077 2
5 1 98.5211 4
2 1 49.3787 3
5 4 22.782 2
1 2 50.1919 4
4 5 30.7606 4
3 0 83.0883 1
1 5 -7.5682 0
4 1 7.419 4
5 4 -9.624 0
2 5 -9.3545 5
3 3 66.0938 2
0 0 45.791 1
4 5 98.0485 1
1 3 33.8956 5
5 0 56.1386 0
1 5 78.1137 4
3 4 23.3623 4
4 4 78.9183 5
3 1 75.7077 2
4 2 11.7587 5
0 4 91.6937 3
5 5 55.2292 1
2 5 81.9433 3
5 5 43.729 3
5 5 -1.9075 3
4 5 2.4088 0
0 2 54.2823 4
5 1 40.6494 3
0 1 99.0848 4
4 1 1.7206 1
3 5 70.4794 5
4 4 91.3284 5
4 0 69.0534 5
2 3 23.1215 1
4 0 -0.3826 1
2 1 -8.8524 5
2 2 38.4928 3
0 1 0.5698 4
0 1 93.7856 2
3 5 65.6145 5
0 5 65.2698 3
2 3 37.4494 4
3 3 35.1091 4
2 1 6.5281 0
1 3 47.9821 5
5 5 94.7365 0
3 5 74.992 5
2 5 77.7819 0
3 4 87.3481 5
3 5 85.0328 3
0 2 1.8762 2
5 4 30.6052 3
2 1 -6.0886 0
0 3 17.587 3
4 1 63.9843 3
1 1 91.7248 4
2 5 95.337 5
4 4 80.3168 3
2 0 28.7493 2
5 2 -3.925 2
0 2 66.1817 4
2 4 42.1231 5
4 5 -2.7871 2
1 1 39.2379 3
0 2 99.1226 1
0 3 -1.0183 3
1 1 29.0193 0
0 1 41.8402 5
2 0 41.0427 1
4 5 15.2243 5
2 3 61.8468 4
5 2 -3.0914 1
0 2 34.1506 0
0 2 91.5634 4
5 1 21.6782 1
2 4 61.6335 1
2 1 54.4954 4
3 3 -8.8592 2
3 0 22.0436 4
4 2 54.7583 3
4 4 40.7874 1
3 3 20.1793 5
4 5 42.8599 1
2 4 7.5404 1
5 4 27.5253 4
1 1 84.5572 3
2 2 -2.6244 1
1 5 35.5658 0
5 2 95.2354 3
0 3 36.1997 2
4 5 37.4371 1
5 3 38.2935 0
2 3 78.536 2
4 5 68.0475 4
5 0 38.0927 1
0 2 -0.5909 0
2 3 26.6284 4
1 2 36.922 5
3 0 74.6762 1
5 0 25.3453 3
5 4 35.0412 4
1 4 10.2314 4
0 0 25.4802 3
5 2 28.1039 3
4 1 87.7101 3
5 3 18.6791 3
5 0 83.5972 5
2 0 -2.0347 0
5 3 73.3987 4
1 3 55.6116 1
1 0 2.3401 5
0 1 75.1069 2
2 1 -7.7646 3
1 4 55.9324 1
2 5 34.1915 2
0 3 50.6811 5
5 3 45.0798 4
1 1 13.5739 3
2 1 76.0564 4
3 5 8.4382 3
0 0 79.4411 2
1 2 47.6824 1
1 0 52.3004 3
3 3 49.2587 2
1 3 60.8604 2
4 3 20.0014 4
1 3 29.706 3
2 5 18.868 5
0 2 51.537 4
1 0 68.2126 4
5 0 86.886 2
5 2 48.4831 2
2 5 29.5791 4
1 1 13.2871 3
5 0 90.386 5
3 0 19.0433 2
0 5 79.154 5
3 2 74.6813 2
1 1 46.0143 3
1 1 42.7315 5
1 4 28.1115 1
0 2 26.6126 1
2 3 81.5621 3
1 5 68.919 5
3 1 81.4849 2
2 1 77.5263 0
2 0 99.7803 5
5 0 43.5921 5
5 5 78.6172 4
2 1 81.7839 0
2 1 24.9864 2
1 1 30.9616 5
3 0 40.8295 3
2 1 -5.3111 0
1 0 6.7705 4
0 0 89.7445 1
4 4 -5.3504 0
3 4 43.9193 1
2 3 66.3733 4
3 5 59.003 1
0 2 98.6661 0
2 0 37.3166 3
0 3 72.4107 5
2 2 10.8229 1
5 2 40.711 3
3 5 91.6154 5
0 5 56.8233 4
0 4 9.4096 5
5 1 98.6732 2
0 0 51.0282 2
3 3 52.2932 0
2 3 35.5606 4
3 5 38.4428 2
4 5 18.139 3
5 0 92.2004 0
4 1 47.4006 2
1 0 68.5885 4
2 3 16.0976 0
1 2 9.9394 2
2 3 71.5822 0
1 4 80.3821 0
0 0 99.2912 2
1 0 79.9023 5
4 2 31.1224 1
2 2 50.646 2
2 0 16.2518 1
3 4 19.665 3
3 0 70.007 1
3 3 8.9037 2
2 4 65.9954 0
3 5 17.6904 4
5 2 8.606 0
4 4 -9.9704 0
5 0 9.34 2
4 4 43.2998 4
3 4 77.5681 5
1 5 19.4177 4
3 4 5.5335 0
3 4 45.3667 0
4 3 25.0572 0
5 2 79.7564 0
4 3 82.7773 4
4 0 23.8257 3
0 5 29.8239 3
3 0 86.0657 3
4 4 -2.9964 4
5 2 25.9885 4
4 3 79.4275 0
2 3 60.3592 2
0 3 79.9621 4
2 1 26.0626 3
3 4 29.1275 5
3 5 66.0783 2
5 4 0.6127 1
1 5 23.8506 4
0 5 97.6553 5
1 1 -7.1248 1
3 4 53.7882 0
4 0 71.069 1
5 1 6.3605 5
2 2 2.0843 1
1 4 84.4805 2
1 5 -2.4801 5
3 0 93.5737 2
0 5 19.7871 4
0 5 -7.8835 0
1 3 82.4133 5
2 5 93.0425 4
0 2 70.3726 3
5 4 86.0597 5
1 0 75.824 0
1 1 51.1534 0
5 2 89.1578 3
3 5 95.772 1
2 0 81.3701 5
5 5 80.1647 1
2 0 34.9939 3
5 2 95.1997 0
5 2 14.1513 0
2 5 39.2345 0
5 3 1.9532 0
4 4 43.3267 3
1 4 -6.5191 2
2 4 78.5994 4
4 5 47.6283 2
0 4 99.7819 5
4 3 51.5219 5
5 0 42.8169 3
3 4 95.7421 3
5 4 29.9259 0
5 4 14.3924 1
0 0 79.2414 1
2 0 76.8901 3
5 2 79.8173 0
5 5 3.3079 0
2 5 86.3913 5
5 1 86.9346 3
2 5 96.7018 1
3 0 5.8486 4
0 3 29.4607 5
5 4 42.1195 4
1 0 58.1612 0
4 2 14.889 1
4 5 77.3875 4
4 1 -0.3555 0
0 1 28.461 0
2 3 69.085 3
1 2 39.1469 5
0 5 54.0261 1
0 0 5.1191 0
3 0 66.3338 2
2 3 0.7359 1
0 5 87.3865 4
4 4 8.5265 0
2 3 50.4364 2
2 0 38.9799 2
4 1 88.7272 0
2 0 26.6055 4
2 0 18.4896 0
4 0 37.5996 5
4 4 38.2372 0
2 4 -8.9822 3
2 3 76.2683 1
0 4 29.8719 2
3 2 -1.264 4
2 2 78.658 3
1 1 99.832 1
5 5 14.9217 1
2 2 53.0512 4
0 1 37.9391 0
5 0 60.4119 1
3 5 11.6112 2
2 4 96.1533 1
3 1 16.0431 2
3 3 1.9046 2
1 2 74.6298 4
1 5 3.6111 4
3 2 92.2792 5
3 3 63.3856 2
0 5 34.0252 5
0 5 71.1344 1
3 0 88.6388 5
0 0 25.2467 2
3 3 -2.5831 4
3 3 68.407 5
5 0 23.7815 1
5 1 32.852 2
0 2 67.5284 4
4 5 65.4182 2
0 5 52.2089 5
5 3 13.1802 5
3 1 -5.5559 2
4 4 18.3355 2
5 3 32.9185 3
4 5 36.1175 3
4 3 58.758 2
5 4 -8.7144 0
2 4 26.8722 1
5 4 -4.5058 2
0 0 -7.0624 5
1 4 19.1139 2
0 0 91.3875 5
4 1 64.7456 2
2 0 64.8511 0
4 0 26.2974 4
2 5 0.0059 0
0 3 47.0232 0
4 2 0.0716 2
3 4 80.3452 1
2 4 88.0621 4
1 5 57.3691 1
3 4 4.555 3
1 0 19.827 5
4 2 40.8847 4
0 3 22.7585 3
1 0 20.4677 0
5 5 11.4295 0
2 1 70.4021 1
0 5 15.3319 1
5 5 5.686 4
2 0 -1.4295 4
0 5 76.38 0
0 1 85.746 2
2 0 55.5012 3
0 2 51.7255 3
1 3 34.5051 0
2 1 50.6582 2
2 1 7.6079 1
4 5 82.5636 2
0 0 48.7609 2
1 2 94.7526 1
0 3 -3.5177 0
0 5 7.8796 1
1 3 80.5586 3
3 0 33.5328 0
3 5 -7.2788 0
1 3 66.5083 2
2 3 79.9239 5
3 4 15.857 1
2 2 49.8547 2
3 2 61.1414 1
4 4 60.9078 2
5 4 0.6885 3
2 3 39.0726 1
3 1 25.7335 0
0 1 75.8935 5
3 0 34.0631 0
3 1 72.9124 2
3 4 64.6035 3
4 4 -0.572 1
4 4 63.3927 3
1 0 74.5175 3
3 0 9.7501 2
2 5 64.9735 1
4 4 38.6761 2
0 4 27.1462 2
2 4 84.5796 5
5 3 18.083 4
0 2 38.4997 3
2 1 82.4542 2
4 3 74.5374 3
0 3 93.8012 2
0 3 71.9143 3
4 3 60.8311 2
4 1 18.2874 4
5 2 31.8703 4
0 0 7.8195 0
5 5 -2.7783 5
4 3 14.9538 5
5 3 79.0643 0
1 5 93.2911 2
2 2 24.4523 3
3 2 91.4948 1
1 4 54.6 0
1 0 17.6473 4
1 3 4.7748 0
5 3 44.7127 5
5 1 33.9568 1
5 3 40.1369 5
4 3 50.5865 1
2 5 94.7493 4
5 4 17.0756 1
4 3 83.1679 5
3 1 -3.2881 0
3 5 53.6871 4
5 0 53.1004 3
0 0 76.1869 4
2 3 98.8047 5
1 4 11.3715 2
5 0 38.8934 5
4 0 2.3791 1
4 0 28.6824 4
3 1 22.1608 3
2 4 79.0217 5
3 5 36.717 3
1 4 58.9054 0
3 5 99.4018 5
1 0 98.6086 4
3 1 59.3353 3
3 0 47.8224 5
1 2 16.8232 1
3 0 52.8914 4
2 0 69.05 4
2 0 37.1573 4
3 3 0.8115 0
1 0 64.9804 5
2 3 82.8598 4
1 2 23.456 4
5 0 25.9779 0
1 1 66.4439 1
2 0 42.0473 0
4 3 -6.1902 2
3 3 -1.1571 0
2 4 42.1045 2
1 4 73.5127 0
5 4 99.5451 2
4 2 81.2134 3
1 5 48.1487 5
3 3 95.6121 2
5 4 62.4157 2
2 1 47.1975 3
1 5 42.2265 1
0 1 93.0587 3
0 0 -1.5692 4
2 0 70.1739 4
5 0 44.246 3
3 0 11.6364 0
5 0 81.3259 0
0 2 27.6663 3
4 4 52.2261 0
5 3 80.0898 3
2 3 13.4638 5
5 2 41.0394 5
4 5 10.2354 3
5 0 56.5331 0
1 4 -2.6524 4
2 0 94.1794 1
2 3 62.6576 1
0 2 2.1788 3
4 5 84.5115 4
3 3 83.3371 5
1 3 47.5631 3
0 1 -4.5119 0
0 5 20.5678 2
1 4 18.6206 2
2 5 41.7775 5
0 3 79.0432 5
1 4 -1.8743 3
5 1 -6.0649 5
3 1 55.1893 1
5 0 4.6781 1
3 3 45.8733 3
0 4 0.9705 3
5 1 94.9415 0
2 1 -2.6312 1
0 0 12.331 2
3 2 72.172 3
4 0 -5.6756 0
2 4 65.4633 1
5 1 21.6742 1
3 0 32.5016 3
2 3 63.7738 1
3 3 40.1227 0
0 3 33.324 4
4 5 99.7833 1
5 5 10.3063 1
0 5 27.7394 5
0 0 23.8591 2
0 4 56.4825 3
5 0 20.6944 3
2 2 85.7574 4
0 2 43.2784 5
1 4 9.5831 5
1 4 36.9541 1
1 1 26.5637 5
5 4 84.5749 3
4 0 82.0663 1
5 5 -0.7609 5
4 3 74.5433 1
5 4 43.2139 1
0 5 61.0717 0
4 2 33.9203 2
4 0 29.7098 4
0 0 80.2606 1
5 3 61.9832 0
3 4 26.4101 3
0 4 65.034 1
2 4 34.4222 0
3 5 54.882 1
0 1 76.8008 3
0 3 41.0464 4
4 2 88.8012 4
3 2 41.0268 1
1 0 53.3937 0
1 5 -0.9949 4
5 5 86.2646 0
4 0 54.7984 0
2 5 1.4814 4
0 2 36.9018 0
5 5 51.2457 1
5 5 18.1625 4
4 1 70.8657 5
1 1 16.4881 1
4 2 36.4534 1
1 3 90.5493 5
1 5 80.7675 3
2 5 96.24 0
2 3 27.3737 0
1 0 82.7932 0
3 1 16.8308 2
1 0 -0.9833 4
2 1 46.9667 4
4 4 69.0493 0
2 0 18.5453 2
4 5 68.2411 1
1 0 68.6028 4
5 1 33.1861 0
5 4 20.4974 5
3 2 -5.0836 4
0 3 27.3732 5
3 1 53.9316 4
4 2 33.3626 3
5 4 68.1103 4
2 4 97.1619 1
5 2 14.6074 1
4 3 37.3192 4
4 2 6.6549 3
2 1 98.8863 4
5 4 11.355 5
2 1 73.5761 5
5 0 10.4645 1
4 2 60.3161 4
4 2 77.1323 0
5 2 2.756 2
3 3 4.0194 5
3 3 69.1353 0
3 0 37.3013 5
4 1 62.7046 2
2 4 3.0108 3
3 4 5.4156 4
4 2 10.6658 5
3 3 54.8581 5
5 0 15.2648 0
3 4 69.0302 1
4 5 88.7469 1
1 0 41.8421 4
5 5 6.253 1
2 2 77.5615 5
1 0 69.4585 2
1 4 92.3755 2
3 0 47.4676 2
0 0 54.7447 5
4 4 7.5289 5
4 2 50.5686 3
0 1 46.0684 3
1 1 61.4953 3
4 2 93.8869 4
2 4 70.6423 1
3 3 38.5598 4
4 3 96.5444 3
2 2 46.3606 0
1 1 96.067 5
1 1 16.4288 0
5 1 23.171 5
3 3 43.772 5
0 0 99.751 5
4 5 -7.3203 1
1 4 64.0338 3
0 4 76.7631 5
1 2 27.268 5
1 1 27.4919 1
5 2 28.7302 4
5 5 33.1822 1
3 1 13.4047 2
5 0 3.3517 1
2 4 83.0675 1
4 1 39.524 3
0 1 3.5956 3
5 3 48.9783 3
4 0 52.381 3
3 1 72.9894 0
2 4 -9.0095 0
3 3 51.8819 1
3 3 59.9493 2
4 4 66.0527 0
2 5 -9.7943 4
1 0 88.3105 4
1 5 14.8955 3
4 3 89.9262 0
3 5 62.4303 0
5 4 49.5305 5
5 5 9.043 3
0 2 28.3267 4
2 0 31.6517 2
0 2 39.3526 0
4 2 85.071 2
0 0 37.3015 5
2 2 0.6236 2
3 4 45.4594 0
5 1 11.748 0
0 4 95.832 4
4 2 90.9522 5
3 0 -3.8264 5
2 2 88.3526 5
4 1 81.4872 2
0 4 78.7969 1
0 1 33.2732 3
5 3 6.2431 0
4 3 1.5664 2
3 3 -2.8943 0
5 5 47.3189 3
5 4 1.3629 4
0 2 61.282 1
4 2 43.4953 5
4 2 60.6523 4
2 1 56.5621 4
0 2 -0.1876 1
4 4 52.8506 4
0 3 98.5173 3
3 2 97.6248 3
0 1 34.1951 4
0 4 15.7811 3
2 2 90.1315 0
5 3 52.0726 1
3 4 81.0336 3
2 2 3.8876 4
5 0 6.6104 1
0 5 24.9998 3
5 0 85.6515 0
4 2 8.568 2
3 0 -0.4465 3
5 3 22.7372 5
4 3 52.7714 0
5 2 43.4289 3
1 1 46.7574 1
2 1 62.888 3
0 0 -8.6587 2
2 4 48.343 1
0 4 41.8122 0
0 0 27.3723 1
5 3 50.2478 4
1 4 55.41 5
3 4 -7.8316 5
1 4 62.9169 2
5 4 28.4476 1
3 5 -3.524 4
3 2 38.4572 4
4 2 35.4327 3
3 2 97.5883 5
4 4 -3.0757 5
1 1 94.8971 3
4 0 83.0489 0
0 4 37.0431 1
2 4 31.0634 0
0 5 75.0759 1
1 3 26.4917 4
1 2 75.3304 5
5 0 2.3165 0
4 4 87.6498 0
1 3 64.0915 0
3 0 3.8237 1
2 5 12.5299 0
3 3 -6.6186 1
3 0 16.0636 2
2 3 -8.4144 5
0 2 33.5127 5
0 2 57.6196 1
3 3 98.987 5
4 0 25.7917 1
2 0 77.3416 4
