3 4 69.5251 0
0 2 6.2603 3
0 1 53.9828 4
4 0 64.6647 2
3 0 62.1232 5
1 1 93.5974 3
1 4 22.5544 2
2 1 88.2574 3
0 0 -3.9046 4
0 0 -1.0328 2
0 1 52.5954 1
4 3 6.9278 3
5 0 44.6067 1
5 5 50.4415 5
4 5 -0.988 5
2 5 90.7362 2
4 0 46.0634 2
4 0 36.263 0
0 5 57.9911 3
0 0 45.517 1
4 2 83.0769 5
4 1 19.4019 1
0 2 -5.7841 5
5 0 65.1678 2
1 3 -4.1075 2
4 2 66.8635 1
3 2 53.7573 3
2 1 -8.3877 0
5 3 47.9045 0
1 4 30.5087 0
2 4 95.1526 2
0 0 60.929 5
4 4 90.6635 2
0 4 -5.7519 2
0 1 67.6258 4
0 3 87.2695 5
3 1 12.0266 4
1 3 89.7072 5
4 1 14.7901 0
3 3 89.6712 2
5 3 42.4088 3
3 5 76.2401 0
3 3 -3.4419 3
1 4 -9.9662 2
2 0 -5.9918 4
1 4 25.8483 5
4 1 9.658 5
2 1 24.1561 4
1 4 84.586 1
0 2 6.5258 0
5 1 61.956 0
1 1 97.7126 2
4 5 80.4329 5
1 2 4.3852 1
4 2 62.0622 2
5 3 60.3031 0
2 5 28.1668 5
1 2 1.5432 5
2 5 46.4763 1
4 1 78.7015 5
1 1 76.4826 0
0 5 99.2097 0
4 3 -7.5083 2
5 5 83.9384 5
4 0 84.5367 4
1 3 -3.0117 5
3 4 27.945 4
0 1 -4.8149 4
4 0 90.4509 2
4 0 90.4626 3
1 1 66.4546 1
0 5 68.7149 1
0 4 3.8142 0
1 2 32.5451 1
4 3 43.7442 2
5 2 29.9739 4
0 2 22.9927 3
3 0 55.5296 3
0 2 95.9438 0
0 5 29.1531 4
5 5 13.5143 2
2 5 -6.556 4
3 4 49.2749 1
0 1 72.1885 4
2 3 85.8765 2
5 0 42.3009 0
1 5 78.9789 0
3 2 97.0319 5
5 3 44.5625 3
2 2 72.69 2
4 5 84.7205 5
4 2 28.5587 0
0 0 30.0297 1
3 2 59.0478 0
5 5 3.7819 1
3 0 13.0531 5
2 4 -0.3291 5
3 1 30.4633 2
1 2 13.716 5
5 0 90.8783 1
4 0 39.4384 4
0 5 72.9035 0
1 3 58.9074 2
2 5 42.4324 4
1 2 50.7243 4
4 0 83.1112 1
4 5 9.2459 1
3 5 98.8659 0
0 0 46.5253 0
3 0 68.5799 0
0 0 6.3747 1
0 5 -5.5482 2
5 5 45.6361 5
3 0 75.85 1
5 1 67.5581 3
5 2 9.3208 4
2 0 36.6958 5
4 4 11.675 5
5 2 95.3595 0
5 1 6.2272 3
2 5 9.5916 3
2 5 1.4915 4
2 2 31.2544 3
4 5 91.8535 3
5 2 76.5133 2
5 5 70.2506 0
2 5 18.72 0
0 1 79.0991 5
3 3 31.5552 2
4 3 24.0337 5
3 2 76.5923 1
0 0 10.5478 2
2 0 38.5654 0
3 3 6.4282 1
4 1 64.3434 5
5 2 85.393 1
0 1 84.9936 4
5 3 62.8566 0
1 0 75.5511 0
1 2 73.3827 0
3 3 -2.1948 5
3 5 67.35 1
5 4 38.4432 3
4 2 65.0504 2
4 3 17.7635 5
2 1 54.9229 3
3 3 87.9154 0
1 0 28.7339 1
1 4 -6.9094 4
3 3 6.4779 4
4 5 93.4666 4
5 5 72.0049 4
0 5 81.7239 5
4 2 36.9027 4
2 0 82.8877 4
0 3 4.4474 3
3 0 45.6463 4
3 3 4.8838 3
0 2 97.2887 2
5 4 71.2303 3
5 4 3.5427 4
4 0 95.3995 0
4 3 49.3678 0
3 4 64.8106 2
3 5 91.3634 1
2 2 3.5908 4
3 4 24.631 2
2 4 80.4317 4
2 4 32.8871 2
5 1 -8.3802 2
5 1 27.1246 3
0 5 49.4023 3
1 3 48.6657 1
4 5 55.4367 2
4 1 11.1365 3
2 1 38.2481 5
5 5 15.7729 3
5 0 88.2768 4
0 1 5.2577 1
3 1 26.8683 0
0 0 61.6442 3
5 0 86.8422 1
1 1 11.9986 0
4 3 42.3421 4
2 3 3.9971 0
2 0 85.6732 5
4 5 62.3316 0
5 4 -5.7289 1
0 0 -7.2434 0
4 3 18.4366 4
4 4 31.9681 1
4 5 28.9988 1
1 5 93.2675 0
3 5 31.9804 4
1 5 87.023 0
2 0 26.7304 5
5 2 26.0889 3
1 5 5.8217 3
4 1 49.2139 2
3 2 65.7472 4
1 4 85.8489 5
4 0 39.7582 1
5 3 91.4263 3
5 1 76.8726 4
0 5 -8.5246 3
0 0 32.2474 0
3 0 52.4289 0
5 1 94.6994 2
1 5 98.836 1
5 5 0.5848 4
2 1 36.3911 0
1 1 85.7216 0
1 0 63.7926 5
1 2 72.1568 5
1 2 28.6551 4
5 4 -7.2465 5
1 5 84.8377 1
3 0 64.4063 4
3 2 98.8377 0
1 2 70.3546 0
1 2 82.307 4
2 0 61.4181 1
2 2 -9.2652 4
4 5 -3.902 3
5 5 40.1309 5
3 4 -8.9433 1
4 3 9.0028 3
4 1 57.3049 5
5 1 19.2986 0
1 2 68.7313 4
5 0 18.5888 1
5 1 66.2919 0
4 1 79.195 5
1 5 31.4663 1
1 4 7.7637 0
1 2 76.8119 5
1 4 -6.8289 3
0 2 55.2732 5
2 5 36.2016 5
3 5 -9.4058 0
3 0 64.5064 4
5 0 35.1584 1
0 2 72.4171 5
4 5 73.3984 3
4 3 10.3803 1
0 2 6.905 2
3 5 29.577 5
3 5 48.1472 4
3 5 6.9176 3
2 2 56.7912 2
5 3 50.0586 3
1 0 78.2167 1
4 2 19.0336 5
5 3 22.8565 3
5 1 79.414 3
5 1 59.0661 4
3 2 88.4499 1
5 3 13.3536 5
2 0 33.9058 5
5 4 3.6593 3
1 4 28.4026 5
2 1 86.3251 5
2 2 73.7027 5
3 3 60.2426 3
3 2 1.8071 1
4 3 4.3338 3
1 2 31.0952 1
5 5 3.6656 0
2 5 -8.1029 1
4 1 99.6811 3
2 4 42.7607 1
5 2 80.0788 1
2 5 77.6723 0
5 1 40.9497 2
2 0 22.8169 0
2 3 75.2472 4
3 4 -3.4934 4
2 3 78.6965 0
0 3 1.6559 2
1 0 90.3868 0
0 5 85.7894 0
1 2 30.0568 2
2 4 41.7844 1
2 3 78.1999 0
3 3 94.0139 0
2 1 12.2669 5
0 4 21.3105 3
4 2 -1.261 2
1 5 67.9183 4
4 4 42.1507 3
0 3 71.17 2
5 5 77.4634 5
3 1 45.1181 1
5 5 12.4599 3
0 2 76.0122 0
0 5 -9.3569 2
3 5 -3.8679 2
1 4 65.9697 4
4 3 0.1237 3
4 4 96.771 3
0 5 28.464 5
0 5 20.5185 0
2 0 45.4568 1
3 2 16.4976 3
1 2 79.0125 1
4 3 15.4276 1
0 5 92.8173 1
1 0 83.1211 1
4 5 57.0783 3
4 5 51.7911 2
1 0 61.1861 0
0 4 16.6167 5
3 3 15.3856 1
4 1 76.0978 5
4 1 6.5078 5
2 5 96.1022 2
3 2 60.9789 5
0 0 6.8389 3
3 0 31.4572 3
2 2 22.6057 0
2 5 77.7218 1
3 0 6.002 1
2 5 31.7234 3
5 4 0.4383 3
1 5 66.8163 4
2 2 72.147 2
0 1 28.5852 3
0 4 13.2967 2
0 0 12.5036 0
5 1 96.7783 3
3 0 20.5231 4
0 5 92.6335 0
2 3 47.7132 1
4 0 93.4951 1
0 1 23.8257 1
4 5 51.026 1
4 0 -3.9104 5
3 3 40.0463 5
3 4 65.3709 3
3 2 35.4297 1
4 1 96.5395 0
1 1 21.4228 3
3 5 67.9773 2
4 0 30.2101 5
2 3 95.7813 2
0 3 30.2698 5
1 0 46.7742 3
5 3 63.2578 0
3 1 39.8545 1
1 4 35.6075 4
4 1 26.4306 5
3 3 30.3917 0
3 5 33.9759 4
4 3 75.6316 2
3 0 19.3784 1
1 2 48.9496 1
4 4 68.5882 2
4 3 88.7487 2
4 2 -8.9294 0
5 3 14.7313 2
2 0 73.7427 5
1 5 88.0817 0
5 5 -0.5897 4
3 1 8.3441 4
4 4 96.283 2
5 5 24.5245 4
0 5 48.7284 2
2 2 9.0301 3
5 3 67.8524 1
5 4 41.7201 0
1 0 47.1858 4
5 3 27.4447 1
1 0 57.967 0
0 2 28.3164 3
0 2 61.1895 4
2 2 82.1731 0
4 4 83.0964 4
3 0 59.7218 3
2 5 99.8533 1
3 3 -7.517 4
4 4 55.328 4
4 4 47.2218 2
5 2 70.6425 1
0 1 -6.1569 0
2 2 -2.3121 5
4 5 34.3676 1
4 2 74.2744 3
3 1 -4.3279 2
0 1 51.8006 2
3 4 76.4529 5
0 1 29.1063 5
2 3 6.3053 4
5 5 20.4096 1
2 3 -0.9081 1
5 0 38.0622 5
5 1 72.8362 0
0 5 30.9962 0
3 5 97.6242 2
1 3 73.4397 5
2 1 70.1907 2
3 1 26.6644 5
0 1 20.2099 4
1 4 34.3325 3
0 0 48.0584 3
5 3 82.4453 4
2 0 61.6948 4
0 0 30.4792 2
4 4 26.7612 4
5 0 69.1921 3
2 0 41.4382 4
5 2 28.2835 3
5 1 24.9627 0
3 3 6.2634 3
2 0 68.9514 4
5 5 46.1006 2
2 0 -6.5392 3
0 4 40.1118 2
4 0 12.2009 5
1 5 50.4393 1
1 5 75.2443 2
1 5 12.7735 3
3 2 79.8922 3
4 0 54.6622 3
1 4 67.3386 0
5 3 50.4945 0
0 4 66.8486 2
5 2 77.492 3
1 1 60.6715 1
4 0 -4.0578 0
3 5 94.5708 1
5 0 53.6005 3
1 1 30.3913 5
2 3 77.8347 4
1 0 66.299 5
5 4 3.5219 2
0 0 96.3865 2
5 2 57.255 5
3 2 6.984 2
0 1 58.1991 0
4 5 2.6064 5
3 4 -4.5592 4
5 5 56.0267 0
5 4 55.7064 0
3 2 39.3566 0
1 4 -9.9206 1
3 1 79.5177 4
5 1 88.6523 1
1 3 23.5117 0
3 1 81.9128 4
1 0 29.0451 0
4 4 94.2977 2
1 5 43.7936 3
1 0 6.0977 0
0 1 -4.0341 5
0 4 90.4153 4
4 1 93.0938 0
3 5 48.3481 2
1 4 69.9892 1
3 3 90.1285 0
4 1 54.3154 3
2 0 63.595 0
2 0 76.0749 2
5 3 45.2377 1
5 5 9.9779 3
0 4 -7.606 2
5 4 -1.9455 5
1 3 80.3743 4
3 3 -5.0432 5
4 4 86.1041 4
4 4 17.7569 1
3 5 70.6871 0
4 3 78.3585 2
0 1 38.176 5
0 4 71.3175 3
3 0 73.433 4
0 5 28.7953 2
5 3 87.1355 0
3 0 50.8265 5
3 4 -7.8272 1
0 2 18.1171 2
1 3 8.3143 3
0 1 65.4066 4
0 1 34.8002 3
0 2 40.1811 2
1 3 37.5394 3
0 2 61.8778 4
1 2 29.8516 0
2 0 57.4792 3
0 3 58.672 3
3 0 70.0879 5
4 2 46.7731 2
1 5 24.0439 0
2 1 89.3007 4
5 1 8.4479 0
5 3 79.6712 4
5 5 36.2299 1
0 1 95.2517 1
1 1 28.3895 0
5 2 14.4157 2
5 3 13.8581 3
0 4 2.8219 1
0 2 39.1523 1
4 2 26.4504 0
4 3 48.1966 2
1 5 47.6222 1
0 3 73.9421 3
5 5 24.0437 0
0 2 84.9763 4
2 4 45.4135 4
0 2 66.7453 4
1 2 41.0317 0
5 3 22.2637 2
0 4 82.1226 3
3 4 33.6987 5
3 4 86.5287 1
2 4 1.6764 0
1 1 28.1967 1
3 3 7.7883 0
3 4 50.9243 2
0 4 30.417 1
0 3 83.2071 0
2 4 5.8589 1
0 2 29.2749 5
5 4 73.5348 3
2 5 66.3031 0
4 3 -0.7954 3
0 4 0.7288 2
0 0 79.2516 5
5 1 81.1055 3
5 2 11.7631 2
1 5 68.9918 2
2 3 21.2892 1
2 4 66.15 3
2 0 54.9094 5
2 3 74.8191 3
4 1 87.4646 0
2 3 96.6065 4
3 4 79.4226 4
4 0 92.1489 5
4 2 59.5796 1
3 5 72.4536 1
0 5 -9.3245 1
5 4 1.6772 5
5 5 86.3207 3
4 0 84.7749 1
4 1 64.1002 3
2 5 -9.2103 2
0 1 88.0954 4
5 2 32.6865 3
3 0 23.5376 3
4 1 70.803 4
3 3 5.4122 1
3 4 97.5894 1
4 3 19.9129 0
5 0 79.4236 1
3 0 73.9354 5
4 3 90.5231 3
3 2 80.2238 1
4 0 90.7399 5
5 5 34.04 2
4 4 55.7984 3
4 1 3.9234 5
1 2 64.703 5
2 2 18.6623 3
4 3 83.3207 2
1 1 9.0349 1
0 0 37.6746 4
5 4 92.825 0
1 5 56.6489 2
4 5 82.0855 0
3 1 59.4532 3
3 0 17.9035 4
0 0 -6.2013 2
4 4 35.3608 5
0 5 35.2761 1
1 2 35.5483 0
2 3 46.4068 2
2 2 24.1417 2
2 0 96.2601 0
2 3 60.8 3
4 1 98.4849 4
0 1 50.6511 5
1 5 80.189 4
1 4 77.1011 4
1 1 96.8014 3
3 0 53.3926 4
0 4 88.9716 4
4 3 1.245 4
0 0 73.177 4
0 3 21.5116 1
1 4 -2.166 0
2 4 98.5376 4
5 4 4.5912 0
5 1 84.9997 0
3 3 25.9084 1
4 2 -5.3262 4
1 4 65.5788 3
0 4 68.3 4
4 0 54.4985 2
5 2 84.0539 5
5 1 27.8724 5
3 0 51.2484 0
2 0 18.3762 3
2 1 33.5267 1
0 4 31.0495 0
1 0 60.3596 3
0 0 33.1538 0
1 2 95.9515 5
1 3 49.1253 2
4 2 91.353 5
0 3 74.0702 0
1 5 13.4177 1
2 3 39.6782 5
5 3 67.1186 1
5 3 30.3792 4
1 5 76.3496 1
0 1 77.9333 5
2 2 14.3836 1
5 4 -0.7584 0
5 4 22.6938 3
3 5 94.1659 5
2 1 28.9671 5
2 0 50.078 3
3 4 82.0005 5
5 4 64.5829 1
5 1 23.2554 1
4 0 -2.0176 5
4 2 29.3229 2
2 5 -4.8368 1
2 0 33.1443 0
0 1 34.2665 2
5 5 73.3925 2
2 3 58.683 0
4 5 0.4343 5
3 0 40.548 2
1 1 -1.5784 0
4 3 42.8472 5
5 2 30.0763 2
0 4 39.0089 3
5 1 16.5775 1
1 3 5.5982 3
5 3 81.6869 4
0 3 63.3048 4
1 5 2.2821 4
0 2 61.3966 2
1 2 74.4522 1
0 4 60.496 2
0 5 -7.2672 0
2 1 32.6403 5
4 0 30.7447 3
3 5 62.6826 4
1 3 6.4184 2
3 4 17.5946 0
5 3 56.8105 5
0 1 37.2093 0
2 2 11.2811 5
5 5 53.8321 5
4 1 27.1346 0
5 3 62.2915 5
5 3 -1.2377 3
1 3 0.6837 4
5 5 41.2094 5
0 5 89.2985 3
3 4 99.1023 5
1 0 26.1758 1
3 4 49.4965 2
2 0 31.775 5
1 1 32.3903 5
5 1 31.403 5
4 1 8.1067 5
3 1 22.9342 1
2 2 0.1821 1
1 0 20.2836 1
1 2 69.8589 3
2 5 88.9478 4
3 1 28.1532 2
4 3 -8.0658 1
4 2 -6.0334 2
0 0 39.54 2
4 2 30.2173 1
0 1 82.9912 3
2 4 91.0515 0
5 3 62.4812 5
3 4 33.8056 4
4 4 94.6424 0
5 0 44.6788 1
1 3 68.2202 4
4 0 47.7119 4
4 1 25.8485 0
2 5 59.6425 4
2 0 -3.9966 2
2 4 42.0166 2
4 4 51.8204 1
5 0 60.4475 5
4 2 -3.429 1
0 1 10.2154 1
4 4 18.6654 5
1 4 80.2532 3
3 5 48.9394 0
4 0 94.5166 2
2 3 65.33 3
1 2 23.2529 4
5 1 26.2901 5
2 5 19.7376 1
3 4 8.6414 4
5 0 0.202 2
1 5 14.1822 3
1 2 17.8384 5
1 3 16.5258 1
4 2 99.555 2
4 5 89.6076 0
1 1 32.9926 4
1 1 28.4416 4
1 1 32.005 5
4 3 19.3829 1
2 2 39.2021 5
4 1 30.4674 2
4 5 20.0735 2
5 3 0.8119 2
1 1 18.3247 5
1 5 -7.8263 2
0 2 67.0242 3
0 4 64.0408 2
5 3 96.6885 2
1 5 49.6576 2
3 5 13.0383 1
0 1 15.5404 4
5 0 60.4407 2
4 4 12.5849 5
5 1 62.7719 0
1 4 47.6157 2
1 4 2.6925 3
0 5 95.6585 4
4 3 -8.4969 0
0 2 65.3414 0
2 1 86.544 0
3 0 9.328 4
2 0 78.3579 0
5 0 11.7542 5
2 4 -8.9273 1
4 4 35.8258 1
4 5 -9.2292 3
4 3 18.2563 3
3 4 15.3937 4
1 2 59.9764 1
3 2 24.2367 0
3 5 43.8782 2
4 4 45.7097 2
5 1 86.3738 4
3 5 94.7162 2
1 5 35.0682 0
1 3 83.4353 5
1 0 -1.6419 1
3 4 43.8789 3
4 1 0.8436 1
0 3 58.406 3
4 5 90.8614 1
0 2 29.2105 1
4 1 10.8201 1
5 2 20.3747 3
3 1 3.194 2
0 3 33.8069 5
5 1 18.1945 0
1 4 98.0538 5
4 3 44.3859 4
2 4 44.4289 3
3 0 55.2392 2
4 0 34.0532 1
5 4 21.0587 2
4 4 79.3214 0
2 2 19.6494 2
1 2 29.7624 3
3 3 46.6495 2
5 1 53.3937 1
0 2 11.0954 2
2 3 35.4068 0
1 2 6.5611 0
1 1 51.276 0
0 2 51.0468 3
3 3 66.2295 3
4 2 32.5614 0
2 4 99.1461 4
4 3 5.7112 4
1 4 83.1558 4
0 5 93.6273 0
4 3 7.0736 4
3 3 20.8074 2
1 0 13.5775 5
1 4 66.2245 3
3 2 97.6405 1
4 4 -6.7333 2
2 3 89.6798 0
1 5 43.6906 5
4 1 38.7137 3
2 5 -4.3326 1
0 5 28.8766 0
1 3 31.1974 0
5 0 49.5802 2
3 3 47.2189 4
2 2 49.3249 1
0 2 86.568 1
5 4 6.0573 5
5 1 15.5317 0
0 5 27.0091 2
2 1 91.2925 5
3 2 84.1747 2
1 0 76.6562 1
0 3 96.0766 5
2 5 78.6433 4
0 0 69.9377 1
2 4 8.8416 2
5 4 73.5484 1
5 3 79.3125 2
2 0 4.837 1
4 0 99.5933 1
0 5 59.1581 4
1 4 69.512 4
1 0 70.2323 1
3 3 58.9967 4
1 0 15.7528 1
5 1 61.7452 2
0 2 41.8894 2
3 2 72.3078 0
2 1 75.7087 1
4 3 10.6023 1
4 1 71.0381 2
4 0 53.6283 3
4 4 46.0322 4
2 4 64.3306 3
5 2 92.815 5
4 5 1.2891 2
2 1 26.0023 4
5 4 32.9506 5
2 2 -1.3101 3
2 0 90.0929 4
0 4 15.1931 2
3 0 8.1983 4
0 4 71.2014 4
5 4 68.1921 0
3 1 56.8644 5
0 1 35.9541 4
5 1 46.8573 5
4 1 85.2786 3
0 4 30.657 5
1 5 24.4815 0
4 0 76.1793 2
1 3 62.8798 3
5 3 21.7242 5
2 1 30.1019 0
0 4 -2.5014 3
5 5 33.635 3
4 2 96.9746 3
3 5 35.6689 3
4 2 44.9539 4
2 3 35.4918 3
0 5 25.0477 2
1 0 56.1315 3
2 2 84.4131 5
5 3 5.7103 0
2 1 78.6437 5
3 0 13.7054 5
4 1 77.102 1
0 3 66.0391 5
5 4 20.9365 0
4 1 75.1477 5
4 5 34.8994 2
0 4 34.9889 1
2 0 80.1764 0
0 5 -5.6024 0
5 5 2.013 5
2 2 7.2288 5
1 1 1.3911 2
3 5 84.0058 3
5 1 -1.1962 1
3 3 56.5534 5
0 4 81.1083 0
2 2 83.2463 4
0 5 41.4369 2
4 5 98.4612 0
0 4 20.7288 0
4 2 27.9823 1
1 4 49.1485 1
1 1 54.912 1
0 2 20.8006 2
3 0 66.4986 0
0 4 87.2682 2
4 1 42.384 0
5 5 49.07 5
0 1 19.7314 3
5 0 85.9532 4
5 3 68.158 4
0 4 -4.9098 5
4 2 15.3589 3
4 1 73.5046 1
0 0 2.5406 5
2 2 57.4973 4
3 2 32.204 1
3 0 42.0545 1
0 3 78.9225 5
0 1 4.3299 5
5 1 10.5744 2
2 5 4.8666 2
1 1 77.4874 1
0 1 92.5951 2
5 3 4.8137 3
0 2 62.0141 5
0 1 87.0439 3
5 3 93.5626 0
5 3 85.9558 3
4 4 55.8665 2
1 3 67.6567 4
0 0 55.368 2
4 1 47.3291 4
3 5 18.1927 3
4 4 22.3579 1
5 3 32.1943 1
2 2 60.091 5
2 0 71.7753 3
5 1 75.7842 1
3 1 23.7052 1
0 0 77.7149 5
4 4 3.224 0
5 0 -4.6279 0
1 5 86.9569 3
0 4 -1.0666 3
3 5 88.828 2
3 2 95.5324 0
2 4 9.3442 4
5 1 94.5309 5
0 0 -3.8033 2
4 2 90.2917 4
3 4 -1.8875 3
4 2 29.1767 2
5 5 27.4715 2
0 2 18.1398 1
5 0 24.2161 3
0 2 20.2918 0
2 0 97.0614 5
3 0 15.5741 4
1 4 49.7266 1
2 4 -9.3294 3
5 1 55.8959 1
3 3 16.7055 1
3 3 66.4256 1
0 1 -9.6709 0
5 0 23.711 3
1 0 95.3046 2
2 2 62.1131 5
5 2 66.9971 3
0 5 96.2743 4
3 2 29.1541 1
2 2 20.1851 2
3 4 78.2499 0
4 4 71.2341 3
1 0 59.2332 3
3 3 69.4369 3
5 2 8.1994 4
4 3 26.4363 4
3 1 29.4912 3
4 0 11.745 4
5 0 88.2214 0
3 3 76.692 4
3 0 51.7382 0
4 3 56.6862 0
2 3 51.8146 1
0 4 48.5054 2
2 1 42.7036 1
5 4 63.304 4
3 1 57.1807 3
0 5 86.4715 1
0 3 23.0547 3
3 4 28.4528 0
4 5 98.3562 3
5 3 45.6504 1
0 5 78.6081 4
2 3 73.0864 4
4 2 26.8987 1
4 0 99.492 3
5 2 54.5918 1
1 5 78.9906 4
3 2 73.384 3
0 5 94.9862 3
1 1 77.5091 3
1 4 12.4055 5
1 4 42.6449 3
3 1 -7.9613 4
4 2 76.5041 4
2 3 43.9348 0
2 5 53.1442 0
5 5 74.5483 4
0 5 -5.5802 1
4 2 84.165 1
0 5 67.9101 5
0 0 9.0632 2
0 4 40.8598 4
3 0 66.3302 1
0 3 33.7931 2
2 0 33.9438 3
5 4 54.929 1
4 0 59.4623 1
