1 1 8.0843 3
1 4 34.7322 0
5 4 94.2592 2
2 3 79.1611 0
1 2 37.7797 1
3 3 60.5786 3
0 1 67.3503 5
1 4 71.5642 1
3 5 50.542 3
1 1 27.7727 4
0 4 58.3545 0
1 2 30.987 5
2 2 23.8993 4
2 1 67.1838 2
0 2 21.4285 0
4 3 26.0114 2
3 0 99.5558 5
3 5 10.389 0
3 4 79.7378 5
4 5 21.2376 4
4 3 -6.8794 2
1 4 31.6837 0
3 5 19.7796 2
0 5 11.845 4
5 3 14.1098 5
5 5 87.852 0
5 4 56.8123 5
4 2 34.146 0
2 5 41.3281 4
2 1 46.8206 4
1 5 1.9797 0
5 5 52.3674 0
2 5 73.0108 4
4 3 56.1056 0
2 4 86.8589 2
3 2 47.9746 0
1 3 63.8941 3
4 1 80.1485 0
1 5 7.2255 2
3 3 57.9279 4
5 0 12.3107 2
1 1 71.5429 4
2 4 -1.2345 2
4 1 34.0616 2
1 4 92.5553 5
3 2 57.3709 5
5 4 42.7378 3
4 0 -8.998 3
4 0 36.2032 2
0 3 91.8484 3
4 2 23.2275 4
4 0 94.9659 4
2 0 96.2448 4
3 5 36.8373 4
0 4 70.7417 1
3 4 74.0536 4
5 0 63.6821 2
5 5 -5.8809 0
0 3 85.5391 0
1 4 23.226 1
1 5 22.3323 4
1 3 97.822 0
5 5 73.3286 3
5 2 89.1875 1
0 2 2.5916 4
4 5 75.8308 5
4 2 35.4352 0
1 4 76.9707 1
3 2 49.1658 2
1 0 72.1475 0
1 4 23.6374 4
0 3 18.4912 4
2 3 95.7076 2
2 2 86.2231 3
5 2 46.889 4
1 4 -4.6805 1
1 0 90.1458 5
3 0 47.5689 5
1 3 -5.5895 3
4 1 75.3142 0
5 3 16.0603 0
1 5 32.3217 1
0 0 77.2992 5
0 1 24.8551 5
4 4 8.3034 2
5 3 12.0903 3
5 5 80.0407 1
5 4 -4.0743 1
2 4 38.0218 1
4 2 8.5465 1
3 0 24.7808 3
2 1 0.2073 0
5 0 47.0183 0
0 5 12.9407 3
5 4 5.5207 5
1 5 96.3423 0
2 4 64.7163 1
1 0 99.9271 2
3 2 70.2304 2
4 1 52.236 5
4 5 97.0348 3
5 0 91.9685 1
1 4 79.0977 3
4 3 13.3216 0
5 2 58.0071 4
4 0 60.1931 1
0 0 69.1569 0
3 4 24.6041 0
5 1 9.8926 1
3 1 36.8281 3
1 2 36.788 0
2 0 37.2952 1
4 0 -3.5579 2
2 1 61.2572 0
4 3 87.4709 1
0 1 21.913 5
1 3 75.7663 5
5 0 70.2184 2
5 2 -8.8387 0
0 2 49.8232 1
3 1 26.2642 1
5 0 16.5432 5
3 5 55.2748 5
0 5 25.4903 0
2 5 57.5532 0
4 5 22.9689 0
0 1 70.8114 2
2 1 12.6325 1
3 2 81.1529 5
2 1 43.8368 2
4 0 75.4306 5
0 1 55.2189 1
3 0 10.0276 0
5 0 40.5805 2
1 1 16.0732 3
2 0 -8.49 5
4 4 67.9637 1
3 0 41.4639 1
0 2 62.1206 0
2 5 92.1988 5
4 4 24.1427 4
1 2 18.7768 0
1 2 34.5745 5
1 0 32.9297 4
4 3 0.4554 4
3 5 95.2617 5
3 2 88.7342 3
2 4 46.0068 5
1 1 21.076 0
1 3 -1.0217 5
5 1 -4.2495 3
4 3 71.9385 2
4 0 61.5109 0
4 4 -0.971 0
3 3 11.2595 0
3 1 87.1834 4
1 2 40.9938 1
4 5 1.1321 0
2 0 64.8851 1
2 3 27.6113 2
4 0 44.0589 5
1 1 32.1782 1
4 1 -9.0537 0
0 3 87.806 2
3 5 4.5904 0
5 5 -5.2117 1
0 4 23.1941 4
2 2 19.7257 1
2 1 52.6337 5
0 3 29.6432 2
0 1 -5.8789 4
0 3 97.0606 2
0 2 21.4487 5
5 4 81.5478 2
1 5 99.1896 1
5 3 -3.8428 3
2 2 69.9797 2
1 0 19.6745 4
0 5 50.8355 4
5 3 90.287 2
5 3 29.6521 1
1 3 19.9373 4
0 1 0.8389 1
2 4 52.4184 2
0 5 90.0186 4
2 4 50.8439 3
0 5 16.8322 5
4 0 -8.434 0
5 3 18.7151 1
5 2 98.0725 5
0 3 37.1361 5
4 1 63.3432 5
2 1 16.094 3
2 1 53.7373 1
5 3 30.7837 1
5 1 85.6001 1
1 2 95.0953 5
1 1 1.4652 3
5 4 10.9878 4
1 1 60.7122 4
1 1 98.171 5
3 4 29.1607 5
2 1 0.4979 4
3 4 25.053 2
3 5 13.6599 4
5 2 37.8879 4
0 3 87.472 4
5 4 6.741 2
1 2 63.4015 4
0 3 -5.5944 4
3 4 56.8232 1
4 4 30.134 2
1 1 23.0975 3
0 1 79.5571 1
4 3 12.8684 2
1 3 14.1078 5
1 0 27.7449 5
2 5 79.6975 1
1 0 13.8553 1
3 1 15.8664 2
1 2 7.767 3
2 0 23.1227 5
4 5 32.4792 2
2 1 54.7909 2
1 4 86.0285 5
1 3 60.0787 4
5 0 81.5662 4
5 3 75.5724 3
3 2 74.1247 3
0 5 3.574 0
4 1 32.5035 5
4 0 -4.744 3
0 0 22.1726 0
4 1 -5.375 5
3 2 91.6224 2
1 2 -9.9268 0
4 0 88.9192 5
1 1 59.9413 3
5 4 30.6591 3
4 2 2.6636 0
2 3 54.9518 1
5 4 79.5182 3
4 0 87.456 4
4 5 54.4312 1
3 0 70.7256 0
3 3 66.1432 2
5 5 74.8463 1
1 0 62.4798 0
2 5 11.468 1
4 1 89.1469 4
2 0 62.2523 0
4 2 2.7198 3
2 3 77.1203 2
5 2 18.5377 4
0 5 60.7683 4
2 4 41.5321 3
4 4 22.0993 3
2 4 87.1233 0
3 5 66.0841 0
5 5 36.9732 5
1 4 41.1637 0
0 2 -4.7695 5
2 5 77.606 2
5 4 35.9398 2
1 5 13.7922 1
0 4 15.8775 3
0 0 45.6542 5
3 5 13.8349 2
2 0 52.9679 2
4 3 33.1288 2
2 5 26.5374 5
1 3 66.1737 5
1 5 99.8664 3
5 1 47.7739 1
3 2 23.0787 2
3 5 15.0242 4
2 5 30.8124 3
3 4 24.8423 5
5 0 39.7316 5
4 3 0.346 0
2 2 94.8611 4
4 4 15.9899 5
0 4 5.925 2
5 0 57.8745 0
2 1 57.783 1
5 0 57.9252 4
0 3 50.726 5
3 2 4.1902 1
4 2 86.2302 3
4 4 65.0058 4
4 2 58.4564 0
5 1 53.0495 5
3 4 26.2382 4
1 5 79.8897 3
2 5 69.7124 1
0 1 6.276 5
0 4 47.058 1
0 5 86.4403 5
1 2 38.1576 2
3 5 93.5012 5
5 0 84.0436 4
5 5 -1.6384 2
3 5 72.7549 3
2 0 37.4218 3
5 3 57.4262 3
4 2 4.9295 0
0 4 25.727 4
2 5 52.1037 3
0 2 78.216 2
1 5 11.6763 0
3 4 99.766 0
3 3 -1.5328 5
4 2 50.2084 4
1 1 62.4257 2
5 0 59.5904 2
2 2 44.209 4
2 3 72.8957 5
1 0 95.3903 5
1 4 45.3142 0
5 2 -6.1447 3
3 5 10.6848 3
0 2 34.3365 1
4 4 96.5587 0
1 0 96.5397 0
3 2 96.4057 1
0 5 2.8441 1
1 0 47.2448 3
2 3 29.7955 2
5 4 96.3536 4
4 1 5.2073 2
4 5 50.3159 3
4 4 15.7484 5
4 2 23.6072 0
4 1 70.0096 0
1 4 -0.4509 5
1 5 54.6357 3
1 1 -8.9039 1
2 0 20.6401 5
1 4 36.5021 0
4 5 86.3131 2
2 2 0.9328 4
1 1 34.344 0
4 0 11.8515 2
4 5 0.6103 3
4 1 9.5915 3
5 0 92.8139 2
3 1 16.4632 1
2 1 81.2857 1
5 3 36.69 4
2 3 66.7651 5
5 1 8.0301 0
1 5 14.6671 4
1 5 5.133 4
5 0 -2.3156 4
4 4 -8.1902 1
4 0 -4.2305 2
4 1 39.8523 5
4 5 -9.5908 1
0 4 15.4281 3
3 4 72.3291 5
2 0 48.4203 2
2 2 32.7923 1
3 3 35.3527 2
2 4 94.5586 4
5 0 7.4011 1
2 4 -3.5356 5
4 4 59.1146 3
3 3 -0.4413 4
2 5 78.2131 4
1 2 35.0824 0
0 3 88.179 1
5 5 69.5003 2
0 4 -0.5611 4
2 0 -7.9446 0
3 1 17.1154 0
0 1 70.5955 2
4 2 77.9036 0
2 3 7.3372 5
5 4 89.3202 0
1 0 43.9573 3
5 3 64.102 3
4 5 68.8983 4
5 3 52.1711 1
4 4 53.8832 2
4 2 -1.3969 1
4 4 38.7104 1
2 0 67.4984 1
1 4 53.0159 5
1 3 47.2901 5
3 0 81.1684 3
1 4 40.83 0
2 1 77.3551 0
5 0 57.7878 5
2 4 32.6891 2
5 0 77.5093 0
4 0 24.0968 5
1 1 77.1088 2
2 3 76.4343 1
1 3 82.7158 4
2 4 6.964 3
2 2 58.6554 4
3 0 59.5454 5
2 0 -0.5274 0
0 2 85.0966 5
1 1 14.0322 0
3 0 51.1679 3
1 0 50.0716 4
5 1 12.2635 4
2 2 -0.4633 5
2 1 95.0659 2
2 5 16.713 0
3 5 65.0444 5
0 0 77.7835 5
1 3 98.3797 5
2 4 14.5122 2
2 2 11.9013 5
0 3 66.2709 1
5 2 39.6022 2
3 1 76.5038 2
2 3 4.8198 4
3 1 15.4508 5
5 1 9.6342 1
3 5 95.3902 4
3 3 96.8425 2
3 3 79.1475 3
3 2 60.813 5
5 1 72.8789 4
1 2 10.2695 5
3 0 87.4111 1
5 5 -4.9492 5
5 2 85.5624 3
2 4 95.8315 5
3 4 8.9516 1
2 1 68.2144 5
1 5 -6.4205 0
2 5 7.5711 0
4 2 78.7891 2
1 0 25.4164 5
5 4 -6.3388 0
5 1 24.2331 3
1 5 35.0931 2
3 4 56.4117 3
1 2 49.0387 5
0 3 31.1036 1
3 3 22.4398 0
1 5 33.7689 0
5 1 96.3213 4
4 5 16.628 0
2 1 59.2032 2
2 4 68.7843 4
1 0 3.9394 4
3 3 -4.1552 3
3 5 3.8538 4
3 4 40.9854 3
2 1 68.1641 4
1 1 83.067 3
2 2 87.7531 5
5 0 46.911 2
3 0 19.1962 0
0 4 80.1256 4
5 2 91.3608 4
2 5 58.6923 5
4 0 16.9141 0
2 1 16.833 5
4 5 90.5004 5
3 5 84.529 5
3 2 57.0023 4
3 2 90.5833 1
4 0 24.0616 0
5 5 47.0449 5
3 0 6.8353 3
1 4 22.7872 3
0 1 46.5113 2
5 4 -7.9958 0
3 0 27.0037 5
0 1 41.6765 5
3 3 59.8597 3
2 2 37.0402 4
3 2 2.5103 1
1 1 83.2199 0
4 2 62.984 0
2 0 0.5742 1
2 3 85.9374 2
1 4 -4.6051 4
4 3 44.2783 5
2 2 -7.086 0
4 4 95.1797 4
0 2 30.2199 5
3 4 97.132 2
4 0 93.9931 5
3 2 97.1213 1
2 0 48.7764 1
2 1 66.7837 4
4 4 66.4974 4
3 0 95.8802 4
3 2 58.0938 2
3 1 -9.9476 1
2 1 79.7434 4
4 3 43.5087 0
2 0 29.7725 4
0 0 61.4543 0
3 2 16.4329 4
3 1 97.844 5
5 2 70.6625 0
2 5 86.447 1
1 5 59.2749 2
3 1 39.3562 2
4 5 15.3158 0
0 1 37.6285 4
2 5 16.7134 3
1 4 79.3085 2
0 4 67.471 2
2 3 63.5835 5
2 2 92.544 4
4 5 70.3372 0
1 4 2.5149 1
4 5 -5.2797 2
5 1 52.881 5
5 1 9.5382 5
1 3 39.328 2
3 2 74.9609 4
1 1 11.3577 2
5 4 10.9771 1
5 1 83.2666 2
5 1 59.2053 0
2 2 61.0567 5
1 3 42.7743 0
0 1 -1.5838 4
4 5 86.5498 3
4 5 16.5851 3
5 5 92.6812 4
0 4 -3.0739 0
3 5 49.9722 1
3 3 84.4766 3
0 3 43.3513 4
4 4 54.5518 2
1 2 81.009 0
0 0 15.5496 0
4 3 57.3408 3
0 1 67.6185 5
4 4 4.1079 3
3 3 49.6302 5
3 1 35.819 0
5 4 37.9573 3
0 3 51.5744 4
4 2 9.1376 0
5 1 -0.3979 5
4 1 -3.9674 4
5 3 40.6394 5
1 0 4.5381 4
3 2 -3.5886 0
5 0 -9.0295 1
1 4 91.4024 5
4 5 51.3025 5
0 0 39.9046 1
4 3 39.3357 1
3 3 97.7272 1
4 2 68.574 1
3 0 47.9189 0
5 0 27.9763 2
3 1 55.1796 4
2 1 81.4712 4
3 3 47.6393 0
4 2 8.2794 0
0 5 70.422 3
0 1 5.9097 4
2 4 83.3571 0
3 0 3.6825 1
4 0 29.4311 5
3 0 61.9954 2
5 1 52.8524 0
3 1 69.0023 3
3 5 44.1225 1
2 0 26.4974 4
3 0 48.2841 0
0 0 80.3908 5
0 1 -6.8775 1
4 4 44.8505 5
2 3 47.0532 4
5 2 92.506 1
4 4 -1.5528 5
4 0 17.0409 3
0 1 43.2149 3
0 1 73.0011 1
1 4 30.2607 2
2 5 99.9847 4
1 2 52.346 5
0 3 3.7553 4
2 4 -5.5068 0
3 3 32.8091 1
0 1 82.6296 4
3 4 69.7241 1
1 4 20.1813 0
4 5 32.9992 5
5 4 91.149 1
2 5 1.1467 4
1 0 10.1586 4
1 5 11.3131 2
5 4 52.671 1
4 1 67.7112 1
5 2 58.299 4
4 2 74.5003 1
3 3 43.5995 4
2 3 14.59 1
0 4 -1.0213 5
0 4 57.225 3
4 5 73.0664 0
3 2 38.8947 3
5 5 4.9795 0
3 2 86.2239 1
0 3 65.7929 2
3 1 33.7049 3
0 3 20.3419 3
5 0 88.8056 0
3 0 35.5218 2
0 0 59.4753 0
2 4 -4.9233 3
5 4 33.7699 3
4 0 58.356 3
4 3 44.2805 0
2 1 40.8854 0
2 5 88.1377 2
2 4 54.5447 3
0 2 6.7457 5
2 0 -7.9817 1
3 5 58.0012 0
3 4 -3.5225 3
5 3 14.8566 2
5 4 0.252 2
1 5 78.6014 1
0 1 31.042 3
5 4 49.4856 5
0 5 31.1801 3
2 0 72.6278 3
4 1 22.6015 1
4 5 98.388 0
2 4 59.9827 0
0 1 -0.6564 2
5 4 16.8398 5
4 3 39.2511 1
0 4 42.9126 0
0 3 59.0613 4
2 0 12.7183 0
2 0 90.5516 1
3 1 27.2948 2
0 4 61.9238 0
3 3 56.8409 1
3 1 77.2959 3
0 2 80.7536 5
3 5 76.6457 1
0 1 -4.1142 2
1 5 75.9813 2
5 5 76.4314 4
5 2 96.1425 0
5 0 44.9868 3
2 1 84.5452 3
3 0 32.5269 2
4 2 76.4291 0
3 2 -0.3536 3
1 5 53.5464 4
2 5 25.8048 4
5 3 70.496 4
4 4 49.4446 1
0 1 89.0503 1
5 1 35.2237 1
5 2 18.2724 3
1 2 48.7421 4
0 5 60.9305 3
4 5 65.9728 2
5 2 27.0245 3
1 5 33.1412 2
5 0 49.2967 3
0 4 9.4421 0
3 0 35.7053 4
1 0 76.718 1
3 3 -3.0441 0
2 0 23.3836 0
4 0 67.452 0
0 3 95.9885 2
0 0 31.53 3
2 4 16.4655 5
1 4 19.427 5
2 5 43.4407 2
3 0 59.7713 5
5 4 94.0195 1
4 1 50.432 5
5 0 85.6319 3
1 2 80.6549 4
4 5 50.7087 3
5 1 47.866 4
2 0 42.4811 3
5 2 22.4084 5
5 2 92.7001 2
1 4 36.9992 2
1 0 28.1685 4
2 5 2.5253 0
5 0 75.716 2
2 2 69.4407 3
2 5 77.3535 4
0 1 79.1796 5
5 2 87.4695 3
1 2 35.972 5
3 4 76.6388 0
4 5 6.295 0
1 4 78.5581 5
5 1 7.123 0
2 3 24.679 4
2 4 83.1739 0
2 2 80.3111 5
2 3 86.6229 1
4 5 40.893 0
4 0 17.5594 4
2 3 39.9634 1
1 1 3.505 1
2 3 86.2179 0
1 5 65.1828 1
3 0 53.5067 5
3 0 20.8103 4
2 3 40.7164 5
2 2 66.0221 3
0 0 81.9848 5
2 0 19.2916 1
1 5 -7.7442 3
1 1 76.3252 1
3 1 1.2803 2
0 0 71.6779 0
0 0 76.5811 4
5 5 25.4717 3
4 1 23.5963 5
2 3 35.9798 1
3 5 51.7589 0
3 2 18.3467 0
0 0 19.2915 0
1 5 73.1666 0
1 0 64.1483 5
0 4 -6.181 3
5 2 8.329 2
3 0 -5.3835 3
5 4 43.8499 3
0 0 15.8753 2
5 0 17.784 5
3 0 22.4052 3
0 3 13.6341 0
1 3 49.5134 4
1 3 -7.5384 3
2 0 99.325 2
4 1 90.534 5
1 5 18.582 1
5 4 38.4271 1
5 5 96.3867 5
5 4 -6.3416 0
4 5 -2.556 4
5 5 52.8089 2
3 0 65.0147 2
5 5 26.8004 4
1 5 44.2383 0
0 1 54.3584 1
3 3 81.3926 3
0 4 -1.0703 0
5 4 2.666 0
5 0 54.2409 3
3 2 84.2123 0
3 1 21.1467 3
3 4 7.3173 1
1 0 12.6415 3
3 5 47.5843 2
2 5 81.2127 4
2 5 63.2395 4
0 3 29.6679 1
2 4 43.0444 0
0 2 -4.7542 1
3 1 59.5235 1
0 5 30.8175 0
4 0 -8.9197 3
0 0 9.0789 2
1 3 75.9345 5
4 0 -9.9912 3
4 0 -0.4777 3
1 3 34.1396 5
4 4 17.7119 4
1 3 29.0613 5
2 0 65.5087 4
5 1 12.1931 4
3 2 68.9935 3
0 3 17.873 0
5 5 17.0387 1
5 0 44.6891 3
5 5 54.5956 1
1 4 22.2404 0
5 4 9.4951 5
4 0 47.2579 3
5 4 19.321 2
4 3 -2.1754 5
3 3 58.937 2
1 4 69.6983 4
5 2 82.9299 5
2 0 87.9018 0
5 0 64.767 5
5 5 39.5107 4
2 4 22.3313 0
1 3 66.7936 1
5 1 28.8067 3
5 5 15.0608 2
5 2 -7.1044 0
4 3 18.0492 0
2 4 87.5781 0
5 4 28.2316 3
5 3 94.1359 1
0 5 67.7826 0
0 2 8.28 4
3 3 -6.5407 2
1 4 48.1283 1
0 3 95.1989 3
5 1 86.4349 4
0 2 33.2549 4
1 1 1.491 4
2 4 49.208 5
4 4 -4.5206 3
5 5 27.8346 4
4 2 38.4127 1
0 2 47.4794 0
3 3 92.2875 3
2 0 76.0558 1
3 2 2.6307 2
0 1 41.9979 5
1 3 77.7273 1
1 0 23.8682 4
1 3 2.1566 2
4 3 50.1562 3
2 4 98.6726 2
4 4 -0.2425 3
0 2 40.1702 2
0 3 19.3105 2
2 5 15.5099 4
2 1 23.0266 0
3 1 60.0454 0
2 2 90.8763 0
1 4 97.1407 4
1 3 37.8593 1
2 3 45.7756 0
5 5 -2.3827 5
5 3 34.3642 5
1 1 5.0073 3
4 4 87.0058 3
5 3 36.6626 2
0 0 37.1145 2
4 3 79.5765 3
0 4 4.2936 5
2 2 43.5341 5
4 3 -0.2629 5
3 3 91.583 4
3 4 47.4758 1
4 1 17.9681 1
3 5 16.6846 4
5 2 97.657 2
5 0 70.9555 2
3 1 -2.449 1
1 2 65.1263 1
4 3 45.1376 2
5 0 3.1623 5
0 1 36.8155 2
2 4 95.0758 4
0 3 59.9742 3
2 2 95.6562 5
2 5 50.3201 2
3 4 7.8185 0
3 1 24.8324 4
1 1 71.3189 2
1 4 53.9609 4
1 2 6.6036 2
5 0 29.1454 1
4 4 84.6673 2
4 2 0.4743 3
5 4 54.4773 0
2 0 27.1087 0
1 3 60.297 0
5 2 84.0542 1
1 1 60.5657 5
3 3 47.5282 2
2 5 96.2263 0
2 2 10.2 5
3 2 10.0683 3
1 2 13.0746 4
5 0 71.8669 3
1 4 77.1633 3
4 0 79.0657 4
3 5 5.2629 0
2 2 9.9131 4
4 2 21.8867 2
2 5 60.3887 5
2 4 80.6206 2
0 3 26.3624 3
5 4 7.8906 4
0 1 63.7438 1
4 5 28.7492 1
1 5 16.8733 2
3 5 29.2418 1
5 1 12.458 4
5 4 61.0373 2
3 1 54.7145 2
4 5 35.6456 1
2 2 39.9176 1
1 5 81.5795 5
5 0 15.5032 4
1 3 63.7233 3
5 3 67.3413 4
4 5 58.571 0
5 2 9.7736 4
2 0 10.5817 3
2 1 -2.9892 2
5 0 1.8822 2
1 0 63.7941 5
4 4 52.2682 5
1 5 54.8447 4
4 2 -7.3715 5
0 5 70.1685 1
2 2 41.1138 4
4 5 83.2976 0
5 4 49.3676 2
4 2 44.7198 1
5 5 60.8983 5
4 0 3.6729 4
3 0 74.2344 0
3 4 58.6622 4
5 5 69.1214 4
4 3 90.5996 0
2 0 82.6823 1
0 3 27.8082 0
3 5 10.89 4
2 1 20.3917 5
0 4 55.7435 3
2 0 61.1866 2
0 0 58.5988 1
4 4 26.4514 2
4 2 -2.1519 5
0 3 -4.5957 0
0 4 41.5917 3
4 5 76.096 4
2 4 80.8559 2
5 5 52.87 5
2 4 3.7206 0
4 4 45.0349 0
4 3 21.9674 4
3 5 73.8983 5
4 3 59.8418 2
2 0 -5.1817 1
1 5 5.3533 0
3 1 16.2589 0
4 4 57.5862 4
4 0 10.9706 3
4 1 51.75 4
4 4 83.9484 0
5 4 81.9601 3
5 4 91.9239 3
2 5 4.1547 3
5 3 33.7627 4
1 2 78.138 1
1 5 95.2797 5
4 2 54.945 3
2 1 71.9777 1
3 3 61.5692 2
0 0 55.7962 0
5 5 93.7112 3
1 3 19.5017 1
3 0 28.3035 2
3 3 65.8575 3
0 1 38.7047 2
3 2 -6.2007 2
3 4 42.2677 3
0 1 53.7674 3
5 4 50.4962 1
3 1 2.6809 4
2 5 16.7631 5
3 1 -6.0042 5
1 0 53.6347 4
5 1 16.0471 0
5 2 2.597 4
3 3 96.327 2
0 3 32.9224 0
4 0 22.8446 2
1 1 84.9659 4
4 2 88.3655 3
1 3 42.8139 4
0 3 45.4321 1
3 2 29.5416 4
5 1 93.9403 1
2 0 86.3234 2
5 1 96.7099 0
5 5 4.7857 1
1 5 67.154 3
5 5 77.5228 0
0 3 31.7238 0
4 2 67.3994 3
5 3 16.2439 4
4 4 86.0526 0
3 4 14.9531 0
5 3 45.0304 3
5 1 50.2538 5
1 5 34.7068 2
5 3 52.6635 5
