2 1 71 4
5 4 73 0
0 3 59 1
1 2 93 2
1 3 54 3
5 2 87 5
5 0 65 2
1 1 41 4
4 5 44 3
0 0 16 3
3 3 49 4
4 4 10 0
0 1 69 1
4 1 82 3
2 3 57 1
4 4 15 1
3 5 7 2
4 5 -10 3
3 0 -6 4
5 4 92 0
2 5 47 2
2 3 94 2
4 1 62 3
5 0 95 4
2 1 80 2
1 0 81 4
1 4 -3 5
5 0 35 1
1 1 95 4
4 1 -3 1
0 1 45 2
3 0 41 2
5 4 88 1
5 1 39 1
5 5 54 0
2 5 -10 3
5 0 -6 3
4 5 22 2
0 2 -10 2
2 1 87 4
2 4 80 3
3 0 77 3
1 3 85 5
0 4 -4 0
0 5 78 2
3 2 85 3
4 2 89 2
0 3 64 2
4 0 35 1
5 4 53 4
3 1 -5 3
2 0 -3 0
4 4 40 4
5 2 80 5
2 3 5 3
1 5 59 1
5 4 46 3
5 3 0 5
2 0 5 4
5 5 100 4
5 0 -10 1
2 3 63 0
1 3 31 4
2 4 87 5
4 4 46 4
2 5 87 2
2 2 0 0
0 2 26 1
4 0 57 1
5 1 -1 4
0 5 39 0
1 2 76 4
3 3 58 1
1 2 98 4
5 4 85 3
0 3 5 3
3 2 16 4
2 0 80 3
1 1 83 0
3 4 24 5
4 5 94 4
2 2 -4 0
1 2 3 3
2 0 57 3
3 5 79 1
0 2 62 0
2 5 73 0
5 4 64 1
1 2 23 4
5 3 13 2
3 4 5 4
0 1 20 3
3 3 21 2
1 2 14 4
4 3 36 0
3 0 28 2
4 3 100 1
3 1 54 3
4 1 24 3
1 1 2 5
4 5 78 4
3 3 -3 1
5 2 -3 0
4 5 30 3
2 0 64 5
0 5 58 2
0 4 42 2
3 4 47 0
5 2 88 3
4 4 52 1
3 5 39 0
4 3 51 4
0 3 33 1
3 4 10 1
2 2 81 5
1 1 78 4
4 1 -1 5
3 0 65 3
5 0 50 0
0 0 53 0
2 2 64 5
2 2 41 0
2 5 46 4
2 2 79 0
4 5 100 0
0 2 85 0
1 2 28 5
3 0 50 3
0 0 46 4
1 4 42 1
2 1 83 5
5 1 66 0
5 2 52 0
5 4 74 0
1 5 57 1
0 4 77 0
0 0 44 1
1 0 77 0
1 1 78 0
4 1 93 2
5 2 57 2
5 5 45 0
4 4 2 4
3 2 43 1
1 4 85 1
4 0 79 2
2 5 93 5
5 2 60 3
5 1 53 2
5 3 22 1
0 1 1 4
4 1 4 4
0 0 79 0
0 4 8 0
5 4 34 4
1 4 28 0
0 5 -1 5
0 3 77 1
5 2 -8 4
5 5 49 5
5 4 67 3
1 4 69 0
2 0 33 5
3 5 19 3
4 5 56 1
1 2 8 1
3 3 85 5
2 2 38 4
0 5 8 4
3 2 -8 3
3 3 15 5
0 2 77 5
4 4 70 4
0 4 64 3
5 5 83 3
3 4 86 2
3 1 33 2
2 3 47 4
5 5 48 5
2 1 49 1
5 1 32 1
0 1 6 4
3 1 34 5
3 5 87 1
4 4 34 2
5 2 43 2
3 1 6 2
5 0 66 3
2 2 49 5
0 0 69 5
3 1 23 2
4 2 28 2
3 0 78 1
1 4 11 3
0 1 12 4
5 1 58 3
5 3 71 4
5 0 30 3
1 1 35 0
4 3 20 1
5 3 15 5
0 2 7 3
0 1 87 0
4 2 31 1
5 5 81 5
0 4 91 1
2 2 22 4
3 0 57 4
1 2 86 5
5 1 83 4
5 1 26 1
5 2 -9 1
2 0 83 4
0 3 52 0
4 5 52 2
1 1 51 2
5 1 88 4
1 0 55 4
1 5 46 0
2 3 15 2
0 1 30 1
0 5 -6 3
4 2 13 0
0 3 59 5
5 4 18 5
4 4 88 1
3 3 67 1
0 0 62 5
3 5 44 2
0 0 59 0
5 5 53 1
4 0 91 0
2 1 31 0
2 3 99 2
1 5 -10 4
0 2 60 4
0 0 33 5
2 5 72 3
4 5 30 1
4 5 93 0
4 3 48 2
2 1 74 1
3 2 76 5
0 0 38 0
0 4 13 0
5 4 95 4
5 5 -8 0
5 2 71 2
0 2 77 4
2 5 8 1
0 1 60 5
3 4 44 5
5 3 -9 5
3 2 18 0
0 4 29 5
1 1 8 1
1 5 -1 3
0 0 23 3
4 5 57 2
5 5 52 0
1 2 40 3
2 4 52 0
5 1 8 4
3 2 45 0
2 0 82 2
3 4 7 5
1 2 95 4
5 4 53 1
5 1 62 5
3 3 15 0
5 4 60 1
0 3 44 1
4 5 68 3
5 2 54 4
5 1 35 4
3 2 77 1
2 5 38 0
4 5 96 5
1 2 28 2
2 5 90 1
1 2 50 3
1 4 47 1
1 3 91 1
5 1 35 1
5 4 15 1
5 2 75 0
1 0 25 1
1 1 3 0
5 2 71 2
2 2 36 3
4 4 4 2
1 0 35 3
5 5 11 1
4 5 -5 2
3 3 40 4
1 2 22 5
3 5 18 0
3 0 6 5
2 4 -9 2
3 5 85 1
4 1 62 1
4 3 7 3
5 0 46 2
2 4 49 1
4 1 8 4
1 5 73 3
4 3 8 4
3 3 33 0
3 5 40 1
1 4 84 1
4 0 0 4
5 0 91 3
2 2 40 3
0 1 75 1
5 0 27 0
5 3 33 0
3 5 36 5
1 1 96 0
1 3 -6 0
5 2 85 2
5 1 35 5
0 1 -9 5
1 4 54 5
4 2 15 5
4 4 35 2
3 1 48 3
4 0 68 3
1 5 -9 3
1 1 63 5
0 1 59 3
3 3 71 0
4 4 59 5
2 3 75 4
4 2 52 4
5 1 68 4
1 1 41 2
2 4 37 3
1 2 35 4
5 2 47 3
4 4 28 2
4 0 95 3
3 4 27 4
0 4 -10 4
3 5 -5 2
5 5 46 0
5 3 28 2
5 0 14 3
3 4 44 2
0 3 49 4
5 3 80 1
2 4 56 4
4 3 91 2
3 2 14 2
2 5 25 2
2 5 87 3
4 4 65 2
1 0 79 5
0 2 2 2
2 3 82 4
3 4 12 3
0 5 2 1
4 2 51 1
3 2 52 2
3 4 29 3
2 0 64 3
3 3 64 2
5 0 19 4
3 3 6 4
3 3 57 5
1 1 44 2
5 5 84 5
4 5 12 5
4 4 -4 4
5 4 8 0
2 5 67 1
3 0 41 2
4 4 96 1
4 5 13 5
5 3 80 4
3 0 8 1
1 5 7 2
5 5 72 0
4 1 81 1
0 5 0 5
4 4 23 5
1 4 60 1
1 4 45 5
0 5 48 0
5 5 86 3
1 5 27 2
2 1 74 4
4 4 67 3
5 1 55 3
1 2 46 2
4 3 -9 0
1 2 80 0
5 1 64 3
2 2 76 5
0 5 27 3
1 3 19 5
0 0 81 3
3 2 47 0
5 4 94 1
1 4 -8 2
3 3 16 0
0 4 80 1
2 3 63 4
3 2 26 3
1 2 73 0
3 5 25 4
3 0 59 1
5 3 63 3
3 3 47 1
3 1 36 3
3 1 36 3
4 5 87 4
1 2 -9 2
2 4 98 3
0 1 3 5
0 3 20 3
1 4 4 1
1 2 56 1
4 4 5 0
1 4 25 5
1 0 -2 0
0 4 63 3
2 5 1 0
0 0 39 4
2 3 65 3
1 1 69 1
5 5 37 3
0 5 12 2
4 4 21 4
4 4 41 2
4 2 71 4
0 5 30 1
2 2 62 0
1 5 42 0
1 0 69 5
4 5 27 2
1 1 -10 1
3 0 -8 1
3 4 28 1
2 3 29 5
0 2 43 1
3 1 84 0
2 0 2 1
5 3 61 0
3 5 46 0
0 5 90 3
3 0 85 0
2 5 -6 5
4 3 70 2
1 5 27 0
4 3 34 2
5 5 38 4
5 2 28 0
3 4 28 2
1 2 64 2
2 2 93 1
4 2 70 0
0 0 4 4
3 0 66 3
2 0 38 4
0 5 69 4
1 3 64 3
5 0 89 3
2 4 0 5
4 2 50 1
4 1 44 0
1 3 31 1
2 3 73 1
3 1 65 1
5 1 94 4
5 4 85 1
5 0 11 3
3 4 6 3
1 4 84 4
5 4 91 0
4 2 31 4
2 3 0 0
4 2 24 2
5 5 77 2
5 3 64 2
5 1 20 1
5 2 0 5
5 3 53 3
5 1 -2 0
4 4 98 4
4 3 44 4
1 0 21 1
4 3 84 5
5 1 46 0
5 2 6 1
1 3 68 2
0 4 12 5
2 4 70 5
0 1 52 3
3 5 34 0
5 4 71 2
1 3 9 4
3 1 43 3
1 3 16 5
5 2 -6 2
4 5 54 2
1 5 76 5
0 1 79 0
0 5 58 5
4 3 31 3
1 4 22 2
3 3 90 4
3 1 16 2
4 4 35 0
5 3 25 5
1 3 52 5
3 2 38 3
0 2 36 0
3 1 51 1
0 1 95 1
2 1 -4 4
3 1 95 1
2 3 74 3
4 2 88 5
5 1 88 2
0 3 76 5
2 0 34 5
0 3 70 1
4 5 36 1
4 4 10 4
5 5 51 1
3 2 41 4
3 3 89 2
5 4 45 2
0 4 77 2
1 2 49 4
4 1 31 2
1 2 14 5
5 2 81 2
3 1 84 3
3 1 20 3
3 3 4 4
2 0 19 3
4 5 91 4
2 4 56 0
5 2 64 1
1 3 16 0
1 4 51 4
0 1 -7 4
3 1 19 1
3 4 15 2
1 1 47 3
1 4 26 5
1 2 9 0
0 1 34 3
1 2 49 5
3 4 72 2
5 0 33 4
4 0 83 4
0 3 -5 3
5 2 22 0
1 1 29 1
0 5 94 3
3 1 24 2
5 3 91 3
5 4 57 0
0 4 90 5
2 2 2 2
1 1 64 4
1 3 42 4
0 2 -8 0
4 3 4 3
0 3 -8 4
0 1 25 1
4 4 36 4
2 5 -7 2
2 0 20 1
2 4 55 5
3 5 45 2
2 5 46 5
5 3 73 5
2 3 98 0
1 5 76 2
2 2 93 2
4 1 75 5
2 1 94 4
5 1 90 2
5 3 11 2
2 4 -1 4
3 4 14 5
5 5 39 1
1 5 3 0
4 0 64 4
2 5 40 3
5 0 77 5
1 1 89 1
2 3 36 1
3 0 60 3
4 1 -7 0
2 1 62 2
4 4 11 0
0 0 6 3
3 1 94 2
0 1 21 5
4 5 39 4
3 0 52 4
5 1 71 3
5 3 67 3
2 3 -4 4
0 1 58 0
4 1 64 1
5 4 81 5
1 3 9 3
4 5 49 0
2 4 67 4
0 5 22 4
0 3 53 2
3 2 37 3
5 1 4 4
4 0 18 2
4 0 92 2
2 2 78 1
1 4 53 1
4 2 89 5
4 4 6 2
0 0 18 5
1 5 7 2
0 2 12 0
3 1 89 2
3 3 29 2
5 3 27 0
2 0 2 5
0 4 31 5
4 5 92 2
2 0 81 0
1 2 30 2
5 4 6 1
3 0 81 0
0 4 0 0
1 3 16 5
1 3 29 0
3 5 10 4
4 4 31 1
3 4 30 5
1 2 24 0
3 0 1 0
0 1 9 0
0 1 70 2
2 4 26 4
4 2 61 4
3 1 28 4
5 1 -1 4
5 4 53 5
5 4 32 0
1 5 37 4
0 5 43 2
0 5 50 5
4 4 9 3
5 3 32 4
2 3 54 1
1 1 0 5
1 1 2 4
4 3 27 3
1 0 26 2
1 5 43 3
0 3 9 4
4 2 12 4
4 0 62 3
0 0 56 4
4 1 70 1
0 1 96 3
2 3 -9 4
3 5 13 5
5 2 68 4
5 1 98 1
0 4 35 2
4 2 79 5
3 2 97 5
2 4 72 4
2 2 22 0
2 0 59 0
0 5 56 3
5 4 91 2
5 0 16 1
2 5 34 1
5 4 22 0
0 2 5 0
2 4 -7 1
4 1 56 2
2 4 13 4
2 5 57 5
1 4 89 5
0 1 -7 2
2 1 41 0
4 3 48 2
4 0 37 2
2 4 56 5
2 2 20 0
1 4 61 3
3 1 64 5
2 3 -10 0
4 1 79 5
2 2 83 4
4 4 15 5
1 0 43 3
3 5 -5 4
3 5 10 2
3 4 30 1
0 0 55 2
4 4 42 0
3 5 20 3
0 3 27 1
5 1 10 3
4 5 60 1
1 1 100 3
0 5 52 3
3 0 71 5
0 3 51 3
5 2 94 4
1 3 42 4
0 5 -10 5
4 1 16 3
0 0 84 0
1 1 -8 4
2 1 78 2
4 1 11 5
3 3 78 5
2 3 45 4
2 5 65 2
4 3 97 3
5 5 96 3
4 2 82 1
3 1 -3 5
1 1 40 1
1 2 98 5
3 0 37 1
4 3 16 4
3 3 1 2
0 4 13 0
2 1 13 3
1 5 40 3
5 2 93 1
5 4 68 5
2 5 9 2
5 4 24 5
5 4 99 4
2 0 -2 0
1 5 8 3
3 4 13 2
5 0 33 5
4 3 94 4
0 5 3 1
2 1 44 0
0 4 -3 0
4 3 34 4
2 2 58 3
0 1 43 5
5 5 22 0
5 3 24 0
1 3 35 0
4 4 -10 0
4 3 92 1
1 3 53 2
0 3 77 4
2 3 27 5
4 4 3 2
5 3 56 2
5 0 34 4
4 1 -8 3
2 4 81 3
0 2 55 5
2 1 85 0
0 2 20 5
3 0 90 1
4 4 7 5
5 2 14 4
5 3 89 1
1 1 0 1
5 5 51 1
5 4 14 0
1 1 19 4
2 0 36 3
1 4 43 5
0 3 -4 1
0 0 35 5
5 1 35 4
2 0 10 4
4 1 37 0
4 0 40 2
1 4 -2 2
3 4 17 1
3 4 49 0
0 3 6 0
3 5 86 2
3 4 90 4
2 5 61 2
1 0 45 1
5 4 54 1
5 4 27 5
1 3 -5 0
2 1 12 3
5 2 41 4
4 5 9 5
1 2 -7 4
1 4 98 2
3 2 65 3
5 5 -1 3
0 4 82 3
5 5 -10 1
3 2 24 5
2 4 28 0
3 1 44 5
4 3 7 4
5 1 25 5
3 1 21 3
4 5 63 0
2 5 14 4
3 5 68 0
0 1 91 2
1 4 65 5
5 2 26 4
2 1 30 3
1 0 44 0
2 1 36 5
1 1 49 4
2 1 49 4
5 3 83 2
4 4 -5 2
3 3 75 5
1 5 86 2
4 1 91 2
2 4 47 5
2 5 -10 1
4 4 93 0
2 4 97 0
3 5 57 5
5 1 -4 0
2 0 36 5
2 3 8 1
3 0 5 1
5 4 -4 0
5 4 3 4
3 1 68 5
4 4 31 3
3 1 42 5
0 0 29 2
2 4 3 4
2 1 88 5
0 0 70 3
1 3 96 4
3 2 45 3
2 1 85 0
2 3 60 2
0 1 81 0
4 5 36 3
5 0 49 0
1 0 -1 3
3 0 6 5
3 4 27 0
5 3 43 0
0 3 99 3
4 0 63 1
5 3 69 0
4 5 99 5
2 5 -7 1
1 4 10 1
5 2 31 2
4 2 10 0
4 0 92 3
5 1 -10 3
3 2 -7 1
1 5 51 1
1 5 71 5
0 0 70 2
3 0 62 0
4 5 -1 3
0 0 50 3
0 3 57 1
2 5 59 3
1 4 19 0
5 5 28 3
5 3 -2 5
4 1 46 1
3 2 46 1
1 1 49 5
5 3 44 4
1 2 56 2
4 2 65 2
1 1 78 0
3 3 26 3
4 3 59 2
5 0 25 4
1 1 8 1
1 2 -3 3
2 2 36 5
2 2 48 4
4 1 0 2
4 3 75 2
2 2 93 5
2 5 7 1
0 3 75 3
0 1 48 4
0 2 62 3
4 1 55 2
3 0 32 2
4 4 35 4
0 0 8 2
3 1 73 3
5 4 60 4
3 1 59 0
3 3 49 3
0 2 74 0
0 0 92 4
4 2 63 0
4 4 32 2
5 1 28 0
3 1 2 4
3 5 71 2
4 2 61 3
5 3 16 5
2 4 8 2
2 3 9 3
2 3 -5 5
4 4 66 0
4 1 87 5
2 2 51 0
4 2 5 5
4 4 45 5
1 3 -1 3
3 1 20 5
4 4 48 4
3 2 44 5
5 2 41 3
1 2 56 5
1 4 54 1
2 2 18 2
0 4 51 4
1 3 97 2
5 0 33 5
3 4 11 4
1 1 -8 0
0 3 78 2
3 1 71 0
2 4 70 3
5 3 78 2
2 5 98 3
3 1 39 5
3 2 19 5
4 1 84 3
1 0 90 3
2 0 89 4
3 3 -1 1
5 3 84 5
4 2 23 0
0 5 63 2
1 4 4 1
5 3 47 2
5 5 91 5
2 0 91 4
5 2 70 3
5 5 42 5
3 1 8 0
2 5 36 1
1 2 56 4
4 5 -6 1
3 2 38 3
2 0 2 5
4 4 1 1
4 5 19 3
3 4 10 4
5 0 13 4
4 3 -6 2
2 1 55 5
3 0 37 0
4 5 -9 4
5 3 86 1
3 2 29 4
1 5 54 5
5 3 3 3
0 0 -2 0
2 2 60 3
5 4 66 5
2 1 65 3
3 1 2 0
1 3 24 5
1 4 4 1
2 1 75 1
5 4 80 4
0 3 63 2
0 1 20 5
5 4 21 0
1 2 73 3
5 1 85 4
3 3 87 4
1 1 -3 2
5 1 5 1
2 4 -8 4
4 5 96 5
4 2 82 3
0 1 32 0
0 5 36 3
