5 4 50.0846 2
0 5 3.2478 1
3 3 95.1337 2
3 4 36.605 4
0 3 -2.9722 4
2 3 -3.723 4
4 0 81.1311 3
1 5 49.3511 1
3 4 -1.2923 3
4 1 52.0737 4
2 5 79.5936 3
0 3 78.0686 0
3 5 73.6205 5
1 2 71.6617 5
0 0 66.2268 2
2 1 29.4723 3
1 5 79.526 5
0 5 71.5932 3
0 0 87.3801 0
1 2 99.4417 2
0 3 95.2899 1
2 4 39.504 4
4 1 42.2039 4
3 3 69.4268 3
5 3 46.4012 2
3 4 -5.6652 5
0 1 59.4019 2
4 2 2.4873 3
2 2 54.4864 1
1 3 31.0367 0
0 4 -3.3514 1
2 0 75.6553 5
1 2 52.6746 2
1 5 26.9696 3
2 3 48.8545 0
4 1 45.1078 5
3 3 30.0064 3
3 0 21.5346 0
0 5 39.1084 4
0 0 79.5971 2
3 4 66.9954 3
3 3 -7.1946 3
1 3 10.0587 0
5 4 91.6222 1
1 4 45.9371 1
1 2 49.2732 2
0 4 19.3237 3
2 1 42.4948 5
4 2 97.5377 0
0 3 78.6217 0
0 5 97.8849 5
5 0 85.0961 2
2 5 58.4676 0
3 3 10.3344 1
2 5 -4.7288 4
2 0 79.5433 5
4 5 74.2492 3
3 5 68.5345 3
0 2 77.5756 1
1 2 85.8079 2
2 1 3.3136 4
0 3 24.9818 5
1 3 0.4668 1
2 1 -3.5779 0
0 4 35.3308 3
4 4 21.5768 5
4 5 62.2104 5
0 0 98.2853 5
4 5 84.6741 5
1 3 76.5519 0
0 3 -4.0649 5
4 1 79.2192 5
2 5 17.0137 2
2 3 -2.5116 0
3 2 88.0289 2
1 2 79.4166 3
1 2 6.2791 3
5 2 0.3942 1
0 3 -2.5309 2
0 3 -7.6316 5
2 0 18.9892 1
4 1 52.1919 5
3 5 -1.076 3
2 1 21.7173 3
5 4 59.7443 5
0 2 6.3302 1
5 2 46.4329 0
0 5 80.3531 2
0 2 7.0158 5
0 3 -0.4326 5
2 0 59.0607 4
2 1 87.5247 5
5 2 41.496 3
0 0 76.8115 0
2 1 -1.8726 0
0 1 96.448 3
4 2 77.2925 2
2 0 68.0791 4
4 3 12.2589 4
3 3 49.105 4
1 5 17.2494 0
1 0 92.5261 2
2 2 64.0544 2
5 3 61.8092 0
2 5 97.1069 4
2 3 97.7894 3
3 3 47.868 0
4 2 63.1999 4
1 1 41.7035 0
5 2 75.6403 3
1 0 28.1907 0
0 4 22.6661 3
1 4 73.1105 2
3 0 44.1584 0
2 4 58.4306 4
3 5 95.32 1
3 3 -2.1605 0
2 4 8.5263 0
1 5 41.318 0
3 4 35.1202 1
5 4 -4.816 5
5 0 59.6029 5
1 5 92.5397 1
4 0 14.6418 3
4 1 40.7274 4
4 5 -9.4041 1
2 5 15.5529 5
3 4 19.9408 1
0 3 67.6994 3
1 3 87.5645 2
3 3 24.5918 1
2 1 4.2317 3
2 0 -1.6683 2
5 2 0.939 4
4 3 79.7588 3
0 4 69.4894 5
2 2 -1.8517 0
3 5 17.9765 3
1 1 92.4083 0
2 3 97.7936 3
0 5 5.8183 5
5 2 82.7592 0
5 2 15.7193 3
4 3 34.138 0
3 3 91.5669 1
1 2 8.8165 4
4 4 71.588 0
3 1 50.819 0
4 0 53.3991 3
5 2 58.0218 3
4 2 1.1636 3
0 0 42.1632 0
0 0 37.4965 2
2 2 97.952 1
4 2 57.3308 5
3 2 57.9594 5
1 1 56.9447 0
5 2 85.6081 5
5 4 89.9936 0
2 0 79.4111 4
3 0 24.8486 0
1 2 2.7253 3
5 1 75.8294 2
4 2 73.5022 3
5 0 10.908 2
5 3 12.1607 3
5 0 66.218 1
5 4 25.7301 2
5 3 75.3578 4
1 0 39.9788 3
5 2 65.2813 5
1 0 81.8546 5
2 4 85.0082 4
5 2 -8.863 4
1 5 83.5312 5
5 0 52.22 4
4 0 14.5712 4
2 5 49.6231 4
1 5 76.4109 3
5 1 43.0724 5
5 4 -3.1294 5
5 3 3.648 5
2 2 92.3397 5
5 5 40.2023 4
2 2 -2.8601 4
2 2 3.4556 3
3 1 21.1442 5
4 5 65.7532 0
2 3 32.6282 4
0 5 62.3144 1
2 3 62.3947 4
2 5 42.6108 4
5 5 83.4124 0
5 4 93.2713 2
0 4 88.3989 5
0 0 76.951 3
0 1 67.3954 2
3 0 46.0197 4
4 1 21.2724 1
4 5 54.2695 4
0 5 41.1302 0
1 0 24.0017 5
5 4 24.9012 2
2 3 46.7604 3
5 1 67.6431 3
3 3 5.1897 1
2 1 -5.5108 1
5 2 51.8112 3
0 1 2.5196 3
5 1 56.0518 3
1 3 32.2113 5
1 0 52.7622 2
5 1 93.0185 0
1 5 13.697 4
2 3 -0.0772 0
5 1 86.7083 1
0 2 43.0342 1
1 2 84.1463 5
0 0 15.0073 2
4 4 8.0391 5
2 4 -9.4485 2
0 2 12.5705 1
2 1 99.6855 2
3 4 60.217 4
0 1 31.3627 2
0 0 62.4223 3
0 2 18.2779 3
4 0 7.289 5
3 1 3.6348 4
4 3 61.6892 4
2 2 11.7652 0
1 4 -1.5462 4
1 5 58.9933 4
4 1 4.5467 3
2 2 13.0344 1
3 2 -1.3675 0
0 0 20.757 0
2 1 58.8816 0
2 3 65.5686 5
5 3 99.996 1
3 5 51.7547 5
2 4 38.4702 3
3 1 12.435 0
5 0 50.1161 4
4 5 40.5477 2
5 3 -5.7908 3
3 5 6.4761 1
1 0 78.8004 2
5 2 40.566 2
0 4 -2.8295 2
2 3 33.6229 2
1 3 -3.7677 0
3 0 73.5761 3
5 3 44.1996 3
4 4 67.852 3
4 2 97.6336 0
2 4 49.6301 1
3 2 26.648 1
1 0 72.7453 4
1 0 94.5887 4
3 1 76.7117 1
3 5 92.6585 0
0 2 -2.7575 2
4 3 81.2564 4
5 2 65.6186 0
0 0 59.8428 1
2 1 21.492 0
1 4 -4.55 2
1 4 48.3307 3
2 2 90.487 0
5 0 1.5057 0
1 2 19.8073 2
2 0 11.5414 3
4 1 7.337 4
0 1 86.3951 3
2 5 58.5651 2
3 2 70.0878 4
5 1 34.9449 5
2 3 9.707 1
3 1 15.5066 2
3 3 10.4797 5
5 4 50.4454 1
4 4 50.9244 3
3 4 18.9261 1
1 4 17.2032 0
3 4 81.6182 0
5 5 94.0364 1
1 3 -7.7118 2
2 1 45.0315 3
3 1 0.5232 3
3 0 63.9128 4
1 3 53.551 2
0 2 58.1111 3
5 2 20.0724 1
5 0 1.5085 5
4 2 -5.4562 0
4 3 88.8548 3
0 2 97.8285 1
4 2 37.7075 2
1 5 94.2997 4
3 3 10.5159 4
5 4 67.5843 4
3 4 89.4007 5
4 0 9.5243 2
4 3 67.1603 4
0 5 75.5413 1
5 0 37.6339 1
1 5 97.7595 2
3 2 24.1135 1
2 0 75.8309 4
5 4 13.2719 3
2 4 22.9122 5
1 5 37.9101 0
3 3 17.9472 3
0 1 9.8322 4
1 1 29.9955 0
3 0 35.4963 0
1 4 30.8548 5
3 5 81.4589 2
2 2 43.0878 1
2 3 2.3937 3
4 1 84.102 2
0 1 33.881 5
5 2 4.2275 2
2 2 0.1669 0
3 1 86.3285 0
0 5 47.0408 5
5 4 11.877 5
3 0 0.9824 2
4 1 43.0545 0
4 3 23.9065 0
1 3 -1.9941 3
4 3 38.0862 0
3 3 13.3449 1
3 1 72.2001 5
1 0 29.4609 3
2 4 79.1473 0
4 1 50.8058 3
1 1 39.197 4
3 4 94.8469 5
1 5 39.8244 3
5 2 52.4027 3
1 4 66.8872 5
4 1 20.4839 5
0 0 91.6106 2
0 1 86.9991 3
5 5 24.3454 5
0 3 -0.652 2
4 3 34.1854 4
0 0 12.526 5
3 0 98.4263 5
5 4 92.8209 1
3 5 0.9278 2
2 5 -2.4252 0
5 1 50.1216 0
0 0 64.6231 0
2 4 61.2426 2
4 5 95.7174 2
0 2 22.94 5
3 3 75.5986 3
0 2 83.1515 2
4 2 92.6588 1
1 2 41.951 4
5 1 67.5424 3
5 2 53.6499 0
1 5 -1.0819 2
2 1 -5.9662 4
4 5 79.8138 2
1 1 -8.4222 0
4 2 66.2021 2
0 1 98.0274 1
0 2 74.6468 0
2 3 11.1825 3
3 5 98.8413 2
4 0 8.2655 5
2 0 92.9612 5
0 2 98.5401 3
5 3 32.9458 2
2 2 68.7505 2
1 4 42.1383 4
4 5 73.3313 5
3 2 56.5594 2
0 0 97.6218 2
1 0 22.3956 2
1 3 21.0681 2
5 0 -6.4506 5
3 4 51.8672 5
1 5 17.8838 3
3 5 58.0135 1
4 2 11.2084 1
0 1 19.7097 2
3 5 68.5604 2
0 4 78.8624 3
1 5 51.3584 5
1 3 33.417 1
5 2 1.4277 3
2 0 56.7976 1
0 5 86.0818 4
1 1 58.7678 0
2 2 51.4794 1
4 4 61.9802 5
2 5 86.6081 3
2 2 70.0348 3
5 2 65.9679 2
5 0 95.7239 3
5 5 33.5447 0
4 3 32.5193 1
5 3 -0.887 5
5 3 18.0936 0
4 2 61.6836 5
0 4 59.1135 2
4 5 96.4486 5
3 3 19.8996 4
3 1 51.8615 2
0 5 19.5715 1
3 5 -6.3854 0
5 3 -1.7398 3
3 5 96.5029 1
0 3 39.2487 0
5 2 8.2145 5
2 3 84.8651 2
4 5 33.328 4
0 2 60.1952 0
4 1 61.504 4
1 4 96.2961 2
0 5 59.5558 2
0 0 -2.3811 0
4 1 5.639 2
3 0 71.7803 1
1 5 55.3108 3
2 3 2.7208 5
3 5 91.7482 2
2 0 75.0489 5
2 2 12.5752 0
0 4 -1.3239 5
3 1 9.8719 1
0 5 24.8923 1
4 0 60.3427 3
2 4 16.7384 2
0 0 13.416 5
2 1 34.6693 1
3 2 84.4579 2
2 3 61.4701 4
4 2 65.7113 5
0 4 85.0089 3
3 2 45.7015 5
2 5 80.3707 1
1 0 -8.3193 0
1 4 12.5119 5
2 2 40.8094 3
5 3 10.4663 4
4 2 29.8668 3
4 5 -9.5949 4
1 3 31.3747 0
0 5 -0.8166 5
4 0 15.3033 0
4 3 9.1159 1
4 5 11.5202 0
1 3 83.5417 1
0 0 81.5937 3
0 4 72.2972 4
1 2 -0.7837 3
1 3 30.7821 1
0 1 88.8099 4
5 1 65.9203 0
0 0 76.3448 4
1 4 78.908 1
0 4 21.9458 3
0 1 50.2926 1
4 4 68.4426 0
4 0 46.5577 5
0 0 11.5145 0
1 1 99.8619 3
4 1 31.6591 2
1 5 93.3529 3
0 3 82.771 4
0 5 35.5915 5
0 4 10.3839 0
1 3 60.1881 3
1 4 95.7231 1
3 4 -9.9582 1
1 5 32.3302 4
4 1 71.4405 0
3 2 99.355 4
5 0 29.3969 1
0 1 52.0676 5
1 1 52.1991 5
1 5 23.9827 3
4 4 45.2685 0
2 0 98.6073 2
1 1 0.021 4
4 2 41.206 5
0 4 38.1569 4
2 1 60.0797 2
2 3 54.5582 4
4 0 11.6126 4
5 5 95.8741 4
5 0 73.2506 5
0 4 60.6667 0
3 0 17.7901 3
0 1 43.7534 2
3 2 10.4291 3
0 5 2.677 1
1 1 51.4782 4
4 5 22.8049 2
5 5 3.7309 1
0 2 -2.1323 1
4 4 34.2192 4
1 5 99.2056 3
5 0 70.0096 5
1 5 20.0269 3
3 2 53.1001 4
3 4 -1.1801 2
3 2 81.0591 5
4 3 29.2577 0
3 0 45.9964 5
2 0 89.9038 1
2 2 50.1747 5
5 5 2.6158 2
2 5 16.3732 1
1 2 35.7949 0
1 4 -0.9747 5
0 3 95.1747 0
5 4 95.4539 3
3 5 60.7012 3
2 0 27.2909 4
2 0 67.1733 1
3 0 27.8135 4
5 5 35.8442 1
1 1 61.7655 0
1 1 48.1562 5
5 0 27.7109 3
4 4 34.7956 2
2 5 88.7531 2
2 1 16.3433 1
3 0 4.4309 5
1 1 56.6856 3
5 2 86.6262 4
3 4 83.2863 0
1 5 74.3817 1
4 2 67.5973 3
2 2 29.9386 2
4 3 -5.4487 0
0 1 58.6993 4
2 5 38.2841 4
2 5 33.2697 5
2 2 27.7948 5
3 5 77.2339 3
5 1 27.7473 2
5 2 34.2536 0
2 3 89.1661 4
4 0 -6.873 5
3 3 -5.1105 4
5 1 19.688 1
0 4 80.4791 4
3 5 84.45 1
3 1 -3.0969 4
0 1 28.0714 4
5 3 70.0826 4
0 5 1.3728 2
5 3 77.3131 1
3 4 43.9557 1
2 1 85.0687 0
4 5 1.7125 2
1 1 77.1765 0
2 2 58.7828 0
2 3 45.8227 4
0 4 96.9318 1
0 0 11.7075 4
5 1 68.9687 1
4 2 34.0792 4
0 4 91.4246 1
0 2 50.7703 5
4 2 62.0123 4
3 1 53.0962 3
4 3 42.2332 1
4 1 -3.7165 0
3 4 76.2877 1
1 3 59.665 0
0 0 34.3234 4
5 3 38.6403 5
2 5 56.2309 3
3 1 44.3792 3
4 4 84.4511 2
1 2 92.6248 5
1 4 32.4445 4
2 1 75.8828 0
4 1 48.1416 4
5 5 90.4643 2
0 3 95.94 5
1 5 69.2608 1
2 1 22.8207 3
1 4 -4.5066 1
5 5 5.7229 4
3 5 76.6918 2
2 1 18.7152 1
2 3 90.9885 1
0 2 21.8672 1
5 3 2.4531 2
2 4 78.3343 3
4 1 47.5651 1
0 3 82.9888 2
2 5 2.9967 2
0 1 54.3203 1
5 4 6.7016 0
5 3 56.3543 1
3 3 54.665 1
1 1 83.5249 1
5 3 10.4902 3
2 0 78.8751 3
2 0 46.631 5
5 0 55.3701 3
2 1 -8.3774 2
3 4 33.9562 0
1 2 33.9654 1
2 3 77.163 2
4 5 26.6566 5
1 0 6.3615 3
2 4 26.3469 2
5 2 24.3201 2
3 5 93.7934 3
0 5 53.7334 1
5 3 6.5182 3
1 4 52.0774 3
4 2 38.947 5
1 5 21.3572 4
2 4 20.3086 4
1 5 47.6573 0
4 0 33.1395 1
3 4 77.6322 2
1 5 35.1869 5
4 5 72.9739 1
2 5 52.8175 3
4 0 45.4228 3
5 2 -1.7708 1
2 3 -4.0409 3
1 1 8.3306 3
2 2 51.0022 2
0 5 75.2767 2
0 1 48.3608 3
5 1 57.7166 3
4 0 73.7399 2
5 0 51.098 4
1 4 3.9926 2
0 1 92.3846 1
2 0 4.3302 3
4 2 6.3664 5
4 4 75.6376 0
5 5 87.9484 5
4 0 64.44 4
5 4 90.8404 0
3 3 20.1189 4
1 2 43.3286 2
4 2 36.8819 0
4 5 52.663 3
2 2 37.2314 1
4 5 69.5042 2
4 2 59.2808 2
4 4 27.1264 1
3 5 66.7607 0
2 2 51.1751 4
4 0 80.942 4
2 1 42.3821 5
5 4 78.1714 0
0 2 99.4587 3
2 4 16.9802 1
4 0 -0.4709 2
3 1 26.1466 5
2 1 87.0526 5
5 4 22.7117 2
3 4 -6.5605 0
2 2 87.6722 1
0 5 53.1093 0
1 3 11.5956 1
0 2 25.448 1
1 5 16.7808 3
3 5 89.0992 2
5 1 54.5231 4
2 4 79.8601 2
1 1 78.8564 5
1 0 26.6186 2
0 2 86.7349 4
4 5 41.9622 0
1 1 -0.7808 1
4 5 80.9268 5
1 5 55.083 0
1 5 92.3753 0
5 4 80.8121 0
3 4 64.6963 2
1 0 49.0468 1
1 5 8.032 2
4 2 35.1792 1
1 1 90.5934 3
3 2 6.5343 2
5 2 -7.7966 4
2 2 -9.4174 2
2 3 72.837 4
4 2 -9.398 3
1 2 27.6024 2
4 2 19.6875 4
1 0 46.4158 0
1 2 79.4789 2
2 0 55.301 2
4 4 44.9011 2
5 0 80.5655 5
2 1 5.8933 1
3 3 90.5958 4
5 0 6.1411 5
2 1 55.1363 4
1 1 47.6205 5
1 1 44.1189 5
5 0 7.7343 1
5 5 61.5822 0
5 3 9.6739 5
2 2 74.0394 2
1 4 79.9043 0
4 5 54.6111 3
3 0 34.6229 0
1 5 69.1034 5
2 0 51.1487 3
4 1 -2.2827 4
3 2 4.1933 2
0 1 40.9012 2
4 1 35.6102 4
4 5 59.4594 4
2 0 21.3984 5
2 3 12.4052 0
3 4 63.6891 2
0 4 89.4067 3
0 1 98.4083 2
0 5 35.3203 1
5 1 87.2473 4
1 0 27.3172 5
2 4 79.4705 1
3 1 55.0708 2
0 2 53.7839 3
4 1 85.7647 1
0 1 89.0438 5
3 5 82.4566 3
1 1 59.3622 1
2 4 64.3062 3
3 4 43.5138 4
3 0 56.3816 1
0 2 18.23 5
1 3 69.5091 2
1 4 5.7923 2
0 0 69.7781 0
4 5 90.9464 2
2 3 82.6774 5
1 1 63.0954 2
2 4 57.6671 3
4 3 61.0537 0
3 4 56.3139 3
5 5 53.1876 5
3 5 -8.5034 5
2 2 -0.0382 3
1 4 48.0575 2
3 1 4.1837 0
3 5 51.4727 0
3 0 98.5833 5
5 1 74.924 3
4 5 77.7318 0
4 5 33.2549 2
3 3 -3.8593 2
4 2 90.6485 5
1 2 42.4796 2
4 5 12.7529 3
0 5 44.138 0
1 4 56.4558 1
5 0 75.308 3
1 2 13.5828 2
4 1 64.0987 3
1 5 -2.2373 0
3 0 72.6738 0
4 4 34.4223 0
0 4 17.5982 0
2 2 3.7718 1
4 1 66.3053 4
1 1 24.5016 5
4 3 10.0523 0
5 2 52.1274 2
5 5 -9.5337 1
3 1 31.4715 5
0 4 83.2895 4
2 5 35.0227 1
5 1 91.5111 5
3 5 20.0735 2
1 5 15.4304 3
0 1 13.4774 0
5 1 92.7532 2
0 0 72.2516 1
2 2 0.9496 4
2 1 83.0803 2
1 4 79.9999 0
2 4 -2.5936 1
1 1 49.6007 2
3 2 12.8038 1
2 2 2.0029 0
4 3 21.4904 5
4 2 35.3688 4
0 5 33.0851 4
5 0 12.7601 3
2 5 65.7372 3
2 0 15.2286 0
4 5 -6.3852 4
1 0 76.2539 1
1 5 86.7451 3
2 5 26.3371 3
1 5 46.8818 3
3 2 93.4385 1
0 0 42.0989 3
0 3 97.4651 3
1 5 3.0219 0
1 5 89.5798 5
5 4 79.6252 1
1 5 89.5344 2
1 5 47.0239 4
4 2 84.2861 5
4 5 -6.509 1
0 2 5.3361 4
1 4 90.2047 0
4 1 71.6918 4
3 4 61.5791 5
5 5 8.5123 3
3 1 25.2381 1
2 0 48.748 4
4 4 45.64 2
1 5 58.4717 2
3 5 50.455 5
2 4 54.1755 3
4 1 98.9591 2
2 4 -9.3058 4
1 1 81.7966 0
3 3 84.935 1
1 3 49.0076 3
0 3 -5.0983 2
0 4 36.8173 1
4 2 26.4008 3
4 4 4.0967 5
1 3 63.072 1
0 1 3.7196 4
5 2 8.14 2
1 3 51.1092 2
2 2 20.1951 0
2 3 49.3964 3
2 1 57.3666 3
0 2 26.0993 3
0 1 78.8935 2
5 2 91.6321 1
0 4 81.5882 4
1 5 70.7254 5
5 1 -6.6372 5
3 5 68.7984 5
5 5 6.3842 2
0 1 52.0622 2
3 4 22.1467 4
1 1 32.4466 3
4 2 0.7898 1
2 4 42.3989 4
2 5 2.0815 4
3 5 34.9766 4
3 2 84.274 4
5 0 74.3657 2
3 0 37.6833 3
5 1 1.4699 4
1 3 70.09 2
5 3 90.2487 1
2 2 -5.9309 2
0 2 33.7568 4
4 4 52.5089 2
1 3 65.931 0
2 1 61.7179 5
0 5 66.9791 0
5 1 65.5439 4
1 3 96.1403 4
0 5 50.1865 5
1 4 83.4784 3
0 0 50.4384 2
5 5 92.6866 4
3 5 33.9258 3
3 0 25.6371 4
3 1 32.4531 3
3 5 53.9823 5
3 2 52.8923 4
5 1 46.3811 4
2 5 45.9399 5
5 0 73.0924 2
4 0 55.0362 1
0 0 43.6726 3
1 5 48.2998 0
0 3 -6.7679 3
1 5 41.8494 5
5 0 63.5825 2
0 3 -2.2743 1
2 4 -8.2201 3
1 2 16.7399 3
4 2 22.3819 3
4 3 79.4366 3
2 0 48.9365 3
4 0 60.1169 4
4 4 58.051 5
4 3 95.4268 2
3 4 73.2899 2
1 5 14.8171 4
0 2 6.7215 5
3 2 43.014 4
2 1 91.1391 4
2 2 22.3558 3
3 5 18.0075 2
1 5 27.3264 1
1 5 71.9797 1
5 0 71.0157 3
2 0 48.6742 3
3 4 24.4364 3
1 3 24.9714 4
1 3 17.2393 3
3 3 -8.2117 1
3 0 47.4283 0
2 1 81.0183 3
4 0 95.2497 3
2 0 58.3302 4
2 5 21.9806 0
5 0 0.275 3
4 0 55.9572 1
0 0 7.4682 3
3 1 57.7814 2
4 4 78.7529 1
0 5 29.9549 0
4 2 9.6453 1
5 3 13.3173 2
4 2 95.7445 1
1 0 29.6151 2
1 5 97.0333 4
5 2 33.565 2
1 0 91.2078 5
3 5 96.1404 2
3 2 80.6192 5
2 2 39.0021 4
4 0 25.43 3
0 4 85.5807 0
4 4 79.7967 1
2 1 69.4111 1
0 4 49.5462 0
2 1 95.2188 2
5 5 12.1634 1
0 3 3.0991 3
3 0 90.9561 3
4 5 -4.9455 3
4 5 83.8428 3
0 5 63.0386 4
2 0 45.9117 3
3 2 60.3423 1
5 1 71.1191 1
2 3 1.4062 5
2 2 2.2623 3
5 3 9.0782 3
2 3 31.0551 4
4 3 25.8121 2
1 3 20.873 0
2 2 28.7557 3
2 2 5.131 0
0 1 44.0518 0
0 5 81.9081 4
2 2 17.2868 4
5 0 25.2527 3
0 4 42.9826 2
0 2 54.6391 5
5 3 68.1636 1
2 4 27.6171 5
2 3 88.0465 1
1 4 86.0485 0
0 2 49.4168 1
0 0 79.9798 4
1 5 50.6359 1
2 2 76.0976 1
5 5 41.7928 3
1 3 22.8506 3
0 2 12.5753 3
2 2 -9.5839 2
4 4 -3.7195 1
4 0 51.5024 1
5 2 35.0072 5
2 2 41.353 3
2 2 43.2823 4
5 5 74.294 2
0 1 46.6737 2
2 3 -3.3499 0
2 2 58.3966 2
0 3 61.7243 2
4 5 58.2783 4
3 4 29.52 0
4 2 50.9541 0
4 5 91.7247 3
2 4 51.495 5
2 2 38.0485 3
3 5 95.4331 0
3 2 -1.595 3
0 5 17.5827 3
0 5 -3.906 1
0 5 60.5894 0
