4 4 20 5
3 5 15 1
0 5 50 1
5 2 52 1
3 5 55 3
1 0 18 2
5 5 78 3
0 1 54 0
1 3 76 2
4 2 26 1
2 3 46 0
5 4 68 1
1 4 39 5
5 4 28 4
2 4 90 2
2 1 63 4
1 3 87 1
0 1 7 2
1 4 46 5
4 3 7 1
0 0 30 1
0 1 68 1
4 2 31 2
3 3 78 3
2 4 16 1
3 0 58 3
4 5 66 1
5 3 79 3
1 2 3 3
5 1 3 5
3 0 58 4
3 2 52 0
0 5 17 5
4 3 36 5
2 5 82 5
4 2 29 2
1 5 40 2
2 4 63 4
4 1 62 4
0 2 78 4
3 4 13 2
0 4 86 3
1 3 -6 3
3 4 38 2
0 2 68 2
0 4 18 0
0 2 54 0
4 3 22 0
0 1 24 3
2 4 8 4
5 2 76 3
2 5 11 2
0 2 72 2
2 2 57 4
5 1 48 3
4 0 -8 1
5 2 48 0
3 5 26 1
0 2 21 3
5 3 -5 0
2 4 62 0
0 1 67 4
3 5 86 3
4 4 48 3
3 0 54 1
5 0 42 2
1 4 47 0
2 2 0 0
0 3 37 4
4 3 15 3
1 3 45 3
2 5 78 3
0 2 52 0
3 2 -7 4
2 0 -4 0
4 5 21 4
0 2 -9 3
1 4 18 0
2 0 25 5
3 5 8 5
5 1 58 2
0 3 72 1
0 5 64 1
5 5 34 0
4 3 60 2
5 4 52 1
4 4 51 4
2 2 46 5
3 3 94 5
2 5 98 1
3 0 91 1
3 0 -6 5
1 4 60 3
2 3 24 0
3 5 91 1
0 2 37 2
4 4 3 0
3 1 -9 4
1 4 81 2
4 5 75 0
5 3 62 5
0 5 53 4
0 1 8 0
0 3 21 2
3 4 55 4
0 0 79 1
3 4 14 2
4 1 27 0
2 3 47 4
1 4 71 2
0 4 64 1
3 2 54 5
3 0 82 1
5 0 67 5
0 2 84 1
3 4 92 0
2 5 55 2
2 1 26 2
3 1 5 3
1 1 49 0
1 1 31 1
1 5 29 0
5 5 77 2
4 1 67 5
0 4 81 4
1 5 28 3
3 4 21 3
0 2 76 5
0 1 29 3
0 1 91 4
3 2 44 4
2 4 76 2
3 0 16 4
4 0 88 3
0 4 83 1
0 3 49 3
5 3 36 1
3 4 75 5
5 5 79 4
1 4 72 1
3 0 49 3
2 3 87 4
2 3 33 5
3 3 37 1
5 1 77 0
1 2 76 0
0 3 83 5
2 1 37 1
4 0 80 3
0 4 99 5
3 4 61 1
4 2 54 1
0 1 85 5
3 2 0 4
0 4 43 4
4 3 55 1
1 1 66 5
3 5 48 5
1 4 96 5
3 4 58 1
0 1 76 1
2 5 42 5
0 1 27 0
4 2 13 3
0 1 -1 2
4 5 66 2
1 5 89 2
3 3 63 0
1 4 85 1
4 0 21 3
1 3 93 0
4 4 68 5
5 2 33 2
0 5 67 4
2 3 91 5
2 0 60 1
0 3 34 3
4 0 17 1
4 0 25 1
4 5 19 1
5 4 59 3
5 3 -8 5
1 2 -4 0
1 5 61 3
1 2 3 2
5 4 8 1
1 4 41 4
3 3 25 4
1 5 29 4
2 5 86 1
2 5 14 3
1 0 32 3
0 4 10 0
3 3 14 0
1 0 53 0
0 4 98 4
5 5 15 4
0 0 84 2
0 4 7 4
2 2 86 4
3 0 18 1
4 1 -5 4
2 5 91 0
2 3 32 4
1 1 9 5
5 0 93 1
1 5 -6 4
1 3 38 5
0 5 15 4
5 4 4 0
2 5 2 4
5 2 -4 5
4 5 13 5
4 1 38 3
5 3 60 4
5 4 67 0
4 2 71 2
3 1 25 2
4 2 97 2
2 2 22 5
3 0 50 2
1 2 84 3
4 1 25 2
5 3 76 2
4 5 5 0
0 3 -1 4
2 5 83 2
3 1 21 3
2 1 60 5
5 1 22 4
1 4 52 4
2 0 85 1
3 4 77 3
2 0 12 3
0 3 21 0
3 1 79 1
4 3 99 1
4 4 94 1
4 0 82 3
1 0 52 3
4 0 12 3
3 1 40 0
4 0 85 2
5 2 23 1
5 4 88 4
4 3 87 2
4 4 86 5
0 2 9 0
3 1 87 2
5 5 92 3
5 5 81 1
2 4 87 5
2 0 39 1
2 3 69 5
2 2 60 0
0 1 23 4
5 0 53 2
2 3 14 3
4 4 40 3
5 1 7 3
3 0 37 4
1 5 32 0
4 3 96 5
5 0 94 5
3 3 46 5
1 1 18 3
3 5 19 4
2 2 37 3
4 3 25 3
5 5 28 0
1 5 68 1
2 2 57 4
5 1 20 5
4 2 24 5
3 0 -4 3
3 1 21 5
5 5 18 5
0 2 52 3
4 0 84 4
0 4 16 3
3 3 78 5
5 2 69 4
5 5 65 2
1 4 26 0
4 3 2 3
5 2 78 2
0 5 13 3
1 3 67 0
1 4 31 1
4 4 62 4
2 4 34 2
3 4 73 1
2 3 50 0
1 4 26 2
4 4 71 2
0 3 39 2
5 0 48 4
3 0 1 5
2 3 27 3
1 1 -1 1
1 2 60 4
1 2 32 2
5 1 3 1
1 2 17 4
5 4 74 3
1 5 -9 1
4 2 19 0
2 4 28 0
2 5 80 5
0 2 34 1
1 3 10 5
1 3 92 0
1 5 8 1
3 0 71 0
1 1 28 2
4 2 8 0
5 4 4 0
4 1 92 5
2 3 41 2
2 2 76 4
4 5 9 0
3 5 6 0
0 2 98 4
5 3 87 1
0 5 100 0
2 1 -6 1
2 1 91 2
4 5 38 1
0 3 4 0
1 1 56 5
1 5 99 5
3 0 26 5
0 4 67 4
4 1 89 2
2 2 83 1
2 4 9 2
5 1 -8 0
0 5 79 2
1 4 66 4
2 4 83 5
2 3 64 0
4 1 9 3
4 2 67 5
5 4 36 0
3 4 93 1
1 1 95 1
4 3 -8 2
2 3 24 4
2 1 78 1
3 2 69 0
2 3 97 3
1 3 29 1
4 0 17 5
3 2 -10 3
4 0 10 3
5 1 42 1
1 0 15 1
0 3 29 3
4 3 86 0
2 0 -3 2
3 1 5 2
2 3 -6 5
2 1 92 5
4 5 55 4
3 1 34 0
4 1 27 0
0 2 -6 0
2 2 -9 1
3 0 7 3
4 4 64 0
4 3 30 5
5 0 15 3
4 0 52 0
0 5 42 3
2 2 8 0
2 5 71 3
4 4 40 0
1 1 -7 3
3 0 53 0
0 4 71 3
3 0 48 0
0 2 62 1
5 5 79 0
4 1 13 2
4 5 56 0
1 2 44 4
5 2 36 5
0 1 1 5
1 4 59 0
0 3 79 5
4 2 0 4
1 1 20 2
3 3 23 1
0 3 39 0
0 2 2 1
5 0 8 4
2 5 23 0
3 2 71 2
0 4 24 5
4 4 16 5
2 5 37 0
0 0 8 3
2 5 43 0
5 2 14 1
3 0 75 2
1 5 25 1
1 5 10 2
2 3 -4 2
0 3 28 5
4 2 99 4
5 0 28 3
0 2 80 5
4 2 70 5
3 5 56 4
0 3 39 5
4 3 94 2
4 2 98 3
2 5 59 2
3 2 49 3
2 1 97 4
3 3 84 4
2 3 25 5
0 4 76 2
0 3 17 2
0 0 84 2
3 3 37 4
5 0 8 5
0 1 24 2
1 1 1 5
0 5 3 1
1 0 17 2
3 0 42 3
1 0 87 5
2 0 63 0
4 0 33 1
2 4 69 3
3 5 33 1
2 4 25 2
4 2 68 0
1 4 14 4
3 5 -8 4
3 1 -1 2
5 5 52 3
0 5 89 4
0 2 22 2
5 3 4 3
0 3 53 0
4 0 26 2
4 5 71 0
1 0 69 3
0 1 94 3
4 1 59 2
3 0 54 3
0 2 81 3
3 3 -8 3
1 2 18 3
5 0 6 5
3 1 1 4
2 4 67 1
5 4 93 5
3 0 33 0
0 3 37 0
3 0 54 3
0 2 16 5
1 5 83 5
1 4 25 5
0 4 53 5
0 3 64 0
1 5 49 2
1 3 57 0
0 2 44 2
2 0 97 1
0 5 6 2
2 0 -6 2
4 0 96 0
2 0 25 5
5 1 32 5
3 0 4 4
3 5 86 3
3 5 61 0
3 1 82 3
5 3 64 1
4 3 49 3
0 2 46 3
4 2 13 4
2 1 32 0
3 1 -9 4
2 2 16 2
4 3 6 4
2 0 22 5
0 3 90 3
4 4 89 0
0 5 0 4
4 0 87 3
4 4 86 5
1 5 22 0
2 2 7 0
4 4 89 4
2 2 0 1
4 5 57 3
2 0 78 1
0 3 84 4
3 1 77 0
0 2 64 5
1 4 41 1
3 1 12 4
3 2 7 0
2 3 76 0
3 0 92 4
3 4 37 3
3 0 34 2
3 3 8 1
2 1 87 3
4 1 3 5
4 0 47 0
0 5 2 4
2 1 -6 2
2 4 50 0
2 3 84 1
4 4 62 2
3 4 23 1
5 3 88 2
3 4 -1 1
5 1 100 0
2 2 18 1
4 1 62 1
1 0 49 1
3 4 23 3
5 5 24 4
0 3 90 5
5 4 71 3
2 5 16 2
3 0 33 1
4 4 62 0
5 4 65 1
4 4 46 5
2 0 23 2
3 3 94 0
4 0 72 1
3 0 -8 3
4 3 90 3
1 2 41 0
1 3 22 4
2 1 57 0
4 4 -5 0
5 1 22 3
4 0 48 0
4 4 92 2
0 3 83 5
4 0 11 5
3 4 37 1
0 3 23 1
1 0 20 5
2 2 90 3
3 2 97 3
3 3 24 3
5 5 2 5
4 3 67 4
3 0 3 3
3 1 46 1
1 1 62 1
1 3 81 5
1 4 74 4
1 2 81 3
0 4 69 3
5 2 6 3
5 4 12 0
5 2 5 0
3 1 60 4
3 0 38 1
2 3 38 2
1 4 96 4
3 2 82 0
5 4 36 4
4 0 25 5
5 2 47 5
4 5 31 3
5 1 67 4
5 0 39 0
3 3 23 4
0 4 58 1
4 3 81 1
3 4 58 1
3 1 65 1
5 2 63 0
0 3 36 3
2 5 31 2
1 1 38 4
4 4 74 5
1 1 10 3
2 0 -2 3
3 3 2 0
5 1 82 3
4 2 38 2
3 1 18 1
5 0 23 3
0 4 61 3
0 4 15 3
4 2 46 0
5 5 14 3
0 2 91 2
1 1 59 5
2 4 43 3
5 4 9 2
2 4 13 4
2 2 19 2
4 0 74 4
5 3 -3 5
5 4 18 5
2 0 42 4
2 2 -3 0
2 3 64 2
5 3 52 1
5 1 95 5
0 5 24 2
2 1 6 2
4 1 99 1
5 5 80 5
3 1 10 1
4 3 72 5
2 1 87 1
2 5 45 3
2 0 7 0
2 1 43 1
3 2 65 0
5 0 45 0
1 5 93 5
4 3 2 3
3 4 2 5
5 2 28 3
3 3 24 3
3 0 -1 0
2 1 32 2
2 3 13 4
4 4 13 1
2 4 83 0
0 1 21 5
4 0 37 0
3 2 14 0
2 4 -1 0
0 5 61 2
2 0 16 5
0 4 82 1
0 3 -4 5
3 1 66 5
3 3 91 1
4 2 90 3
5 5 13 2
0 4 -9 3
3 5 -9 3
0 4 83 4
4 2 85 0
5 1 51 3
0 4 26 1
0 5 17 5
0 5 82 5
3 4 26 3
4 3 64 5
4 2 36 3
5 3 53 2
3 0 72 0
2 4 17 5
2 0 14 3
5 5 93 2
0 4 54 1
4 3 28 2
1 4 72 0
4 2 32 3
5 4 -10 3
1 3 90 0
1 1 96 4
2 3 63 0
2 4 12 2
4 0 49 5
1 1 71 1
0 0 100 5
3 3 88 2
3 3 59 5
4 2 32 3
5 1 26 2
1 1 72 4
0 2 16 5
0 2 -3 1
2 2 66 5
2 5 18 1
2 1 82 0
4 4 41 5
2 4 6 1
2 4 23 2
0 1 4 1
1 5 55 3
5 1 64 4
5 5 22 3
5 1 15 5
0 5 -3 1
5 0 6 2
0 3 13 0
4 0 88 0
0 2 40 2
4 2 -1 3
0 5 60 2
5 3 91 0
2 1 72 5
4 4 -9 4
2 3 0 3
1 0 -7 0
5 5 5 5
0 5 53 2
4 5 37 5
2 4 -7 0
5 3 85 1
0 4 32 0
3 2 -8 0
2 4 30 5
1 5 26 2
3 1 5 5
2 5 58 1
0 1 12 3
1 3 75 0
5 0 29 1
2 0 51 4
3 5 -4 1
0 1 -6 3
2 3 73 0
4 1 62 2
5 4 50 4
1 2 78 2
4 2 43 5
4 4 25 0
3 5 16 3
5 3 -9 2
1 0 79 5
5 4 47 0
1 5 96 0
2 1 58 1
5 0 87 5
3 2 37 1
1 1 85 2
3 3 0 4
0 4 52 2
5 2 24 4
0 1 76 0
0 4 59 3
1 0 46 3
4 0 33 1
3 4 65 3
2 2 20 0
0 4 44 3
2 4 0 3
5 0 34 2
0 2 82 2
1 2 18 4
2 4 34 3
4 2 99 0
2 4 67 0
3 1 78 4
4 4 8 2
3 4 18 2
3 2 67 1
5 4 80 1
4 0 -2 4
2 2 17 5
0 4 79 3
4 3 71 2
4 5 67 4
0 0 72 1
3 5 82 1
1 5 75 2
5 2 83 2
2 1 68 3
0 4 61 3
5 2 36 4
2 5 94 4
3 4 99 2
1 2 30 0
0 0 44 3
5 0 76 5
2 5 57 2
3 1 40 1
3 1 -3 1
3 0 80 3
4 3 73 0
0 4 -1 0
0 3 26 4
3 4 83 1
1 1 24 3
1 0 55 0
4 0 24 1
2 1 70 0
1 2 43 4
0 2 7 0
2 3 10 3
1 3 87 3
4 5 95 2
0 1 62 4
1 1 72 0
2 1 93 4
1 4 70 2
1 4 61 0
1 0 63 2
1 3 20 2
5 1 78 0
0 1 84 2
4 2 71 0
0 1 21 2
5 1 32 5
4 2 82 4
2 4 3 4
5 5 33 0
4 4 -5 4
1 2 33 0
1 1 51 5
0 5 91 3
0 3 59 4
4 2 -3 5
3 1 -6 3
5 0 13 3
1 3 -10 3
0 5 60 1
1 0 38 3
3 2 -2 2
5 5 -6 0
4 1 72 0
2 5 52 2
2 2 84 3
4 4 47 1
3 4 18 4
5 2 8 4
4 0 31 3
3 5 98 3
3 5 59 1
2 0 24 1
0 5 44 3
5 1 2 5
3 1 43 3
5 5 68 5
2 0 86 0
0 3 97 1
5 3 51 4
1 4 9 5
2 2 74 4
1 2 88 4
2 2 7 0
2 0 36 0
3 5 6 5
2 2 73 5
2 3 51 2
5 1 49 3
2 1 46 3
5 4 7 2
1 2 64 1
2 3 43 5
3 2 52 1
5 5 48 3
0 5 52 3
4 0 22 3
0 2 -6 0
2 4 59 0
2 0 74 2
4 2 60 0
1 3 80 4
4 5 78 2
2 5 62 3
4 5 30 1
3 1 70 3
1 2 31 3
2 1 -6 4
3 1 84 0
3 2 18 0
0 0 75 5
4 3 90 3
0 4 83 0
5 4 -3 0
1 5 79 3
3 0 70 4
2 0 44 5
3 3 -2 0
1 1 76 5
1 1 71 2
2 2 40 3
0 1 70 2
3 0 73 5
1 3 36 3
2 2 -10 3
1 3 41 3
4 1 0 5
2 2 49 2
0 4 91 3
2 2 58 2
4 2 72 5
0 3 21 3
3 5 12 5
3 4 79 0
4 2 41 0
2 5 70 1
3 5 51 5
2 4 47 3
0 0 -7 0
2 0 12 1
2 2 49 0
2 4 -7 5
5 0 82 0
2 0 97 0
3 5 1 1
1 2 32 0
2 4 70 1
3 2 79 0
4 2 18 3
3 3 0 4
2 1 93 0
1 1 77 0
3 1 18 5
1 3 86 5
1 1 45 5
4 1 51 1
4 1 95 4
5 5 58 4
3 0 29 1
2 0 -4 2
0 1 3 1
1 5 93 5
4 3 45 3
4 1 6 1
1 3 35 4
5 5 31 3
2 4 99 0
1 2 75 0
3 0 74 2
4 0 77 4
0 0 54 0
5 2 88 3
1 4 49 1
4 4 33 0
0 3 79 0
1 3 84 5
1 2 8 4
0 3 98 0
1 0 63 1
0 4 83 1
0 3 71 4
3 3 75 4
5 2 25 2
3 0 89 0
5 5 4 0
2 5 -7 5
3 4 91 2
1 0 17 1
1 4 -5 4
4 1 57 3
0 3 85 4
4 0 43 3
1 1 43 4
0 1 87 2
1 1 -7 2
2 2 -9 1
5 4 33 2
3 3 21 2
5 1 95 0
2 5 28 5
2 5 69 1
0 5 19 0
0 0 49 4
0 4 66 4
3 4 67 4
0 1 23 0
2 3 35 0
1 5 52 1
5 1 83 3
5 2 -9 1
3 0 94 5
1 4 -3 1
5 4 23 1
1 0 5 5
1 1 45 5
0 5 84 3
3 4 45 0
0 0 -6 1
1 1 49 3
1 0 68 4
4 4 -8 3
4 1 75 1
5 3 5 4
0 3 89 4
4 5 55 3
0 5 69 0
1 3 -5 5
5 2 52 2
0 3 100 4
0 2 85 3
3 5 -2 1
4 2 31 5
5 0 32 3
0 4 13 0
4 2 43 2
5 1 25 1
4 5 47 2
3 0 5 1
1 3 -7 2
0 4 67 2
1 1 43 0
