3 0 59 3
4 5 -8 2
5 5 78 1
5 5 97 0
3 3 12 0
0 3 65 0
0 1 2 0
4 2 14 1
0 0 75 3
1 2 72 4
3 2 46 5
2 5 44 1
0 0 15 1
1 1 -4 2
1 5 17 0
5 2 86 0
1 2 15 4
5 1 90 5
1 1 58 3
3 2 68 1
2 1 81 2
0 1 -4 0
4 0 82 2
4 2 82 3
0 5 44 5
4 5 -6 5
5 4 24 1
5 0 45 2
4 4 4 3
3 2 5 3
0 5 -9 2
5 5 58 1
3 1 74 5
1 3 21 3
0 2 23 0
3 2 72 0
0 3 61 2
5 3 1 4
5 4 0 5
4 5 97 4
0 3 32 3
1 4 71 2
2 4 3 5
0 2 15 1
3 0 96 4
3 1 91 2
2 3 73 3
0 2 47 2
3 5 57 3
2 1 13 1
2 2 89 4
1 3 -6 1
0 2 55 2
5 5 8 5
5 2 50 3
2 2 98 5
3 2 79 4
2 0 74 2
3 2 32 0
5 1 73 0
3 3 98 4
4 4 51 3
3 3 74 3
0 2 33 5
2 4 48 1
1 5 13 0
5 3 55 3
0 5 -7 2
4 1 98 4
5 1 32 2
1 5 62 4
5 4 82 4
1 3 93 2
0 4 -3 3
3 2 95 1
3 3 37 5
2 3 24 2
4 4 87 3
4 3 4 5
4 4 49 2
0 0 62 0
1 0 54 4
3 5 75 0
5 0 4 5
3 1 92 0
1 5 0 1
3 5 93 0
1 3 98 0
3 4 14 3
4 1 7 3
3 0 -7 3
0 3 12 1
3 4 45 3
1 1 90 4
1 3 84 5
0 2 19 1
1 5 42 5
1 0 94 2
5 1 19 3
5 0 97 5
3 3 17 3
1 3 81 4
2 0 3 1
3 1 51 2
1 5 6 2
4 3 96 4
4 1 20 5
2 0 83 2
0 0 38 0
5 4 79 0
4 4 73 4
3 3 78 2
4 4 22 2
4 3 40 0
3 4 3 5
3 4 14 3
0 3 80 0
0 5 -8 0
3 1 91 0
1 3 -4 2
1 0 64 1
5 5 87 5
5 3 50 3
4 2 83 2
5 1 69 3
4 2 62 1
3 1 82 3
5 5 39 4
0 4 56 4
1 5 99 0
2 5 40 2
1 4 30 5
4 5 22 0
0 4 92 5
2 0 -1 2
0 0 84 1
0 3 73 2
4 5 95 0
3 2 -1 5
3 3 93 5
1 3 93 0
0 5 60 1
0 1 59 2
0 3 45 3
0 3 26 2
4 1 45 2
0 0 3 3
4 5 67 3
1 5 45 2
3 1 12 1
4 2 21 5
4 4 29 0
1 3 -1 2
1 3 77 1
0 5 95 1
3 4 5 3
5 3 96 5
1 2 36 1
3 0 58 2
5 5 3 4
0 3 23 5
3 0 95 4
5 5 23 5
4 5 22 2
3 3 26 3
4 0 23 5
4 3 95 3
1 1 53 1
0 4 24 5
4 0 68 3
1 2 58 4
5 0 -1 2
0 0 13 4
5 0 -2 5
0 4 25 0
0 3 -9 2
1 4 68 0
4 3 26 0
1 3 42 3
0 2 81 4
5 5 69 5
3 5 1 5
5 5 79 2
0 0 72 4
3 2 80 1
1 5 75 3
3 5 59 4
4 4 27 2
5 5 92 3
3 0 2 2
3 0 -1 4
2 5 93 3
4 1 86 1
1 3 69 4
3 4 85 4
0 1 34 4
1 4 61 1
1 4 42 2
4 0 73 2
4 2 28 2
3 3 2 4
3 5 41 3
1 5 54 3
3 4 79 2
4 0 20 5
1 5 20 0
3 5 47 0
5 0 -6 2
3 4 93 0
2 5 41 4
4 4 96 3
4 5 92 0
2 3 26 4
2 3 34 1
1 4 65 4
5 4 45 3
2 1 52 1
3 0 65 3
3 2 -5 1
3 3 34 3
4 4 84 5
4 4 76 3
0 2 -7 1
4 4 83 4
0 1 95 5
5 5 94 3
1 1 41 5
3 0 51 2
2 2 -1 5
3 0 13 4
3 2 53 5
4 5 53 2
1 0 90 5
5 1 83 4
0 2 1 5
5 2 52 1
1 5 67 5
4 4 53 3
5 3 50 0
4 5 20 3
3 4 19 0
5 4 32 5
2 0 53 3
0 0 68 1
5 5 96 3
3 5 55 5
2 1 56 4
5 4 -6 4
5 0 49 2
5 5 22 3
2 3 42 0
4 2 43 3
0 1 24 3
3 4 8 3
1 0 15 0
2 4 30 5
2 0 5 4
2 4 12 2
4 2 59 4
1 2 52 2
2 3 41 5
4 4 16 1
1 5 10 0
3 1 48 2
2 2 6 4
3 5 83 3
4 2 67 3
3 4 -7 4
5 2 71 5
2 3 81 1
0 3 55 5
4 2 96 5
0 5 11 4
1 3 94 5
3 5 46 5
2 0 45 3
0 5 98 4
2 3 27 0
3 0 27 3
4 2 85 4
2 4 54 2
1 4 -2 1
5 0 91 2
0 5 9 5
0 5 100 5
5 3 61 3
4 0 7 3
4 4 27 3
0 2 4 2
1 2 74 1
5 1 13 0
3 2 41 1
4 3 39 0
0 4 89 5
1 5 92 4
2 2 70 1
4 2 38 1
2 5 26 0
1 0 57 2
4 4 89 0
0 4 44 5
2 5 30 0
5 0 4 4
0 1 50 4
0 3 62 5
0 0 -6 3
0 2 56 3
3 0 4 2
2 4 19 2
5 5 93 5
0 4 6 5
3 1 39 2
0 1 38 1
3 1 98 4
3 0 -1 0
2 4 47 5
2 1 15 4
2 4 69 2
2 5 6 1
4 3 58 2
3 5 41 3
4 3 29 2
1 2 81 5
3 5 87 5
1 4 5 5
0 2 0 3
2 3 67 3
3 3 41 2
1 3 44 1
3 0 88 0
1 3 16 4
5 0 26 1
2 4 58 1
0 2 46 0
0 5 12 2
4 4 47 5
1 2 -9 2
0 3 81 5
4 2 64 4
2 4 68 5
5 0 31 3
3 3 25 2
2 3 71 3
5 5 21 3
1 1 27 0
1 3 32 0
2 5 0 1
5 0 30 2
0 1 80 5
4 5 55 3
5 3 18 3
3 4 35 5
1 5 84 0
0 4 -2 1
1 1 14 2
2 4 19 0
5 4 31 3
3 0 62 5
2 4 59 5
0 0 43 0
5 3 -4 4
4 3 95 5
2 1 89 2
1 0 13 4
4 1 68 4
5 3 56 1
4 5 41 3
4 1 62 1
0 4 76 0
2 1 3 5
5 5 64 4
5 0 44 4
1 1 3 2
4 4 37 5
1 4 -6 2
2 5 40 5
5 1 -3 2
5 4 99 3
1 5 12 5
4 5 7 2
1 3 1 1
1 2 91 3
1 3 9 1
3 0 91 5
5 3 8 4
1 4 21 4
4 5 73 1
1 4 96 3
4 0 53 4
2 2 79 1
5 3 74 4
5 4 0 0
5 3 98 0
3 3 36 3
0 1 79 2
0 5 23 2
2 3 26 4
4 2 14 4
5 0 -1 5
4 2 69 4
2 3 -6 4
5 0 38 3
4 3 72 1
3 4 71 2
2 4 80 1
0 4 14 3
0 4 91 2
3 3 14 3
4 1 98 4
0 4 38 4
4 1 26 1
2 5 20 3
3 3 7 4
3 1 56 2
3 5 30 2
1 4 -3 5
3 2 40 2
1 2 62 3
0 4 63 4
0 3 -7 4
2 5 92 1
5 4 13 1
1 3 100 4
3 3 90 1
5 3 58 2
4 5 16 2
4 3 54 4
5 0 -6 0
3 4 -6 5
5 3 52 4
5 1 51 3
4 0 58 5
0 1 10 1
5 5 91 2
4 5 9 0
1 4 25 3
0 2 48 1
5 4 60 2
3 1 62 3
0 3 17 3
0 0 14 3
2 0 35 4
4 5 53 0
4 0 20 3
2 1 -10 4
5 2 90 1
4 4 -2 1
0 0 98 5
2 3 64 3
1 1 -5 0
2 1 44 5
3 1 61 2
4 1 63 3
2 3 56 0
3 0 32 2
0 5 62 4
1 3 56 2
4 2 13 1
5 1 93 3
1 0 38 2
5 4 63 0
3 0 84 5
2 0 91 0
1 2 39 2
5 0 60 0
3 4 22 4
0 4 19 5
2 0 44 3
1 3 58 2
2 1 62 5
5 1 10 5
2 3 20 1
1 5 20 5
3 3 31 0
3 0 70 5
4 1 14 3
5 0 22 1
3 0 26 3
0 5 90 2
1 3 -6 2
2 1 94 5
5 4 63 4
4 0 -9 2
3 4 66 0
3 3 95 1
4 0 96 0
0 3 77 4
3 1 97 2
3 2 3 2
3 0 31 0
5 2 43 0
4 0 39 2
4 0 27 1
5 0 81 5
3 5 48 2
3 1 90 1
1 1 74 2
0 5 93 3
5 4 81 0
1 3 71 2
2 5 80 5
2 0 78 4
1 3 6 1
0 0 2 2
4 2 82 5
1 2 47 5
3 5 41 1
3 5 42 2
2 0 86 2
0 2 50 3
1 3 60 0
5 1 91 2
4 0 8 3
2 0 -4 2
1 0 89 4
0 5 26 4
0 3 50 5
5 0 87 2
4 3 90 2
1 0 75 1
1 0 86 3
4 5 -6 2
5 4 -6 2
2 1 78 5
2 5 66 3
1 1 74 2
1 5 37 1
2 0 -8 0
5 2 50 4
0 2 -2 4
1 4 58 3
1 3 58 3
2 4 43 3
4 4 10 5
1 4 99 3
1 2 28 1
4 1 10 2
5 0 50 5
4 2 32 3
0 4 77 5
3 0 52 2
3 0 96 3
2 4 -4 1
0 3 -8 5
5 3 80 3
2 5 26 2
4 0 51 2
1 2 100 5
4 1 88 4
3 5 7 3
4 4 -8 5
4 4 33 3
3 1 28 0
2 3 19 3
1 2 17 3
2 3 98 4
1 0 27 2
5 5 32 1
3 2 73 2
4 3 7 4
1 3 53 3
5 1 96 0
1 5 44 4
5 5 3 0
1 2 35 1
0 5 19 2
1 4 97 5
4 2 43 2
3 4 93 4
4 1 93 3
5 1 -7 3
1 3 64 1
0 2 70 2
4 2 53 3
1 2 20 3
4 4 78 0
5 2 37 0
3 3 56 3
1 2 95 4
2 1 73 5
3 3 11 5
1 4 28 3
4 4 52 2
3 5 67 1
0 0 -5 1
0 2 11 2
4 0 19 4
3 3 74 1
3 5 50 5
4 4 17 2
2 3 10 1
5 3 21 3
0 0 62 4
3 4 84 0
2 5 69 0
5 0 97 1
0 0 22 2
3 0 38 0
4 4 -1 1
2 5 82 2
0 2 27 3
5 2 49 2
5 0 25 1
5 2 60 4
0 5 36 4
0 5 32 2
3 2 66 1
2 2 80 1
5 0 10 2
1 4 7 0
2 0 49 4
3 0 36 0
4 3 21 2
4 4 44 4
0 5 66 2
0 4 -5 3
1 5 16 0
0 5 16 5
2 0 72 3
5 0 9 2
4 3 81 0
1 2 10 2
1 3 19 3
4 5 -10 5
5 4 39 2
2 4 82 3
3 3 97 3
3 2 24 0
0 3 95 5
3 4 56 5
5 5 19 4
1 5 40 2
4 0 67 1
1 3 39 0
5 1 7 5
5 1 93 4
0 1 96 4
2 3 41 0
5 0 59 2
2 0 94 4
1 0 6 4
1 4 -6 2
5 0 11 5
5 1 88 2
5 0 36 3
5 5 8 4
0 5 3 4
4 1 47 4
0 2 29 4
3 2 35 4
4 2 37 0
3 0 98 2
3 0 9 2
1 2 20 3
4 1 44 0
2 4 66 2
5 1 31 4
1 5 26 1
3 5 -4 2
4 5 24 5
3 3 26 2
0 4 63 4
0 4 31 5
5 0 13 3
2 2 31 1
1 4 18 1
4 2 93 0
4 2 3 3
5 4 71 3
0 4 32 0
1 4 -7 4
4 1 12 4
3 0 97 1
3 5 16 4
5 0 52 4
4 0 92 1
4 2 76 3
4 0 72 4
0 3 30 1
5 3 -7 1
0 1 40 3
5 5 99 1
3 0 48 4
0 2 66 5
2 0 81 5
5 1 69 4
5 2 81 3
4 2 49 1
2 3 94 4
4 3 94 1
0 5 30 3
1 1 41 5
4 3 60 3
1 0 69 3
2 1 78 4
3 5 86 1
0 3 -8 2
1 1 20 1
2 0 33 1
3 4 -6 5
1 5 70 5
0 3 5 4
3 3 46 5
3 2 48 5
2 4 17 1
0 0 10 4
2 3 98 1
2 4 89 5
1 0 -1 2
5 4 18 0
3 4 61 2
1 5 70 2
4 4 6 4
4 1 87 1
2 5 36 4
3 0 40 2
5 0 75 5
5 2 89 1
3 5 79 3
4 0 53 4
4 1 93 2
2 4 65 1
0 3 -7 0
5 2 84 5
1 2 97 5
5 5 91 3
3 1 72 3
4 3 64 1
5 3 52 2
1 2 42 2
2 0 44 4
4 4 45 1
1 3 24 0
1 0 40 0
2 3 97 4
0 1 53 3
4 3 78 4
1 3 89 2
1 3 28 3
3 0 44 0
1 3 -10 4
2 5 7 1
0 3 66 2
2 4 38 5
5 3 -5 0
2 1 52 3
2 4 -3 4
2 2 5 1
2 0 66 4
3 2 65 2
2 0 18 4
2 5 82 3
4 4 75 5
1 3 13 1
4 1 5 3
5 3 62 1
4 0 33 3
4 0 36 4
0 4 61 2
5 1 -8 2
1 2 54 1
2 2 90 5
2 1 20 1
4 5 28 4
1 4 40 5
1 4 27 5
1 2 30 2
0 3 21 1
5 4 61 5
0 1 47 1
2 3 92 4
3 3 92 2
0 0 95 0
3 5 62 4
3 2 8 0
2 4 12 2
1 4 38 2
2 2 27 0
5 4 13 2
3 0 51 4
5 5 97 4
4 4 42 5
1 5 67 2
1 2 -3 2
1 3 -8 0
1 5 5 4
5 0 100 4
4 2 76 3
2 4 19 2
4 4 3 1
3 4 32 0
0 3 62 1
1 0 29 3
5 3 31 0
2 2 88 4
3 4 100 1
4 5 -6 1
5 4 97 3
1 2 63 4
4 4 40 1
3 2 40 2
4 5 -3 2
5 1 91 4
3 1 59 1
3 4 1 1
4 4 64 4
0 2 21 3
2 4 94 0
5 3 47 5
4 1 69 4
3 5 -4 0
2 0 51 3
3 4 -2 3
3 5 97 0
0 0 43 1
2 1 24 2
1 0 3 4
3 4 41 5
5 2 36 5
1 0 -2 4
1 1 40 1
2 2 22 2
2 4 14 1
2 0 52 2
2 2 50 5
2 2 89 1
0 4 59 2
1 4 -9 3
4 2 1 1
2 4 -6 2
5 2 25 4
0 1 88 5
4 3 91 5
0 4 52 2
1 0 87 2
0 1 38 2
2 1 90 5
5 4 11 5
2 4 96 1
1 4 52 1
0 2 32 0
4 0 1 1
2 4 89 3
3 4 81 5
2 5 60 4
0 4 11 3
1 1 38 3
2 0 63 0
4 2 48 4
1 2 65 2
5 5 66 3
1 3 32 5
5 3 42 3
2 5 85 1
3 2 -7 4
0 1 78 4
4 1 15 3
3 5 79 1
2 0 87 2
5 0 33 1
4 1 13 3
4 3 51 0
4 4 88 4
5 1 43 1
1 5 58 0
3 3 35 1
1 4 61 5
3 0 20 4
0 4 46 2
2 1 18 5
1 1 12 0
3 3 85 2
3 5 15 5
0 2 35 0
2 2 1 0
3 1 70 0
1 5 26 5
5 1 -4 0
2 5 -6 5
4 1 82 1
1 4 0 2
1 3 71 1
1 3 7 2
2 5 99 5
5 0 3 4
0 4 61 0
2 2 17 4
2 2 72 5
2 5 42 3
4 0 57 1
0 5 84 0
3 0 62 4
1 2 39 1
2 4 39 4
1 2 15 4
0 1 6 2
2 3 54 2
1 2 85 5
0 1 12 3
5 1 90 5
2 3 88 4
2 1 40 3
5 3 33 0
1 5 -3 5
3 2 1 5
4 0 59 0
2 2 -5 1
0 5 87 3
5 2 64 3
1 4 82 4
5 2 41 0
0 1 40 0
1 3 46 4
0 0 6 4
4 1 71 0
5 5 56 3
5 0 2 4
3 3 26 4
4 2 37 0
1 5 44 4
3 1 93 1
4 0 33 2
4 5 81 3
3 2 30 5
4 2 9 5
4 2 58 0
0 5 98 1
2 1 46 5
4 4 30 3
4 3 71 3
5 1 96 0
3 4 40 5
0 5 75 3
0 4 10 5
5 0 -4 3
2 1 -8 3
5 5 76 5
2 4 95 3
3 5 44 4
1 1 -3 4
1 3 9 5
0 1 -6 4
0 3 60 1
3 4 41 1
1 0 60 3
3 1 76 5
1 5 98 4
1 4 75 4
5 1 72 1
2 3 53 4
0 5 81 4
5 1 -7 4
2 4 42 0
2 0 85 5
4 2 3 5
2 0 6 2
2 4 35 4
1 1 30 5
2 5 73 5
4 2 99 2
3 4 -7 3
3 1 10 5
5 2 46 3
3 1 15 0
5 5 33 1
5 5 13 2
4 1 99 1
3 1 43 5
2 2 88 5
4 1 82 2
4 3 72 3
5 4 60 4
0 3 45 1
4 0 15 1
4 2 50 3
1 1 1 4
4 5 -10 2
2 0 49 5
2 2 -8 3
3 4 50 2
0 4 4 5
3 1 1 4
4 3 84 4
0 3 97 1
1 2 35 5
4 1 68 4
5 5 90 1
4 0 93 1
3 0 44 5
1 2 16 2
2 5 84 1
1 4 94 2
3 1 30 2
5 1 40 0
5 5 9 0
5 0 81 0
3 4 51 5
3 5 -7 0
1 2 8 3
3 5 95 0
