1 4 0.7676 5
1 5 58.6692 1
4 4 64.2212 2
4 0 49.1254 2
2 5 1.6939 0
3 3 2.1527 4
2 2 47.8783 5
5 3 58.4094 1
3 5 79.0968 2
4 2 92.8405 5
0 0 85.4092 4
5 5 17.5954 1
4 1 42.7426 0
4 1 1.0037 2
0 1 37.7833 2
2 0 14.0231 1
3 0 6.0849 3
3 2 29.7302 2
3 4 -1.7348 1
0 2 45.3185 4
0 4 43.5654 0
2 2 19.5622 5
0 3 5.3842 2
4 4 39.2545 2
2 0 2.8564 1
4 2 34.1245 0
5 3 46.4526 3
5 5 37.2497 3
1 3 78.171 5
4 5 93.4519 1
1 4 34.6302 5
0 2 38.4206 4
5 4 38.6707 3
5 0 25.8112 2
2 0 -5.2217 1
0 5 31.7247 2
1 1 -4.7465 0
5 5 88.4186 3
5 2 39.6861 2
0 1 62.4665 1
5 4 72.0643 3
1 3 39.92 0
2 4 22.7164 5
3 2 72.8012 5
4 0 26.6399 5
1 5 38.0616 4
1 0 68.5672 0
0 1 25.5384 4
2 5 87.2938 5
5 2 64.3892 4
3 0 16.4022 3
3 5 94.8767 0
1 3 75.0158 0
3 5 21.5601 4
0 3 40.9843 3
3 0 96.0052 5
4 5 63.6744 0
2 1 50.8818 5
0 3 16.4758 3
0 1 3.7222 5
3 1 26.8834 2
1 1 86.8241 0
1 3 90.4246 5
2 2 -2.2866 5
4 3 65.6391 0
1 3 43.1105 5
0 0 22.8436 4
4 0 52.018 5
4 3 86.1396 4
2 2 74.7871 5
2 3 58.5841 2
0 0 52.3166 3
3 0 21.5264 1
5 2 74.3932 3
4 3 17.4237 3
3 4 48.4965 5
3 0 34.295 1
5 1 44.3627 3
5 1 90.239 0
0 2 98.3424 2
5 2 32.9036 0
4 3 24.6204 3
3 2 72.8339 2
0 3 40.6937 1
5 0 27.7369 1
5 1 64.7883 5
5 5 28.7427 0
5 4 60.7966 1
2 4 13.487 1
5 3 55.651 4
4 1 93.2268 2
3 2 37.7776 1
5 3 33.9589 0
4 5 31.5836 0
2 3 46.7151 5
1 4 23.3488 0
4 3 28.8856 3
2 3 12.8885 3
4 3 35.9113 5
4 4 28.7628 5
4 1 -9.444 2
3 3 1.262 0
4 4 -4.0958 1
1 5 78.5976 5
0 1 19.0703 1
5 1 0.7221 4
3 1 -7.7269 3
1 4 51.2087 5
0 2 40.5862 2
1 3 91.3727 2
3 1 89.2557 5
5 5 73.3279 0
4 3 -4.4812 2
2 5 4.5492 3
0 0 18.6298 1
5 0 16.7057 4
0 0 79.3789 0
3 0 99.0942 5
2 1 81.4281 2
1 2 -9.0556 5
3 3 58.7921 5
5 0 4.3595 0
1 3 -6.713 1
1 2 38.1826 3
5 4 46.3879 2
0 2 74.6673 2
2 3 4.0239 3
4 0 75.059 0
2 0 -0.0111 4
4 1 34.9576 5
3 0 53.0822 3
1 1 9.8934 2
3 0 6.9676 5
5 3 77.7589 2
4 0 29.3649 5
4 4 22.8304 2
4 1 7.8989 0
5 2 21.8953 2
3 5 95.8516 3
5 2 26.7427 5
0 0 88.3953 3
2 5 83.3029 1
2 1 91.6865 5
0 2 39.5442 4
1 5 73.6625 1
3 2 71.7819 5
1 0 82.8147 3
4 3 84.3977 5
4 0 20.4647 4
2 3 3.6909 3
3 2 33.1362 2
1 4 2.5679 5
4 3 94.9202 1
2 2 20.5012 2
1 1 98.0876 1
2 0 9.0317 2
3 1 80.5195 2
5 1 -8.737 4
0 2 8.9942 0
5 4 8.3232 5
0 5 33.0892 4
0 2 12.4022 2
1 2 18.1451 5
3 0 46.1221 1
1 2 62.758 5
3 5 67.5043 2
4 1 94.8653 0
4 5 22.4064 0
0 5 91.6592 0
5 0 87.2525 3
4 0 94.2749 4
4 0 59.2591 2
5 3 21.9807 2
0 0 45.7496 4
2 3 53.3184 3
2 3 25.2325 4
3 3 26.9546 5
1 4 88.2157 5
1 2 69.7656 1
5 1 37.564 1
3 4 45.0702 1
1 4 42.6621 4
0 5 93.8107 1
1 0 31.0438 0
3 2 3.0447 3
1 0 44.1626 3
2 1 46.9381 5
3 5 79.5214 5
5 3 88.7614 2
2 4 47.845 2
0 5 28.3954 4
5 0 41.2019 2
2 2 59.2335 1
2 4 88.699 4
3 1 78.4336 0
0 0 0.4391 1
5 3 34.066 3
5 1 -9.5178 3
3 0 73.5085 5
1 2 60.5833 4
3 2 22.3399 4
4 1 40.5143 4
5 4 13.4057 0
0 0 15.8155 3
0 0 82.9766 0
4 2 83.3046 0
4 2 61.1358 0
1 0 22.2988 4
0 4 14.5035 2
2 4 83.564 3
5 3 0.5184 5
0 3 21.2341 3
1 5 88.0796 2
2 5 36.9702 5
2 0 35.6322 1
4 4 35.8098 4
4 2 10.5685 5
3 2 36.3315 3
1 0 -5.1551 5
0 4 -2.633 2
2 0 41.5403 0
3 5 78.4704 3
1 5 -3.9289 5
4 3 5.2487 2
5 3 66.7443 3
2 4 26.3752 5
0 3 93.7716 3
0 2 79.0141 2
4 5 93.6195 1
2 4 -2.6498 4
3 1 59.6854 4
4 5 41.7241 4
4 2 55.5133 5
5 5 67.455 2
4 3 39.4135 3
4 5 67.2661 5
3 1 6.9303 0
0 0 84.8163 1
1 5 29.7042 4
0 2 73.267 4
4 1 52.0747 1
0 1 55.3917 2
2 2 55.8659 2
4 5 43.8288 1
4 0 84.0781 3
4 3 -8.1683 1
2 1 64.7434 2
5 3 84.6437 3
1 0 97.1883 2
5 1 58.1769 1
4 1 10.4897 4
2 3 82.8508 1
4 4 82.4628 4
0 1 8.4233 1
1 5 12.1811 5
3 3 19.6417 3
2 2 77.9494 5
4 3 -5.4647 5
0 1 46.259 4
3 5 35.8682 1
2 2 11.9271 3
5 4 83.5788 3
4 5 47.6889 0
2 0 86.4594 2
4 1 -0.1605 4
3 3 98.3591 5
2 0 82.8015 3
4 3 69.3613 3
1 2 15.414 5
0 2 96.5265 3
5 4 95.5472 3
3 5 12.322 0
5 3 94.1872 2
5 1 72.4596 1
3 3 2.5349 5
4 5 86.7609 4
5 2 69.3205 5
1 5 20.3956 2
2 2 95.6135 5
3 2 84.9074 5
4 0 1.8591 0
4 1 91.073 4
0 3 65.5642 2
4 5 86.3395 1
4 1 70.6007 1
1 2 66.0294 5
5 3 64.6575 3
5 5 33.7097 1
1 5 50.8284 2
1 2 90.0348 5
5 1 31.3165 4
3 0 22.9301 0
0 2 85.7343 1
3 3 5.0929 2
4 0 -6.614 1
4 3 30.3243 1
3 1 68.9942 2
1 4 81.2693 3
2 0 63.4083 5
2 3 58.0924 0
4 1 76.3117 1
5 1 5.8639 5
1 3 60.7398 1
2 4 77.7806 4
5 5 43.7012 4
1 5 78.6887 0
4 1 -5.7237 4
2 0 52.1391 3
4 3 19.26 5
2 1 97.2288 5
1 4 24.1383 3
1 1 22.0035 0
5 4 80.5641 2
4 1 73.0501 2
1 1 44.9994 1
1 1 74.913 2
2 2 -3.5918 4
4 5 -0.9265 0
2 3 40.613 4
1 1 57.4502 1
1 5 61.5359 2
5 4 88.6618 3
4 3 94.239 1
1 2 77.1501 4
0 5 73.0345 2
1 2 54.7017 4
2 2 18.1882 0
2 2 79.599 5
0 0 33.1399 5
0 2 91.3036 3
1 4 59.9276 2
4 1 5.9978 2
4 4 20.4006 0
2 1 21.1485 0
0 4 81.0967 1
2 2 47.0435 0
0 3 33.867 0
0 4 2.8918 2
2 2 99.4157 5
1 1 8.757 1
0 0 6.3475 2
1 0 68.8321 5
2 5 49.282 4
5 5 -6.2073 4
4 2 93.2823 0
1 0 85.0855 3
0 2 54.3867 1
0 5 28.4094 0
1 3 23.4825 5
5 3 -1.1724 5
3 0 94.4153 5
4 1 88.39 2
1 1 51.9843 2
5 0 -9.8711 2
2 4 28.2673 2
5 0 73.1859 4
3 4 62.2626 1
3 3 29.5606 5
3 0 60.8584 4
5 0 64.0161 1
1 2 7.6939 2
5 4 -3.911 3
5 4 15.4024 2
1 1 33.6597 4
1 3 62.4771 1
2 5 33.1185 2
0 2 67.2849 2
2 0 75.1862 1
0 0 81.7141 3
2 1 24.2168 2
3 4 9.8791 4
4 0 69.1022 0
2 5 74.5611 4
0 2 89.0933 5
5 2 81.9219 0
5 4 61.1973 2
3 1 45.301 5
3 0 55.8063 5
0 4 16.625 3
1 3 81.5782 1
0 5 96.0267 4
5 2 26.2699 3
5 1 60.9386 4
3 5 40.3325 5
5 5 77.4992 4
1 0 61.5659 5
1 1 0.6647 0
0 3 27.9085 3
4 2 69.0265 5
2 2 86.5049 3
5 5 45.4472 1
5 0 57.9265 3
4 5 12.5148 3
1 4 37.5133 5
2 2 6.6238 4
4 0 97.7288 5
1 0 78.7971 2
1 3 10.2363 1
1 4 85.0769 4
2 0 59.3979 1
5 3 68.2528 0
0 3 55.4389 1
2 3 4.2122 4
4 5 40.8844 1
0 5 42.8998 3
4 1 53.3334 4
3 4 77.6215 3
5 4 -8.931 0
2 5 26.8925 3
2 4 3.7039 4
1 2 90.5638 3
1 5 45.2059 3
2 2 44.4808 3
3 0 82.1877 3
1 2 5.3907 3
3 1 29.0735 0
3 1 90.9205 4
5 5 99.2985 5
0 5 38.6794 4
3 5 4.1999 1
0 5 30.9958 2
5 3 81.0088 4
2 0 58.8999 1
4 5 60.3071 5
3 3 53.1377 3
0 2 78.063 4
0 2 59.9123 2
5 4 79.9194 0
1 5 91.3028 2
0 1 81.828 1
5 3 63.5901 3
4 3 37.2636 3
0 4 4.9323 1
2 4 94.7026 5
5 0 -4.1752 2
0 0 65.3241 4
4 0 77.7733 2
2 5 24.4677 0
0 5 -2.6277 0
5 3 84.6271 4
2 3 67.1159 3
3 3 10.5269 0
5 3 38.8432 3
3 2 12.062 1
2 3 14.8302 2
0 2 80.1356 1
5 5 59.4045 0
3 2 41.0461 4
2 3 42.7059 5
0 4 73.1498 0
2 4 95.8557 4
1 5 52.9263 1
0 4 9.1621 5
0 2 64.5343 5
3 0 54.8778 5
3 2 50.9645 1
5 0 58.9686 5
3 2 6.863 0
5 5 -0.9516 5
5 3 48.9767 4
2 3 80.5005 0
2 2 60.3947 0
2 3 56.7861 1
1 2 65.5629 5
1 1 64.1094 1
1 1 64.9956 3
3 0 87.9964 4
1 2 42.9624 1
2 5 53.7038 3
0 5 46.066 2
5 5 24.7608 2
0 0 12.3136 0
1 0 91.9493 5
3 1 8.6827 1
1 4 48.6101 0
1 0 55.9306 4
0 0 27.5964 2
5 0 82.4574 1
1 3 44.1909 2
3 0 3.1886 3
0 1 64.1077 4
5 1 11.8521 5
5 1 55.7224 3
0 5 14.2089 5
4 3 1.2312 1
2 3 19.1635 2
3 2 93.1315 1
5 1 79.2331 4
4 2 15.2379 3
5 5 94.5409 3
5 5 87.6829 2
1 1 62.7124 5
2 0 37.2821 0
3 0 50.0246 3
2 5 14.3451 5
4 3 57.1423 1
4 0 43.9831 1
0 5 73.158 5
1 5 76.768 5
0 4 5.6717 2
1 5 23.6467 2
5 5 44.3338 3
0 1 47.2584 2
3 0 85.7909 2
2 4 12.1666 1
0 2 11.026 4
0 3 24.0534 4
5 4 21.8982 0
1 5 94.7573 0
4 1 62.5281 4
1 4 19.8868 1
0 3 6.7974 4
5 4 23.8283 0
1 4 59.0352 5
4 5 80.6883 4
0 2 16.3681 5
2 5 85.9466 1
0 0 -3.8349 4
0 3 33.0573 5
5 1 78.0503 5
4 1 24.4856 5
2 2 42.9004 5
0 3 80.4075 5
4 1 58.0032 5
1 2 66.2842 4
1 3 4.4088 5
3 0 14.5768 0
4 3 9.5804 4
3 5 56.8609 1
0 3 76.1695 2
0 5 68.3383 2
2 3 62.4214 5
4 3 95.0668 4
3 0 28.7176 5
4 4 4.9274 3
0 5 54.2953 0
1 4 -5.5219 5
2 2 54.949 1
5 1 -0.8472 3
0 1 52.4206 1
3 2 10.8974 1
5 5 77.5663 5
0 2 8.7062 5
4 5 -3.5522 0
1 3 26.3965 4
3 5 46.6385 2
0 4 45.5411 1
5 5 27.0137 1
0 2 50.7434 0
1 1 96.8488 4
0 2 32.7998 4
4 3 28.9134 0
0 2 27.9445 1
2 5 78.0825 1
0 4 89.6513 0
5 3 59.7956 3
0 5 4.1754 5
0 2 1.6509 4
2 4 35.4753 3
4 2 48.1523 4
2 0 -2.8002 4
0 3 18.9271 1
2 0 52.6434 4
2 2 16.9454 3
1 2 83.5509 4
4 2 88.4792 4
2 4 39.1369 3
5 2 79.0652 3
3 0 74.0435 3
1 2 87.1778 2
5 3 48.8271 5
3 2 34.8352 1
0 1 -2.47 3
2 2 20.7358 2
3 1 -7.3942 2
2 1 26.6121 5
1 3 29.2651 0
1 5 64.9889 0
5 0 95.306 5
0 0 35.9401 3
2 5 3.0279 1
1 1 -1.1015 5
5 3 1.9323 0
3 0 -3.0351 5
5 3 55.1192 0
4 4 2.7177 3
4 2 9.929 5
1 0 92.5888 5
1 3 22.825 3
1 0 41.4368 2
4 4 9.7822 1
1 5 19.5294 4
0 1 82.8887 1
0 3 93.909 4
1 1 81.3593 3
5 4 5.742 4
4 5 2.527 1
4 5 30.339 2
3 3 28.3169 1
1 5 20.83 1
5 3 49.8447 5
2 0 85.9509 2
5 1 5.0768 1
2 4 40.2955 2
4 2 46.0312 3
2 1 64.1757 3
4 4 93.9746 4
1 2 59.165 0
5 1 50.6565 4
0 1 71.4738 4
1 3 54.2129 3
2 5 70.3947 5
5 2 97.3099 1
1 4 8.8903 3
3 2 13.9344 2
0 5 38.4932 5
2 2 47.0577 0
3 1 69.2665 1
2 4 24.3924 1
2 3 80.774 3
3 5 71.4318 2
1 2 14.0471 5
3 0 79.8434 4
0 5 80.7394 0
0 1 73.4961 4
1 3 48.3932 0
1 1 73.4719 2
5 1 14.6139 2
4 0 59.9184 0
2 1 82.1324 0
0 5 73.3353 0
4 2 -8.252 3
1 1 52.4219 2
2 4 -1.0285 5
0 0 88.0668 2
4 0 10.6811 0
3 4 42.2078 3
1 3 87.8926 4
2 3 74.658 3
3 3 10.0919 0
2 0 -6.3699 4
0 5 91.0379 2
0 2 93.281 1
4 5 85.1416 5
1 3 36.39 3
2 2 18.5667 5
4 3 27.4189 2
4 5 99.911 2
3 3 79.1341 5
2 0 81.8984 3
3 1 43.7292 2
0 1 43.7509 3
2 1 67.0459 4
5 4 94.8154 2
2 1 32.5561 0
5 0 12.9084 3
0 4 56.5726 2
3 5 64.3173 3
5 2 86.4639 2
3 4 -8.411 5
5 2 3.3302 4
2 4 94.6614 2
4 1 88.6244 3
5 0 74.6714 0
3 5 50.8931 2
0 0 3.7886 4
5 5 17.8786 4
0 5 72.6908 1
2 0 53.8492 5
5 2 69.3247 3
2 4 57.055 3
1 1 5.2169 3
3 3 10.8914 0
3 0 97.7987 3
2 2 36.7081 5
5 5 79.2111 3
1 5 30.1932 2
2 3 56.144 3
5 2 -6.5652 3
5 5 9.4444 5
0 0 68.0882 1
5 4 53.6704 3
3 0 42.1673 1
2 5 -6.925 5
1 3 0.0233 3
5 0 6.8515 0
4 2 4.987 5
5 3 84.4826 1
4 5 4.0137 1
1 2 69.0041 3
3 2 10.4475 3
3 3 3.0284 5
1 4 76.8221 5
1 3 -7.0941 5
3 0 93.2111 0
4 3 36.7972 4
5 4 83.2695 1
1 2 2.5696 2
4 3 90.2694 0
1 0 26.9587 1
4 4 28.1869 0
1 3 66.9429 5
1 1 45.4286 1
0 3 47.2523 1
5 4 52.17 5
5 1 78.1341 1
3 2 41.2294 3
5 2 52.1773 2
3 4 23.7702 1
0 4 57.3695 1
5 5 22.7545 5
0 2 28.272 1
2 4 -0.1983 4
4 5 16.0684 5
3 2 17.3743 4
1 5 88.4193 0
2 4 -0.7429 0
1 2 66.0468 3
2 3 49.5687 4
5 4 37.9356 1
0 1 -6.8978 2
3 5 77.2406 3
0 1 19.3476 0
3 4 82.6718 4
1 5 34.5501 3
0 2 56.0539 1
0 2 -1.8592 4
0 4 -8.0099 5
1 1 43.1215 0
0 2 9.3598 1
0 5 29.4283 4
2 5 97.1465 1
5 2 -3.8773 0
3 0 78.9552 4
1 2 86.3023 0
1 3 73.6019 2
1 0 -2.6409 4
3 1 92.9703 0
4 5 99.1171 2
5 5 65.5163 3
3 2 71.03 1
1 3 78.215 4
1 4 54.8792 4
5 5 42.9477 3
3 3 41.9399 1
2 5 35.9811 0
5 0 -7.3519 1
2 4 4.9762 0
2 5 7.6794 5
2 0 71.1218 5
5 2 54.5777 1
1 3 86.4495 3
3 5 53.2167 2
3 5 -7.4636 1
0 3 77.9476 1
0 1 30.7371 3
1 1 39.4692 4
4 1 40.4565 4
4 0 54.175 2
3 2 58.7629 4
5 2 68.1861 0
4 3 19.1798 4
5 2 47.0199 0
2 5 3.7528 2
3 0 89.1175 0
1 2 79.3364 0
0 4 90.8899 4
2 2 67.7662 5
0 3 85.509 3
0 4 63.0079 2
2 0 75.3125 3
4 3 79.568 5
2 5 68.8312 0
3 0 16.8094 1
3 5 61.3036 0
5 0 86.0978 2
4 1 36.8308 1
4 3 13.1409 3
0 0 -7.763 3
3 1 -7.0134 4
0 0 51.9067 3
4 5 -1.3838 1
1 2 35.8771 3
4 4 56.2033 4
4 0 13.0755 3
1 3 17.5166 4
5 0 65.6881 4
0 1 93.4674 5
4 5 26.1213 5
4 1 53.5982 1
5 1 -9.0957 2
2 5 26.3074 2
5 1 94.1507 0
0 1 54.0047 0
1 1 -3.0038 3
5 2 11.1812 4
1 5 43.0793 2
1 3 47.6419 5
0 1 42.7024 1
3 1 48.0122 2
3 5 95.6988 4
0 2 49.6059 3
2 0 41.1074 2
5 2 1.4242 5
2 0 13.7646 2
2 2 50.2472 3
4 0 96.6051 5
0 3 29.6792 1
4 4 97.8201 0
1 2 99.8037 2
0 1 75.8303 3
3 0 0.5802 4
3 4 31.4802 1
4 5 96.0419 4
1 5 62.9604 3
5 3 36.4455 2
2 4 15.0644 2
5 2 59.9095 2
5 3 98.2546 0
1 1 12.2928 0
3 2 55.1746 2
0 3 -1.5124 1
2 3 37.7143 2
4 1 40.6992 1
0 0 22.1831 0
5 4 71.2221 5
2 3 54.0509 5
4 1 3.3702 0
4 1 20.7921 2
0 0 42.7265 4
2 2 54.2951 5
3 3 79.1038 4
4 0 61.3723 1
1 5 32.2993 2
1 4 90.7402 2
3 5 34.9375 1
5 2 52.687 4
3 1 -5.0492 0
1 2 98.9029 5
3 5 78.5219 5
5 0 63.1671 2
0 4 92.5323 2
4 5 60.8948 1
1 2 59.3048 5
2 4 79.7086 4
1 5 20.0605 0
4 1 30.1971 1
5 0 11.8817 2
3 4 -6.7073 4
4 3 95.4917 1
0 4 85.6178 2
1 4 98.0737 4
3 4 37.6947 5
4 2 92.531 4
0 2 93.127 4
0 1 8.9896 4
2 5 91.0252 1
1 5 13.4637 1
4 3 98.4739 4
4 5 80.034 5
3 4 66.401 4
5 0 15.3721 2
5 4 -6.5235 2
4 3 35.7647 1
0 1 61.2949 5
0 3 23.1686 3
5 3 21.9432 5
3 5 21.217 4
4 5 41.4221 0
3 5 51.8926 5
5 4 34.6814 4
4 1 -9.2669 5
2 4 59.6325 2
0 3 93.5631 2
4 5 80.2207 3
2 0 40.4552 1
2 4 -9.8193 3
1 2 1.7361 0
2 3 80.8829 1
2 4 83.6623 2
3 2 43.7473 2
4 5 72.664 1
5 0 33.8463 5
1 1 87.4278 0
1 1 41.2419 1
1 1 -9.1904 1
3 0 67.1574 1
0 5 73.5273 5
0 1 35.3167 2
1 4 27.9955 0
0 3 70.9826 1
1 2 -4.4958 5
1 4 75.6016 2
3 3 92.5635 0
0 4 74.278 4
0 0 36.0605 5
1 2 87.0198 5
0 1 40.0737 4
1 3 37.9837 3
2 0 44.442 5
5 4 87.0083 0
3 3 0.7851 5
4 5 47.9511 0
0 1 22.0832 2
4 0 29.8453 0
3 3 90.3322 0
0 3 63.2914 5
0 5 82.9084 0
4 4 93.7366 2
5 2 47.0676 1
4 5 99.0274 3
5 2 2.8688 2
2 4 2.7072 3
0 4 82.2408 5
5 5 -8.7744 4
1 1 84.8843 1
1 0 28.0724 5
3 1 69.1999 3
1 3 55.2632 2
0 0 33.103 5
5 0 -5.2098 3
2 1 -4.2092 0
2 4 71.6078 5
0 2 21.2342 5
0 3 41.5014 1
3 1 51.3866 4
5 4 58.5912 4
4 3 49.7905 3
3 1 10.7847 5
2 2 97.5695 4
2 2 27.5033 1
4 3 25.4158 4
5 0 1.2899 5
4 3 74.5091 2
2 5 64.8611 5
5 2 20.651 0
5 1 27.3216 2
3 0 48.9204 0
5 0 30.9462 3
0 0 -8.9328 1
2 3 30.4433 2
1 1 57.2311 5
1 5 55.2408 5
5 5 69.3255 0
4 3 34.4189 5
4 2 83.9249 5
5 4 71.7676 0
1 4 96.0508 1
0 2 15.476 0
5 1 38.1142 2
5 3 19.2761 0
4 0 17.7934 4
0 5 8.9429 0
0 2 52.2483 0
3 2 46.0174 5
2 3 70.1707 4
5 0 87.2285 2
2 3 41.6051 0
1 2 41.4732 2
0 2 82.7598 2
5 1 39.5023 1
4 3 42.4364 2
4 4 41.0585 0
5 2 3.4363 5
4 4 43.9919 3
2 1 75.7938 2
0 4 60.0091 3
4 1 87.045 2
2 1 62.2886 4
0 1 64.0785 2
2 1 -4.2656 2
1 3 70.4408 4
0 2 54.1497 1
2 5 87.0187 4
0 3 56.8372 5
4 4 60.1149 4
2 4 35.3077 3
5 3 37.5082 2
2 0 58.2873 0
5 0 95.738 5
5 4 0.0327 2
3 1 -2.9228 4
5 1 92.2792 1
5 2 12.1102 4
1 4 26.1385 0
2 5 1.7134 0
5 4 18.7407 2
3 4 6.6288 2
1 2 28.3963 5
0 0 52.8019 3
2 1 80.5797 1
2 2 99.9725 0
2 5 36.2722 4
3 5 1.849 3
3 3 54.7615 1
5 4 39.6188 3
3 1 72.5922 5
0 2 81.4764 0
2 0 21.4571 5
4 0 2.2112 0
