2 3 49.6097 5
3 2 30.1653 3
2 0 50.5099 3
1 4 -4.0171 1
1 4 51.9156 1
3 4 4.3504 1
1 2 28.8674 1
5 1 19.7618 0
2 0 62.3397 5
0 1 48.0161 2
2 4 53.7189 2
3 5 1.2467 5
3 4 30.6571 5
0 3 12.0559 2
3 5 28.1151 5
0 4 86.3996 3
1 0 62.1959 0
1 0 56.4364 2
3 5 -9.7319 0
2 3 84.0368 1
3 3 4.3685 1
3 3 60.9582 0
0 1 98.382 2
4 2 22.8497 4
5 4 99.5353 3
1 4 98.7961 1
4 4 78.9235 3
4 2 3.2217 0
2 2 32.5141 0
1 5 94.8586 0
2 1 51.8215 2
2 4 22.4535 2
4 1 97.7718 1
5 1 10.4713 1
5 0 76.3279 2
0 5 66.2986 3
1 0 92.4862 0
1 4 63.7405 5
0 1 20.1346 5
2 0 26.8303 1
1 2 34.1648 3
5 3 49.9585 3
3 3 57.0983 0
5 0 -8.3829 2
3 1 73.3726 1
4 2 23.3491 2
5 2 38.1129 5
4 1 50.6387 5
3 1 49.0326 0
2 0 65.5381 2
1 3 53.9468 5
2 1 45.6836 3
0 2 67.7689 3
1 1 24.6483 2
0 3 41.6605 1
2 5 19.5364 5
0 0 83.5583 0
3 0 36.2712 5
5 1 33.8468 3
2 2 71.311 0
0 0 63.901 0
3 1 75.4069 0
5 4 30.0987 1
1 4 98.1499 5
5 5 0.7918 4
2 4 84.9392 0
0 5 -5.9943 3
0 1 13.7123 4
0 1 29.7696 5
5 1 -8.3204 2
4 5 10.8908 2
2 0 -2.0127 1
4 2 8.5216 4
5 3 29.4683 3
1 5 22.0566 2
0 1 44.9249 0
3 0 9.4801 4
0 4 69.7175 1
2 5 39.1195 3
0 1 -4.4036 2
5 2 39.426 4
2 4 40.2285 2
0 2 44.5694 2
2 0 15.9672 1
0 5 88.0145 3
0 4 11.7231 4
2 2 33.3005 5
2 1 71.526 3
0 2 44.667 2
1 5 2.8414 0
2 3 69.4294 3
2 5 11.2186 2
2 5 43.7957 4
3 0 19.0943 4
0 5 7.5192 0
5 3 12.1719 3
5 1 42.4571 2
5 0 50.0956 3
0 0 36.1582 5
3 2 1.1337 5
2 0 8.7753 1
1 1 57.1167 2
2 4 18.9714 1
1 1 3.7965 4
0 2 11.5306 4
3 4 46.9574 2
2 3 60.8649 1
1 5 22.7288 1
1 2 2.047 0
4 5 42.9122 4
5 3 -4.7596 5
1 5 69.8682 3
5 0 69.2688 3
2 0 90.0975 0
0 2 41.7678 0
2 4 85.4395 0
1 1 92.1351 5
3 5 47.8445 2
1 2 5.5382 3
3 3 72.3656 4
3 0 20.5661 4
2 4 82.3036 2
5 2 53.1864 4
4 2 29.9126 3
1 5 88.2435 5
1 2 81.2105 4
5 0 33.8011 5
4 0 11.8282 2
2 2 54.2428 2
4 1 52.0108 0
0 5 60.3839 0
5 0 -5.553 0
1 3 -0.0646 5
5 0 12.6269 0
2 2 83.5474 2
4 2 39.5782 3
0 0 42.8306 5
2 0 -5.623 1
0 5 99.4301 5
3 3 93.8464 3
3 4 48.2166 2
5 5 -9.0189 4
4 4 -2.3779 3
2 1 1.3834 0
0 1 83.7439 5
0 5 25.6113 3
4 1 20.4681 5
1 3 54.4272 3
0 1 99.9108 4
2 0 53.4425 0
3 0 28.2936 1
4 4 24.243 0
4 3 18.4898 3
0 2 5.2921 3
0 2 53.2225 5
5 4 78.1387 4
1 1 20.0335 5
2 5 61.7293 3
5 1 4.43 0
4 5 60.6353 5
0 2 30.3587 3
3 2 69.7977 1
5 4 75.432 1
1 2 90.2886 4
2 2 61.659 0
4 5 31.0699 3
1 2 90.4314 1
1 0 8.5036 3
5 5 8.8891 0
1 3 58.4856 2
0 2 87.3374 0
1 4 7.9231 5
4 4 -8.3339 5
5 5 1.6754 5
0 0 17.9082 5
2 0 44.0898 0
2 1 41.8158 3
3 2 63.1398 3
1 5 40.5261 5
0 4 39.627 4
2 0 16.1656 3
5 2 33.8152 3
0 3 2.0393 5
2 2 3.4836 4
1 1 12.2398 3
1 3 44.4744 1
5 5 74.1232 3
4 2 58.0723 3
2 0 71.8349 4
4 1 -3.4915 3
2 4 42.9405 0
3 3 62.5328 0
2 5 9.0441 3
3 1 36.0549 3
4 4 -9.3613 5
4 1 84.0669 4
1 3 87.3244 2
4 1 35.7374 1
5 1 35.0662 5
3 3 11.966 4
5 4 40.2089 3
4 1 87.9454 2
5 5 63.4082 4
3 3 64.7796 2
5 5 26.7607 4
1 5 51.6565 3
3 3 30.2666 0
5 0 54.2094 4
2 2 57.5138 1
4 0 0.0085 1
4 1 2.9348 5
1 4 -7.353 1
2 1 92.2796 0
5 0 78.3249 0
2 5 92.1644 2
4 2 30.4267 0
0 2 37.6404 0
4 3 99.1422 2
1 0 85.9796 3
1 2 23.9001 2
5 0 96.3379 5
4 5 53.1156 2
5 3 31.3152 4
0 1 16.7543 2
4 3 28.9439 2
3 0 53.7671 2
1 0 83.0755 3
2 1 18.7103 1
2 3 8.0488 1
2 3 85.8906 2
5 5 33.4479 2
5 0 -2.3476 3
2 5 76.2419 0
1 3 20.3374 2
2 3 15.956 2
1 4 55.7502 5
3 1 29.3648 1
3 4 50.1439 2
1 2 25.2815 2
5 4 49.9638 2
0 3 5.7391 5
3 3 80.4569 3
1 3 98.9157 4
0 3 10.8995 4
4 4 89.1085 5
2 2 6.1139 3
4 1 60.137 5
1 3 36.5634 1
5 5 24.0238 0
5 2 79.889 3
2 3 16.1545 3
0 4 34.1143 3
3 5 95.7949 0
4 5 43.9172 3
2 5 43.662 3
1 1 52.4149 4
5 4 17.5362 3
0 1 14.7256 3
0 1 87.774 5
0 3 82.8438 4
4 1 -1.0275 3
0 0 91.2346 4
2 5 53.9016 3
5 3 80.9339 5
2 2 32.3818 1
0 0 0.8311 4
0 3 72.2494 2
5 1 11.1516 2
5 3 3.3197 1
4 5 39.0612 0
1 1 31.1268 2
3 1 -7.1554 3
0 4 28.1317 3
1 2 66.6748 3
5 3 5.9317 3
1 5 3.5086 5
2 1 97.525 3
4 2 43.4838 2
5 3 64.0214 3
1 1 21.3243 3
3 2 17.5972 2
5 1 24.3527 4
5 4 29.8448 2
2 4 -8.8441 2
1 4 42.9005 5
5 4 87.2996 0
3 0 7.6227 2
3 1 86.458 5
0 5 32.6201 4
1 4 38.6146 1
1 4 -9.6471 0
0 5 69.2431 3
1 1 77.2937 0
2 5 41.8479 2
5 0 13.9678 5
4 3 -4.7058 0
4 3 64.2553 1
4 0 94.2578 3
3 2 99.4635 3
1 1 -3.5206 1
1 0 90.7702 2
4 4 75.9827 3
2 5 61.9506 3
3 2 75.6085 0
5 2 94.3896 2
2 3 -5.5039 0
4 2 50.4075 5
4 5 28.4319 4
3 1 23.3386 1
1 5 75.8432 2
3 2 24.1649 0
5 4 66.1055 5
3 0 69.046 3
4 0 -8.9137 3
2 5 26.301 0
1 1 53.9355 1
3 5 63.93 1
2 1 65.1024 3
1 5 82.5386 0
1 5 39.3494 5
4 2 3.1971 1
2 2 7.9772 5
4 0 69.1397 4
5 3 -2.3566 3
1 3 26.3704 2
4 2 69.0064 0
2 2 85.3972 2
3 1 18.8101 4
3 4 18.5787 1
2 0 79.8857 0
3 3 97.5614 0
5 1 45.8871 2
5 5 20.9953 0
1 1 35.9221 1
2 5 94.9642 3
0 1 92.8309 1
0 3 -3.5267 4
3 2 82.9577 2
3 5 60.3615 3
1 1 7.7259 4
5 2 -7.817 1
3 2 88.3596 4
3 4 75.1064 0
0 4 58.5154 5
3 1 50.9228 4
5 4 67.3902 5
1 4 71.7921 2
2 2 32.19 4
1 5 98.1912 3
0 1 34.1766 2
4 1 32.9086 1
0 5 93.824 2
1 5 60.8906 4
5 5 -2.2366 4
4 1 -1.2128 2
3 0 53.3465 0
4 5 84.196 5
3 1 19.0103 4
3 2 58.2039 3
5 2 60.3748 2
3 1 64.9044 4
5 4 74.1275 4
3 3 70.2885 3
1 5 88.0455 5
0 0 81.8819 4
0 0 85.6717 1
2 1 66.3343 1
5 3 70.6225 1
0 2 -0.4576 1
0 3 46.3611 5
2 4 30.7483 2
0 5 56.745 0
3 3 23.2334 4
2 1 44.4584 0
3 0 13.4996 4
0 2 63.1858 2
5 2 6.6813 3
4 1 95.537 3
2 0 64.4441 5
2 3 41.2228 2
2 0 32.3681 2
4 0 95.8857 1
4 1 31.0389 0
4 4 32.6851 4
2 1 24.064 0
1 4 -5.1642 2
4 0 60.6967 4
2 2 80.5297 3
0 1 35.3682 0
1 5 28.7702 5
2 3 0.5322 3
1 0 94.548 0
4 0 98.7535 3
4 5 22.2377 2
3 5 40.786 1
0 4 79.8086 3
2 4 2.5368 1
1 5 -0.1728 5
4 4 42.22 0
0 5 68.0675 0
2 5 62.3013 4
4 2 45.782 0
0 4 47.3087 4
3 3 23.2503 3
2 5 10.9857 4
3 2 97.9702 5
0 3 7.3006 1
5 2 56.2012 4
2 4 31.2324 1
2 5 3.2833 1
4 3 88.0659 5
5 4 -5.7757 3
1 3 51.213 3
3 1 60.2359 1
1 0 52.5888 1
5 1 -6.1753 2
3 1 24.4583 2
4 3 35.8103 5
3 2 32.3015 2
4 0 31.8088 0
5 1 -3.0084 1
2 3 19.4436 4
5 1 31.9294 0
5 4 10.9788 0
3 1 6.8857 3
5 2 72.5545 1
4 3 94.5419 0
3 5 -3.2032 0
2 4 43.7682 2
1 1 52.4085 3
2 3 88.5225 0
0 2 -9.4737 4
1 4 13.1418 4
2 3 89.7037 0
1 3 70.53 0
5 4 47.9182 2
5 5 24.4738 1
0 0 87.6712 0
5 0 61.3462 1
5 1 19.8668 2
5 2 69.8551 2
3 3 80.808 1
4 5 25.3609 3
3 4 1.7523 1
3 2 -2.5134 3
1 0 76.5943 3
2 1 24.5217 3
0 3 93.1012 1
0 2 9.852 4
0 0 50.506 4
3 4 23.0167 0
2 3 47.546 0
2 2 61.3031 3
4 4 76.2721 5
3 0 -2.0114 2
2 1 -5.7658 3
3 0 21.8238 4
4 1 -5.0647 2
4 1 91.9854 4
1 1 8.7265 5
2 2 -7.7723 5
3 3 52.8605 4
2 3 25.0017 3
3 4 22.0181 3
2 1 95.2518 0
5 1 99.5072 2
5 4 42.0925 2
4 5 43.7983 1
2 0 72.3646 5
2 2 7.1391 1
5 0 42.8804 5
3 0 52.5642 4
1 5 73.9196 5
1 5 7.6986 0
3 5 45.6494 1
0 4 46.0708 4
4 0 49.98 4
1 4 -0.5928 2
5 2 97.39 2
4 5 4.7527 2
1 1 6.5078 1
0 4 86.1834 3
3 5 16.3276 0
1 0 39.5955 3
2 3 24.4909 0
1 2 39.9465 0
5 0 -9.9462 0
5 4 28.2956 2
5 4 56.9587 2
5 4 92.871 2
2 5 32.6274 2
4 3 8.998 2
0 1 -7.7945 1
1 1 75.7207 2
0 2 63.0401 1
4 2 50.3799 3
2 0 26.5722 2
4 0 -2.7808 5
4 2 -7.9514 1
2 4 31.9912 0
1 5 67.2944 0
3 4 -1.1172 2
0 1 -1.5472 0
0 5 -2.1717 0
4 3 79.9633 3
1 2 60.855 3
0 1 20.4265 1
2 2 76.4097 2
0 3 64.4189 5
1 5 16.1157 1
4 3 7.5376 2
4 5 16.9386 2
0 1 90.6937 1
3 0 81.7066 5
2 0 5.9489 2
4 0 83.4331 3
2 3 73.646 4
2 1 94.3923 5
1 5 14.174 2
4 5 6.8671 1
2 2 18.6943 4
2 4 -7.0977 3
0 4 32.2625 2
1 4 63.4414 5
3 1 -9.8338 0
0 5 25.4628 0
4 5 41.4343 1
3 0 11.486 5
5 3 -3.7297 0
0 3 34.2564 4
0 1 47.3153 5
3 0 85.5189 3
2 4 32.1326 2
1 2 45.8894 3
3 3 72.8462 2
0 4 53.1737 4
1 4 99.5773 5
1 0 25.6244 0
4 3 87.066 3
0 0 59.4576 0
4 2 41.923 1
5 1 44.8052 2
1 5 56.2908 2
0 3 95.0582 0
3 2 38.1658 0
1 5 -7.604 3
2 4 51.252 0
5 5 9.5798 1
4 5 39.2188 0
2 4 14.0165 5
1 0 68.1413 1
4 1 39.884 3
4 0 21.237 1
1 1 6.062 2
2 3 26.0659 1
2 3 60.4096 3
4 5 35.9472 3
3 4 92.7811 5
1 4 42.2893 0
3 2 46.3635 4
0 5 -0.2853 2
5 5 49.9423 1
0 0 1.5684 3
2 2 54.7225 5
2 2 79.9201 0
2 1 -4.8504 2
3 3 90.4188 2
2 4 69.6956 1
5 5 45.8879 4
1 3 -4.9506 3
0 1 48.5612 5
5 0 78.427 0
3 1 73.5208 4
2 1 49.3322 4
1 2 85.7532 3
3 4 17.365 2
4 0 2.2537 2
1 2 7.5631 3
3 3 28.5621 5
4 0 56.1756 0
2 0 -3.2953 3
4 1 -1.574 1
3 1 88.7436 3
0 5 -4.5895 5
1 3 26.4736 1
3 2 99.8673 3
1 1 94.254 0
5 1 11.7555 0
4 5 95.0999 2
3 2 -6.6916 3
0 4 61.7506 1
2 1 6.9743 2
5 2 28.8502 0
0 3 40.5635 0
5 0 30.4348 2
5 2 69.3083 3
5 4 6.4068 5
5 2 -1.2323 1
4 4 96.1684 3
1 0 93.2715 2
3 3 25.1715 4
4 3 85.6539 5
3 3 78.5295 2
3 5 82.443 0
1 4 47.0734 1
3 4 59.381 5
4 2 79.7438 5
3 2 51.9503 0
5 3 53.8359 5
2 1 13.4725 3
5 5 25.0834 2
5 1 36.2861 4
5 1 64.7761 4
1 0 -3.5506 0
5 3 56.0431 3
0 3 79.0264 4
3 4 95.8722 3
5 0 -8.2011 5
1 1 82.5842 3
0 4 64.0053 0
0 3 61.0638 4
3 5 81.2795 3
1 0 58.0695 0
3 0 89.3032 0
5 5 82.0981 0
1 0 2.66 2
1 4 61.8772 3
1 0 86.3446 1
4 1 1.5233 0
1 0 -5.8227 4
0 5 37.3395 4
0 5 8.9645 2
3 4 56.2929 1
2 2 65.3492 5
4 1 18.577 3
0 2 54.4551 2
1 2 4.8759 3
0 2 85.5433 3
4 0 29.9237 3
0 5 63.3157 3
2 2 43.6893 1
2 0 35.9663 5
3 5 51.6674 2
1 3 39.3775 5
4 1 79.8652 2
0 2 83.25 5
4 2 55.8322 2
3 4 24.5219 3
2 5 0.1079 3
2 4 -3.5487 0
4 3 87.5191 5
5 0 58.8222 2
0 5 81.7154 4
1 5 24.9403 1
3 5 85.8782 5
1 0 63.5728 0
1 5 70.2962 5
3 1 75.5686 4
3 1 -8.3267 4
2 5 14.7127 0
4 2 35.9349 0
2 0 60.2334 0
2 0 -2.2556 2
1 3 85.793 5
2 5 29.612 1
2 5 1.7542 0
0 4 -9.6132 4
0 3 69.6649 4
5 2 22.4027 0
0 5 66.3756 2
1 3 32.9774 3
5 0 57.3403 4
0 0 58.2187 5
2 4 33.96 3
0 0 99.904 5
1 2 90.6971 1
4 4 -2.7031 2
0 3 78.3262 3
0 4 26.2339 1
0 5 46.8684 5
4 3 -6.9313 0
2 5 80.0135 2
0 5 43.2836 5
4 3 44.9452 2
1 5 86.4872 2
3 4 2.3583 3
1 4 97.1184 1
0 4 80.0917 2
1 5 84.277 2
5 1 92.6269 4
4 4 73.372 0
2 1 40.3465 1
3 5 88.3527 2
1 5 58.372 5
5 4 -5.3576 3
4 4 70.7182 5
5 1 26.6896 4
4 4 25.5457 4
4 1 73.5484 0
2 3 89.7544 3
5 5 14.582 0
5 4 11.7379 2
3 5 38.1189 1
0 1 6.8362 5
3 5 51.3712 4
5 2 52.5366 0
1 4 48.9298 2
5 2 35.8227 4
2 3 73.9496 2
0 3 94.2519 4
3 0 -9.9235 1
2 5 75.1573 4
3 1 16.9531 2
0 2 2.5524 5
3 1 48.0602 5
0 1 80.6955 2
5 5 -6.335 1
0 4 6.7117 0
3 4 19.5518 5
0 4 25.1209 4
0 1 99.0555 3
3 4 28.4752 1
2 4 48.4765 4
2 3 89.0098 1
0 4 24.8784 2
0 0 43.0293 0
5 3 51.3958 1
5 1 15.1528 1
0 3 72.7954 3
0 0 23.2088 5
3 5 85.123 3
3 5 47.4044 3
0 4 12.0255 1
2 4 66.8817 0
3 0 64.538 2
4 4 90.2768 0
3 0 51.2106 0
3 2 37.8682 1
2 0 42.9735 4
4 2 89.9551 5
5 0 35.9205 2
4 1 73.8906 1
0 5 93.0541 0
2 1 57.114 0
4 0 18.4675 5
0 5 68.044 5
0 0 82.0838 5
2 3 49.6665 3
1 3 13.6104 2
5 3 0.8186 3
2 2 38.7315 0
4 3 9.7392 4
0 3 89.1679 4
5 0 78.1099 2
5 4 -5.39 1
0 3 97.2701 2
4 4 15.5556 0
5 5 61.963 4
2 2 59.6472 5
3 5 37.0229 3
5 1 65.296 5
4 5 77.4169 1
0 5 2.3634 2
0 3 0.1577 0
5 0 15.6298 3
4 0 60.3586 1
5 2 36.5598 0
2 3 98.3355 3
1 2 53.8119 3
0 0 34.1681 0
4 5 62.3586 4
4 2 67.318 4
0 0 90.8594 2
5 3 28.0438 3
3 1 65.9989 5
2 5 35.8171 2
5 3 32.1244 0
0 1 26.6721 0
0 3 85.5097 2
4 0 28.1964 1
3 4 18.2614 1
5 1 83.3635 3
3 4 93.1739 2
0 5 94.3152 0
1 3 83.4582 4
2 2 -1.1481 3
1 1 85.0909 0
4 4 42.0378 4
2 3 24.7811 0
5 2 36.167 3
3 5 58.6117 0
4 2 28.4543 2
0 4 23.5172 0
0 1 23.2921 1
0 3 69.4064 2
3 1 18.8146 3
0 5 76.3339 1
3 2 87.5639 1
4 3 14.0956 3
4 4 50.4014 0
4 0 42.4085 2
1 1 18.4204 4
3 2 2.1523 2
3 3 51.4161 2
1 5 -4.7948 4
0 5 16.5084 1
3 1 92.0485 2
0 0 70.5596 4
4 0 20.2136 0
2 0 4.095 4
1 0 93.9823 0
4 1 97.7512 1
2 4 73.5223 2
1 4 38.2401 5
4 5 85.7813 2
4 1 8.0446 4
1 2 23.4034 4
5 1 59.4482 0
0 1 -9.6442 0
1 5 13.8544 3
0 0 81.411 2
5 4 95.3639 3
4 0 61.2513 1
5 4 91.6187 5
0 4 72.8493 0
2 5 15.0192 0
4 4 75.1436 3
3 2 4.4301 2
0 4 35.4979 0
4 5 76.3635 1
5 0 12.6512 5
4 1 70.7582 1
5 5 83.6133 5
4 4 -1.0192 3
2 2 82.8702 3
1 4 61.5059 2
5 2 99.0593 3
4 3 71.1315 5
3 2 71.7491 3
1 0 7.7102 0
3 5 18.1247 1
3 3 80.4602 1
4 3 88.8323 0
5 4 75.0846 1
5 3 57.6886 0
5 2 70.4445 3
2 3 6.3242 2
4 3 61.4567 0
4 3 77.8056 3
4 5 67.4098 1
3 2 76.1884 5
4 5 44.6473 2
5 4 7.5252 5
5 3 -5.3451 5
5 5 1.1134 5
4 3 7.8483 3
2 2 80.2123 1
5 3 13.9253 2
1 2 81.2443 1
0 1 98.7296 2
1 4 76.2557 0
4 4 28.5925 4
5 1 85.4454 0
2 3 86.2685 0
2 4 24.5392 2
3 3 -0.3297 1
1 3 33.3167 0
5 5 68.4644 5
2 2 39.8592 2
3 4 27.9222 5
2 5 77.4082 0
4 5 57.2482 4
2 5 26.7112 2
1 2 65.7045 3
5 3 96.5072 2
4 2 63.7483 0
0 2 26.838 5
0 2 65.9327 5
3 5 98.8922 5
2 1 63.7926 5
4 2 99.9972 3
1 4 11.3068 1
2 2 55.9092 1
5 1 64.2802 1
3 3 -8.221 3
1 1 58.4042 5
2 5 81.9744 0
0 5 87.7802 1
0 1 65.485 3
0 3 82.7058 3
1 0 -6.279 5
1 4 6.6886 1
2 2 23.378 5
0 5 31.5112 5
3 5 -0.6496 1
4 5 6.7214 2
1 5 62.3525 5
5 3 81.0161 2
4 1 21.2116 1
4 0 26.3326 5
5 3 10.7861 1
2 3 9.609 1
5 3 51.8506 2
1 2 15.8723 1
2 5 92.232 3
3 5 18.346 5
0 3 -3.0777 3
1 0 92.7946 3
0 0 8.6582 1
4 0 58.2242 1
4 4 76.1738 0
4 3 54.4532 5
2 1 93.9921 2
2 1 86.9202 0
4 0 27.2602 0
5 3 62.1174 0
5 1 -3.1992 0
0 0 2.7196 3
2 0 98.1944 0
2 2 58.8142 4
3 4 37.9388 3
2 1 67.6351 4
3 0 36.0825 2
1 0 24.5668 2
0 5 78.6791 1
4 5 8.2688 2
4 3 7.2028 4
2 1 59.1886 4
4 4 80.1989 5
5 4 69.3689 5
1 1 97.7733 1
0 4 39.7347 0
2 5 2.4486 2
2 2 91.5995 5
5 5 28.4724 3
5 4 32.688 1
4 3 31.0756 5
3 4 18.5256 2
2 2 60.4888 5
5 0 0.0685 5
2 4 9.0656 3
5 2 17.713 5
0 5 69.8843 3
2 1 3.8346 4
5 5 4.2789 0
5 5 6.4673 4
3 5 31.2495 5
0 0 44.1164 0
5 4 35.6523 2
5 2 48.9947 2
0 0 91.9615 0
5 1 96.1586 1
5 2 17.8401 2
1 4 4.4561 2
2 5 28.4244 0
2 1 91.9103 1
5 4 64.7327 3
4 2 53.6629 2
5 2 26.9809 1
5 2 -8.7776 0
1 1 57.7443 2
1 4 90.3841 1
2 2 -6.713 3
2 3 24.1914 5
3 1 84.8594 3
1 5 64.3323 1
1 4 16.0107 1
0 2 80.9357 5
4 0 13.6014 0
4 2 48.3266 5
0 1 -1.0513 5
3 2 21.9093 4
0 5 79.6612 4
0 1 35.8557 1
2 5 85.5107 4
1 3 76.7823 4
4 3 12.8182 2
4 4 90.1724 1
3 1 -9.8123 4
1 0 4.5268 0
0 3 97.9832 0
2 2 53.3467 2
3 2 46.2605 5
5 5 76.9565 5
3 1 75.1262 0
2 3 49.0933 0
2 2 64.9115 5
2 5 97.1794 5
5 1 75.848 4
2 5 98.0853 3
4 0 76.7347 2
5 4 54.201 2
3 5 25.1189 2
4 5 22.0431 0
1 0 70.291 5
4 1 97.6536 1
0 1 19.5434 0
2 4 17.3679 0
4 3 19.4342 2
3 0 59.953 4
