3 3 12 1
1 1 5 0
2 5 32 5
5 4 0 4
3 1 36 4
4 1 77 2
3 5 13 3
5 1 83 2
0 5 48 0
3 2 34 2
4 0 37 2
4 0 41 1
4 3 97 2
1 1 95 5
1 5 77 4
1 4 63 0
0 0 9 5
3 0 93 5
0 1 24 0
3 2 5 3
1 0 60 3
2 4 34 1
2 5 42 0
1 5 85 4
5 1 57 3
0 0 3 2
1 1 35 1
4 2 75 1
2 0 84 2
1 5 -2 2
0 4 82 2
1 3 34 3
3 3 80 4
0 1 87 2
5 3 75 1
2 5 15 5
2 0 86 5
2 1 74 5
5 5 17 2
3 0 87 3
2 0 45 5
2 3 49 2
3 2 35 5
4 1 21 5
5 4 85 4
5 5 38 3
2 1 28 5
2 5 22 1
5 5 9 5
2 5 36 5
1 3 85 2
5 3 -10 4
4 1 -10 2
5 5 99 4
3 1 19 5
3 3 52 5
4 5 81 4
2 1 71 0
2 0 54 0
3 2 31 4
5 5 55 2
1 0 99 3
3 1 19 2
1 1 89 5
5 3 36 5
1 2 18 2
3 4 83 5
3 1 81 3
4 5 88 3
5 1 98 4
1 3 48 0
2 3 -2 5
5 0 53 4
2 5 -9 2
3 2 8 4
0 3 -6 2
4 1 51 2
1 3 -4 3
1 1 3 1
2 2 62 0
4 1 75 1
5 2 62 4
0 5 65 5
1 1 7 0
0 4 61 1
2 5 15 4
4 1 27 0
2 5 38 2
1 5 2 3
5 4 70 0
1 3 91 0
1 4 39 4
0 1 86 1
3 2 18 4
0 4 34 2
1 1 94 2
4 2 22 3
3 0 -6 1
4 5 25 2
5 2 79 0
3 2 57 4
1 5 64 2
5 3 36 5
1 1 48 0
1 1 61 1
4 0 38 4
0 1 4 1
5 2 -3 2
1 4 74 1
0 5 -6 3
3 0 8 1
2 3 5 4
0 2 45 1
5 4 43 5
0 3 57 1
1 3 71 1
1 5 18 5
4 5 78 4
0 1 16 1
5 5 36 4
4 0 17 2
4 2 45 0
5 0 94 3
0 2 11 0
5 2 10 5
2 0 53 2
1 5 30 1
2 3 6 2
4 2 12 0
0 2 15 4
0 3 -8 2
3 1 49 0
0 0 9 1
2 4 18 0
5 0 38 5
3 0 66 5
2 3 37 3
4 5 19 5
2 0 20 1
0 0 14 2
4 0 20 2
4 4 17 3
5 3 47 4
5 2 -1 3
0 5 -8 3
5 3 37 2
4 1 57 4
0 2 34 1
0 4 92 3
5 3 27 4
0 5 -8 4
0 5 4 3
1 3 87 5
4 4 -8 0
2 1 12 5
0 0 100 2
1 1 80 5
2 1 68 0
2 1 73 3
5 0 -1 4
2 2 83 5
1 2 70 0
5 4 81 2
3 3 4 2
4 3 14 4
2 3 18 2
5 1 41 1
1 2 46 4
1 4 29 4
0 1 51 1
4 0 27 5
3 4 77 0
3 0 37 0
0 0 11 0
1 2 11 1
5 2 68 1
4 5 61 0
4 0 26 1
2 3 27 0
3 5 96 3
4 4 28 2
1 0 67 5
4 5 91 1
5 4 57 5
3 1 56 4
1 5 47 4
2 0 -8 4
2 1 4 0
0 4 25 5
4 2 82 1
4 2 66 5
0 5 50 0
5 2 37 5
1 0 9 0
3 3 37 4
4 3 31 5
3 2 2 1
2 1 -3 5
0 0 30 2
4 1 55 4
5 2 99 2
3 1 5 1
2 5 63 0
4 4 49 1
1 3 48 1
2 2 38 3
0 2 -7 3
1 3 62 3
2 1 76 0
1 3 79 0
2 4 95 5
2 5 49 0
0 0 81 5
5 0 40 5
4 3 45 5
0 1 70 4
1 1 98 3
1 1 97 4
3 2 82 0
5 0 23 5
0 5 17 3
2 3 74 2
4 2 67 1
5 0 77 4
2 4 83 5
3 5 19 4
2 3 82 3
5 3 69 2
4 2 43 4
1 0 67 1
1 5 86 5
0 1 48 1
2 2 25 2
3 1 87 2
1 0 7 3
3 2 71 3
5 2 70 1
2 4 6 4
0 4 34 5
4 1 78 3
1 4 3 5
3 2 75 4
2 2 98 5
0 0 15 5
1 3 7 1
5 3 96 1
2 0 10 5
0 0 59 3
1 5 97 3
2 4 -9 1
5 4 99 3
4 5 38 2
5 1 59 1
3 4 31 1
3 3 41 3
5 4 44 4
2 4 39 3
0 3 -6 5
3 1 3 3
0 3 38 2
0 5 11 0
4 3 95 0
0 1 55 1
1 1 75 2
0 2 68 0
0 1 -6 1
4 1 13 0
1 3 19 2
2 2 91 2
1 2 -8 3
0 1 54 0
1 3 91 2
2 2 10 5
3 2 62 5
3 5 44 3
0 2 49 0
2 0 98 0
3 5 92 2
5 5 -10 2
2 2 55 5
2 2 91 2
3 1 56 1
5 2 82 4
0 0 64 0
0 5 12 2
3 2 97 1
0 1 51 4
3 1 83 0
2 2 11 2
3 5 77 1
5 4 76 5
0 5 -3 0
2 2 42 0
1 2 62 4
2 1 25 1
0 1 18 0
4 0 79 1
0 5 55 1
2 3 32 1
4 1 14 3
4 3 21 1
3 1 88 2
4 0 69 2
3 5 13 4
5 5 -6 0
1 2 85 3
0 0 0 0
1 0 4 0
0 0 70 2
2 2 9 3
4 0 37 3
1 4 41 0
2 1 66 5
2 4 -5 1
5 1 -5 4
2 5 62 4
3 0 20 4
3 5 13 0
1 3 78 1
1 1 9 3
0 4 90 2
0 1 13 4
4 0 64 3
5 4 40 2
5 4 97 4
3 1 52 5
3 4 28 3
1 4 57 0
1 0 86 5
0 1 56 4
1 4 54 5
2 0 21 1
5 2 87 4
0 0 56 4
5 2 30 1
5 3 28 3
1 2 31 1
1 5 21 1
4 4 55 5
3 5 53 3
2 5 18 1
1 4 23 0
4 3 21 2
0 3 73 4
4 2 52 1
3 4 83 4
1 4 31 1
0 4 1 0
4 3 24 4
3 4 87 5
3 0 57 3
4 4 56 1
2 2 1 5
0 5 95 1
5 1 68 4
1 1 52 0
2 1 32 5
3 2 91 5
0 1 13 0
0 3 10 3
5 4 6 4
3 2 79 0
0 2 76 1
1 4 92 0
3 1 46 3
1 4 77 2
4 3 89 4
2 5 9 1
5 1 6 3
3 2 87 5
3 2 -2 4
0 1 44 5
4 0 39 3
4 0 64 0
3 4 85 3
3 0 11 0
1 4 61 1
1 5 15 3
5 5 62 5
0 4 74 5
3 0 73 3
4 3 90 5
1 0 89 4
2 1 20 0
1 3 23 2
4 3 92 5
5 1 93 0
0 4 46 4
5 2 45 2
3 0 84 5
0 3 10 2
5 3 26 1
5 2 53 4
4 4 70 0
1 4 86 3
4 1 14 5
3 2 3 4
0 3 100 4
5 4 97 0
4 1 33 1
2 5 5 1
0 2 21 3
1 3 39 2
0 4 45 5
5 0 64 1
5 1 25 0
5 1 37 0
2 4 38 3
5 2 86 5
0 2 54 1
4 1 74 0
4 2 34 2
5 2 88 1
5 0 17 0
2 0 49 4
3 4 2 4
0 3 15 5
1 2 66 2
4 2 87 3
0 1 87 4
3 5 11 5
5 4 54 3
5 0 56 1
4 0 -3 1
2 4 39 1
4 5 72 3
5 3 9 3
4 2 24 3
0 0 95 0
2 3 18 1
2 2 70 1
4 0 -2 4
2 4 83 1
1 5 37 1
1 0 54 5
0 2 -7 3
3 2 68 1
4 1 76 1
5 4 20 5
1 0 27 0
0 5 -1 4
5 4 -5 5
3 1 15 4
0 4 69 1
2 3 88 3
1 2 34 3
2 3 40 2
2 3 84 4
4 4 14 3
5 5 51 2
1 4 70 4
3 5 95 3
4 2 23 2
2 1 19 2
0 2 -4 3
5 4 11 3
0 3 9 0
3 4 41 0
0 4 44 4
5 4 14 0
0 2 44 1
4 2 17 2
5 2 54 3
0 0 3 1
1 4 11 5
0 1 51 4
1 5 100 1
2 1 81 0
2 2 19 0
1 4 30 2
3 5 11 2
3 2 87 0
4 3 61 2
4 0 45 4
0 2 5 3
3 2 -3 1
3 3 32 3
4 3 11 3
2 0 84 4
5 1 44 2
1 3 49 0
0 4 91 0
0 0 54 0
3 3 81 4
2 5 32 4
5 1 38 0
3 3 13 1
5 0 77 0
2 0 100 0
3 1 -6 4
0 2 14 1
5 2 63 5
2 4 3 2
5 0 -3 5
1 2 60 5
0 3 42 5
4 1 40 0
0 3 20 1
5 0 87 3
3 1 98 2
2 0 9 1
4 5 33 0
0 4 92 4
5 0 83 4
2 5 56 0
0 1 31 2
1 2 -2 1
5 5 31 2
1 5 50 2
3 5 70 0
1 4 7 2
5 2 -7 4
5 1 49 3
3 1 3 2
3 4 35 4
5 0 17 3
0 0 22 5
5 1 56 4
4 3 92 3
0 4 78 2
1 5 82 0
5 1 -6 2
0 2 90 5
1 2 35 3
1 0 75 5
1 3 0 5
1 3 28 5
3 2 45 1
5 1 90 1
0 5 21 5
5 2 1 1
5 2 92 0
4 5 86 1
3 1 72 0
3 1 48 1
0 1 69 4
3 0 83 1
4 2 29 0
0 1 26 0
5 3 39 1
5 5 36 1
3 3 32 2
4 0 5 0
5 5 56 2
5 2 57 5
2 0 28 1
4 1 16 0
2 3 56 5
3 1 37 3
4 1 23 5
5 5 22 0
0 0 13 3
3 5 92 5
4 5 25 5
5 3 81 0
2 2 68 3
3 1 19 2
0 1 78 2
4 3 33 1
3 5 43 2
3 5 88 3
1 4 94 2
3 1 69 1
0 5 72 2
1 3 2 2
0 2 19 0
2 1 100 2
4 2 40 3
4 4 83 2
1 3 50 1
5 5 94 0
2 3 8 1
0 3 -9 1
4 5 96 5
4 0 -4 2
2 4 99 5
1 2 66 5
4 0 19 4
5 0 11 4
0 4 97 0
2 5 -5 1
0 3 -7 0
2 3 -7 0
2 0 81 3
0 3 98 5
1 2 11 4
0 2 47 1
5 5 43 4
3 4 63 0
5 5 3 2
4 1 88 1
2 3 38 5
5 1 2 4
2 0 27 1
5 4 31 4
2 2 62 4
5 0 7 0
5 1 55 5
2 1 52 5
4 4 1 1
3 3 22 2
2 3 83 3
3 4 27 2
4 1 87 1
2 4 71 0
3 2 34 3
0 1 42 3
4 1 65 4
2 2 88 3
2 5 29 1
1 1 95 4
3 4 41 4
5 1 40 0
1 4 39 0
4 0 35 3
5 5 51 3
4 4 59 3
0 4 9 0
4 4 73 2
2 2 16 5
1 5 6 1
4 2 97 3
4 4 11 0
0 3 76 3
2 2 5 3
2 1 -3 2
1 0 22 4
3 4 31 0
3 1 51 0
3 3 80 1
5 0 44 1
3 4 74 4
2 5 86 4
4 3 38 3
1 0 6 4
4 0 14 4
1 2 23 3
5 5 68 2
1 4 43 2
0 2 17 3
0 5 64 1
3 0 94 3
3 5 86 2
5 0 52 3
0 1 7 4
4 1 4 5
2 5 58 0
3 4 19 3
1 5 45 1
4 1 85 2
4 3 74 0
5 3 59 0
5 1 16 2
5 4 50 2
4 1 58 3
0 3 66 5
0 4 17 0
0 0 40 1
3 4 39 0
0 0 2 3
4 4 49 2
3 2 82 2
3 4 18 4
3 3 24 0
0 0 89 2
5 3 53 0
5 3 59 4
4 1 12 0
4 5 66 0
1 5 36 0
4 4 26 2
2 3 3 5
1 0 6 0
2 0 78 4
3 5 31 5
4 2 29 4
5 4 12 5
0 3 23 0
5 5 5 5
1 0 35 5
4 0 22 3
5 0 63 5
5 0 67 5
4 3 56 2
1 2 81 0
4 2 64 5
2 5 9 3
1 4 59 1
5 3 51 5
0 5 69 5
1 3 78 0
2 2 15 2
0 1 3 3
2 0 38 0
0 1 52 4
0 3 92 0
0 2 78 4
0 3 62 4
5 3 9 1
0 0 76 2
5 5 57 0
3 3 89 3
1 2 79 1
5 3 10 3
5 5 65 5
0 2 81 4
2 4 14 0
2 4 33 1
5 2 51 1
2 0 62 0
1 3 66 5
3 5 -9 0
0 5 74 1
2 5 40 4
0 2 59 1
0 1 60 4
4 3 75 1
3 1 39 2
0 4 19 5
0 2 62 5
3 4 26 1
3 0 40 3
4 1 -1 2
3 3 42 0
5 3 73 1
1 5 30 4
1 1 38 4
1 0 95 4
1 2 76 0
5 0 9 3
4 3 88 5
4 0 85 5
2 0 48 4
2 3 0 5
2 4 65 5
0 2 60 4
5 3 25 5
5 2 21 3
0 5 93 1
1 5 78 4
2 0 -5 4
5 3 -9 0
4 4 95 1
0 5 31 5
5 3 94 3
0 0 91 2
5 1 16 0
2 2 7 0
4 5 77 5
4 2 12 1
2 4 37 3
4 1 95 5
4 4 58 4
4 3 43 2
4 0 70 1
3 3 2 5
4 0 -5 3
5 5 16 5
3 2 -5 4
0 2 15 1
1 2 14 2
3 3 49 5
2 2 17 4
2 2 -8 3
3 3 31 2
5 1 85 0
5 3 21 2
0 5 33 3
2 2 37 2
5 2 54 2
1 5 31 0
0 1 14 0
4 3 35 3
3 3 41 2
1 4 90 3
1 1 67 0
4 3 4 4
4 0 91 1
5 4 75 4
2 5 24 3
4 0 85 0
5 2 52 4
1 5 66 3
1 4 16 3
2 0 86 4
0 5 2 3
1 4 73 5
2 2 94 0
5 0 27 5
4 0 11 2
1 3 66 3
4 3 52 4
3 4 75 0
1 4 94 4
4 4 44 2
4 5 78 3
3 3 -4 1
2 5 99 3
4 1 39 5
1 4 27 5
3 5 89 4
2 1 9 1
0 0 16 0
2 4 33 1
2 5 3 4
4 1 49 2
2 5 6 4
2 5 94 2
3 0 32 2
0 4 64 1
3 5 95 2
0 2 -9 3
0 2 69 2
1 3 28 4
0 3 81 0
5 5 77 4
0 1 81 2
5 2 11 2
2 0 20 0
4 5 61 4
4 2 80 1
5 4 90 3
3 2 2 4
1 4 29 1
4 5 31 4
2 5 26 4
5 5 14 5
0 5 54 2
4 0 -5 3
5 4 7 0
2 1 -7 0
5 5 35 4
3 0 29 2
3 5 93 5
5 3 48 2
2 3 87 5
3 0 0 0
0 3 40 2
5 5 53 5
0 0 15 1
1 0 53 4
2 3 30 5
1 2 81 3
5 2 28 1
4 5 34 4
3 0 8 3
3 2 -4 1
5 2 70 1
5 4 35 0
1 3 -6 0
1 5 15 3
4 5 37 2
5 2 44 3
0 3 72 3
0 5 5 2
4 0 76 2
4 1 -4 3
3 1 14 4
2 1 -4 2
5 1 100 0
1 3 30 2
4 4 3 5
0 3 64 4
5 0 3 1
0 5 67 3
4 1 16 2
0 3 47 5
5 0 2 0
2 1 19 4
0 4 61 4
4 0 26 3
0 2 -6 3
3 5 35 2
4 2 2 4
5 4 20 3
2 2 45 0
0 3 78 1
5 1 39 1
5 4 69 4
0 1 46 5
0 2 38 3
5 4 73 3
2 4 -3 5
3 5 9 5
3 1 44 1
4 1 6 0
4 5 19 1
3 2 64 5
4 0 14 5
5 4 52 0
4 4 85 2
3 1 96 5
1 1 97 5
2 1 24 5
2 2 84 4
3 4 20 3
2 5 56 3
3 2 0 0
1 0 72 0
2 4 26 5
5 2 88 2
3 0 29 1
0 1 18 4
4 2 88 3
1 2 75 4
5 2 28 2
3 5 14 2
4 3 21 2
2 0 19 1
3 0 42 2
4 3 14 2
2 1 43 4
1 1 85 0
4 3 28 0
4 3 94 1
2 0 97 3
1 1 65 1
5 0 48 0
3 5 3 0
2 3 47 4
3 3 21 5
1 5 93 3
4 3 3 5
0 5 2 5
2 5 48 3
4 3 11 0
3 2 -7 0
2 2 16 5
3 1 88 4
4 0 43 5
0 4 75 1
4 5 68 5
2 1 78 1
2 1 71 5
0 1 57 4
2 3 77 5
2 2 -4 0
4 1 33 4
5 0 -5 5
5 4 89 4
1 4 73 5
1 1 43 0
4 2 30 2
1 3 68 1
2 1 89 1
0 5 21 2
0 4 96 4
5 1 90 3
5 3 30 2
1 4 31 5
4 1 73 3
3 3 43 1
5 3 63 4
5 1 50 5
3 1 -3 0
1 4 59 3
2 2 10 0
3 4 43 3
5 5 69 2
0 1 49 3
3 5 7 5
5 4 9 2
2 5 14 0
4 1 59 3
2 4 77 5
2 4 90 1
4 5 32 0
0 0 86 3
5 2 -7 2
5 5 14 5
2 1 12 4
5 4 42 3
0 2 35 2
2 3 45 0
1 0 29 4
0 0 57 0
2 3 -4 1
1 0 100 3
0 0 -2 4
5 0 11 5
2 5 66 0
2 1 22 4
4 1 28 3
3 0 -9 5
1 5 11 0
2 4 31 4
3 4 15 5
3 2 11 5
0 3 95 5
2 1 84 2
3 5 95 0
5 3 10 2
3 5 53 4
0 4 100 4
2 2 44 0
0 4 67 3
5 3 24 1
3 5 -1 3
5 1 64 4
2 5 3 5
