2 4 55.9306 3
0 1 56.2360 0
4 1 -7.4774 4
2 4 25.4319 0
2 4 60.0140 0
0 3 6.3900 1
4 2 66.4957 4
3 1 72.0518 3
4 2 98.0166 1
1 3 13.0826 0
5 4 80.7644 5
3 5 47.2326 0
2 2 31.0809 0
3 4 3.4614 4
2 4 70.9056 4
2 0 15.9443 1
3 2 30.8564 3
2 5 -3.1204 1
2 2 78.1504 2
1 4 74.3247 0
4 5 70.6977 5
4 3 22.9388 0
5 0 9.0828 0
5 4 60.1309 1
1 1 44.5783 5
5 1 9.6078 5
3 0 65.4502 5
0 3 99.0239 1
0 4 72.1942 0
0 2 71.3985 1
1 0 94.5344 4
1 3 12.3230 4
2 2 52.2105 1
0 1 97.7611 5
3 1 8.1824 0
5 2 67.0277 1
3 0 54.4391 1
5 1 54.5127 1
0 4 66.7438 2
0 5 92.2579 4
0 2 76.0840 5
1 2 -3.8250 3
5 1 83.8001 5
1 0 14.8095 3
1 4 31.4606 2
4 0 40.7906 1
3 3 42.8997 2
3 3 37.8698 2
2 5 93.1089 0
1 1 67.6621 4
5 1 59.4288 3
4 1 -4.5174 1
4 5 89.4305 3
3 3 90.0329 5
1 0 75.8234 3
2 5 -9.2268 5
1 5 -3.6992 4
0 0 14.7746 5
1 1 4.4484 3
0 4 33.8720 3
0 0 91.4885 5
2 3 41.9266 2
5 2 -8.5257 4
3 2 21.1020 0
1 5 -5.0946 1
0 2 -6.0084 3
1 4 20.3292 1
5 1 20.3174 0
3 3 76.5839 1
5 4 97.2318 0
3 3 30.8328 5
4 3 37.1776 2
3 1 82.9268 3
2 5 19.4953 0
5 2 7.2020 1
0 1 83.8399 3
4 4 -4.8849 2
2 5 58.1669 5
1 4 51.8192 3
5 5 28.0512 0
0 4 24.6708 2
3 1 74.9043 1
0 5 -0.4933 2
1 5 16.0463 2
4 3 70.5694 4
4 3 50.3153 2
5 0 4.0787 2
4 4 87.0349 3
5 3 33.2793 1
5 0 81.0655 3
5 3 76.6484 3
3 4 58.6868 0
2 5 44.3929 3
5 2 97.7506 4
5 4 5.9462 4
2 1 69.7671 0
0 3 11.0310 5
5 3 27.2089 1
3 5 23.9569 1
4 1 94.1740 3
0 3 5.6574 2
4 1 80.8072 3
2 4 50.1383 0
4 4 95.6169 1
2 4 34.0144 5
4 1 57.5488 3
1 2 33.4707 1
4 3 56.2137 0
3 0 58.5563 0
0 2 -1.8762 0
4 5 17.3114 5
4 5 79.635 1
5 3 1.8757 1
3 5 34.8396 0
2 1 97.9114 0
2 2 51.1923 0
3 2 75.7735 5
0 1 29.6348 2
2 3 5.9109 0
4 0 37.1809 5
0 1 66.6716 2
0 4 35.803 0
3 5 43.2664 5
0 4 3.9455 2
4 4 53.0558 4
5 0 50.1375 5
0 3 40.7898 4
1 0 19.8648 3
2 3 46.8669 0
1 2 58.4802 3
5 3 94.1903 4
3 4 62.9485 4
1 5 97.2781 3
5 4 50.4507 2
4 3 52.3944 5
0 2 27.4313 2
2 5 -4.5769 0
4 1 69.462 5
1 0 82.93 3
2 1 66.669 3
5 0 28.6387 0
3 0 36.473 5
0 1 81.5776 4
4 3 12.7856 2
1 3 97.3451 5
1 0 46.6135 2
2 2 55.9443 3
3 0 -4.5933 4
5 5 52.964 1
2 4 96.8402 2
1 0 22.2649 3
3 5 85.1702 5
4 4 37.8399 3
3 0 25.9562 3
2 1 -8.4209 2
2 3 85.1696 3
3 2 49.127 0
4 3 76.0769 2
2 1 11.1516 4
4 0 36.7667 1
2 2 77.8823 3
1 5 10.2758 3
2 5 21.8109 0
3 5 26.7402 4
2 1 91.7888 0
5 5 36.8045 1
0 1 6.7371 1
3 3 96.0767 3
5 5 42.1343 3
1 2 57.46 3
0 0 -1.3028 2
5 0 0.153 4
2 4 77.657 5
3 0 -9.3269 4
0 0 42.2044 4
3 3 68.2064 4
1 1 86.2081 1
4 4 87.0726 2
3 0 92.4084 2
3 1 99.3638 3
2 1 60.2453 3
0 1 70.3492 1
0 1 48.1638 1
5 3 27.6365 3
2 5 54.7616 3
4 0 40.7325 2
5 1 30.5345 2
4 1 24.0739 0
5 4 66.4188 1
4 2 86.6515 2
2 0 -6.5421 3
2 2 61.8103 2
5 3 27.2393 1
1 0 2.2544 1
1 5 98.3198 2
4 4 74.1885 5
3 5 93.4093 5
0 3 38.2227 3
1 1 63.0948 5
5 5 71.6488 3
1 0 11.0791 4
4 3 65.3591 0
3 2 68.5638 5
4 0 78.1316 0
4 3 95.8548 0
2 2 68.6234 1
0 3 56.9769 1
2 5 49.9851 1
2 4 88.3174 2
1 2 -8.7003 5
5 5 1.4221 0
5 3 38.4596 4
2 4 89.5503 3
2 1 20.674 2
5 2 18.7818 3
0 4 13.1293 4
2 5 -2.7447 4
4 1 39.537 4
0 0 60.5966 5
5 5 25.2548 5
4 0 6.1792 3
4 4 62.7178 4
5 3 78.4296 4
4 3 98.6989 4
4 1 87.3279 5
4 0 23.6683 2
3 4 67.3385 3
0 2 82.372 5
1 2 31.4526 0
0 5 98.5145 4
5 3 68.152 1
2 1 89.5014 4
5 1 55.1632 1
4 1 16.2094 0
1 0 98.3864 5
4 3 -6.6908 1
4 1 98.1746 4
4 0 68.286 4
1 1 6.0276 0
0 0 10.3626 1
0 0 -3.0666 4
3 3 37.7368 0
0 0 45.8716 5
4 5 85.4619 5
3 5 32.4857 0
4 0 79.9613 1
2 3 77.6546 2
0 5 15.8755 4
2 2 61.4863 5
0 4 46.1368 0
3 2 36.3254 4
5 1 11.4486 2
3 4 24.8031 5
0 0 -9.5985 5
0 3 81.8831 3
1 0 30.7064 2
2 5 54.7159 3
0 2 -7.85 5
0 3 37.6136 5
3 3 19.554 0
0 5 33.2286 2
2 0 67.9855 5
1 2 -9.8256 3
4 2 1.0629 4
4 2 74.9669 3
0 4 57.6693 2
4 1 37.2886 4
1 2 50.9357 3
4 5 52.4215 4
3 1 32.7256 3
0 4 15.7488 3
4 4 47.2043 5
4 0 41.9726 5
5 5 43.3825 4
0 2 -6.6302 4
3 1 29.9323 0
4 3 88.6471 0
5 4 16.0422 0
0 1 37.4774 5
2 3 83.4197 5
4 4 51.4975 1
3 0 23.2998 0
4 0 73.7158 4
2 1 93.482 3
2 2 46.1546 0
3 3 40.261 5
0 5 72.2749 3
2 3 56.2335 0
0 4 64.0272 5
4 1 20.8364 4
5 4 34.3094 1
3 2 9.4729 1
4 3 26.7694 4
0 3 -4.1266 5
2 5 70.4552 2
1 0 80.5638 2
5 2 31.0133 0
2 3 75.7453 1
0 4 5.569 2
3 0 68.1337 0
5 0 -3.0294 3
1 5 88.8324 3
2 0 40.5294 1
1 2 83.238 3
1 4 7.9251 4
4 2 87.6167 2
0 0 -0.2145 4
5 4 10.1045 5
2 5 39.7886 0
1 3 -2.0263 4
2 0 42.9617 0
2 4 60.5628 0
0 0 53.1797 0
4 1 82.8225 0
5 0 24.6482 3
0 5 86.8123 5
2 1 94.1705 3
0 4 4.9781 0
0 3 -2.2032 3
4 2 64.8534 0
3 2 89.6656 5
0 4 53.1403 2
4 5 25.9952 2
1 5 5.4934 4
4 3 35.4525 4
4 1 85.1725 3
2 1 55.4696 2
3 0 35.4762 5
0 4 77.2335 4
1 3 12.2403 2
4 0 13.4539 5
0 0 18.3599 0
1 2 75.2152 5
4 3 14.3957 1
0 3 88.1642 1
5 2 38.1635 4
1 2 85.8493 1
3 4 -3.3477 2
4 3 -5.719 3
3 1 54.7115 1
5 2 88.0095 4
4 1 50.1879 1
2 1 32.0888 5
2 3 90.6505 4
0 2 26.7392 3
3 2 67.5157 3
2 3 58.1862 2
0 2 95.7013 1
1 4 10.1049 0
4 0 49.4926 2
2 0 -5.3244 5
5 2 70.3682 5
4 0 87.8432 0
0 0 40.897 4
3 0 56.113 5
0 1 26.1387 2
5 3 65.0175 0
5 5 9.4862 5
0 3 68.8795 2
1 2 79.933 2
5 0 65.0847 0
0 5 4.8756 3
2 4 29.3079 0
0 1 84.5925 5
0 0 25.1458 2
1 5 92.3552 2
5 5 65.5033 2
3 5 87.9656 2
0 3 21.0772 3
0 3 67.4603 1
3 4 50.5819 2
5 5 54.8876 2
5 0 90.4801 5
0 0 -8.9305 3
2 5 58.4245 2
5 0 12.359 4
0 0 20.5178 1
0 1 37.1249 4
4 5 96.9534 2
0 0 49.7037 5
4 0 95.0953 5
2 4 57.8259 1
4 2 28.0719 1
2 5 52.379 1
0 2 32.6715 0
0 3 96.013 4
4 0 60.8538 3
4 3 93.7195 4
0 0 50.1409 5
3 3 18.9045 5
1 3 45.1049 5
5 1 68.8322 1
5 1 52.7304 2
2 4 66.8778 2
1 0 -9.6943 3
3 3 73.4639 1
2 2 -9.1145 1
5 2 81.1286 0
3 1 98.3905 2
2 1 88.8728 1
2 0 40.5316 2
1 4 -3.2737 1
5 4 67.2702 1
1 1 23.8487 0
0 0 71.0952 0
4 0 60.7466 3
5 0 29.1786 0
5 4 51.1364 3
4 2 16.7273 1
0 0 32.2429 3
1 1 57.7893 0
2 5 26.7963 3
2 4 51.2132 4
3 2 84.2931 1
0 1 55.2761 4
3 2 8.4236 0
1 1 36.0988 1
0 5 5.5612 2
2 4 10.5192 2
3 3 87.8921 5
4 1 -9.8793 3
0 0 78.1268 1
1 5 72.7128 0
1 1 37.4594 1
0 5 77.4788 5
5 1 -2.5722 4
0 4 53.0136 3
5 0 65.5035 4
0 3 1.7058 0
4 3 13.258 2
2 4 50.5661 5
4 2 52.5873 3
5 3 8.4227 5
0 3 51.1614 0
5 0 72.5454 2
1 3 48.8476 5
4 1 -2.6114 3
4 1 45.9372 4
3 1 78.4076 2
2 2 85.2856 5
0 4 5.1912 5
3 1 -9.8659 1
4 1 57.6546 4
1 5 91.9283 1
1 5 94.0066 0
2 0 20.5167 3
2 5 13.2565 1
5 4 72.255 0
3 2 53.5002 5
1 5 -8.8771 1
5 5 70.8265 1
0 5 12.8643 0
2 5 66.5466 1
1 1 68.8633 3
2 1 66.4998 0
1 2 68.9638 0
1 4 0.2891 2
0 3 17.8812 1
0 5 98.2797 0
2 5 77.2352 1
3 3 40.5559 3
4 0 57.2216 1
1 0 65.2166 5
1 4 -0.1375 5
5 5 -1.857 2
3 4 -5.5036 1
4 5 95.1365 1
0 0 19.0038 5
4 2 -2.6431 3
3 1 6.5919 0
1 0 36.178 0
4 0 30.3582 4
2 3 82.5578 3
3 0 32.1481 5
3 1 -0.7476 4
3 2 29.7838 2
4 2 75.6683 2
2 5 -6.0204 3
3 1 65.3344 4
1 5 14.7192 3
2 0 23.2531 4
3 1 39.8977 1
1 3 4.8159 0
0 2 96.5523 2
1 3 63.2011 5
2 5 51.0286 2
2 5 6.6436 5
4 4 59.9855 0
4 5 44.2292 4
5 4 0.7895 4
3 1 60.3417 5
2 5 -0.6901 4
4 5 31.8293 1
1 4 27.2719 1
1 5 96.2263 2
3 1 87.786 5
0 2 48.4792 1
1 2 94.4159 0
5 1 -1.4697 5
2 5 48.1902 3
0 2 97.8152 2
2 3 75.6198 3
5 4 64.2653 3
2 3 34.1514 5
5 2 69.392 5
2 1 29.6542 1
3 2 52.0749 2
3 3 92.4313 4
4 3 95.8503 0
3 1 89.6539 1
0 1 27.7583 2
0 4 66.7515 0
4 2 91.7822 4
2 4 -0.3708 2
1 3 55.5539 2
2 4 31.9416 2
3 1 2.4126 1
0 3 85.7127 2
1 1 30.4737 5
4 0 19.2265 3
0 2 -4.2097 5
2 5 49.8908 1
1 1 93.5055 0
2 2 87.4744 1
5 0 39.8086 3
1 5 74.7352 1
0 5 89.4034 0
4 5 65.4884 0
3 4 80.4147 1
1 0 -1.2659 5
4 3 0.1616 4
2 2 7.206 2
5 2 71.3037 1
3 4 77.7262 2
2 5 61.5536 5
3 0 2.3671 1
5 1 85.6663 5
0 5 48.194 2
5 1 14.4821 3
3 3 4.5263 3
3 5 25.6305 1
1 3 -9.6254 2
0 5 81.0156 5
5 2 79.682 3
4 0 -7.2955 2
2 5 47.1058 0
0 0 91.2852 3
5 1 70.2437 0
2 1 25.1767 5
1 0 36.7965 4
2 1 96.4426 5
0 1 73.937 4
5 5 -0.4471 1
0 1 3.3785 3
4 2 28.6171 1
4 3 9.3611 5
0 4 60.9363 4
5 5 84.154 1
2 1 69.105 4
2 5 65.1174 1
1 1 6.5854 5
3 1 66.9242 1
4 4 56.8716 0
2 2 83.8151 5
5 1 76.0045 1
1 1 36.555 0
4 2 96.9192 3
3 0 89.8138 4
3 0 46.2596 3
4 3 76.6703 0
4 1 81.2741 1
3 0 0.8537 3
0 1 33.6068 2
5 4 14.4488 4
5 4 59.5332 1
5 0 96.0023 3
5 5 37.8216 5
2 4 84.5482 3
3 1 25.6743 2
1 1 13.0802 1
5 1 5.5798 1
5 4 -8.1424 0
4 2 17.9132 1
2 4 98.9428 5
4 1 68.909 5
5 5 84.6256 1
5 2 34.553 3
1 4 99.2193 2
1 2 62.1699 3
1 5 76.9391 3
1 0 84.0592 0
4 0 19.8712 5
3 2 1.4996 1
0 3 63.5903 1
4 2 74.9387 5
4 2 6.3347 5
0 1 75.2245 1
3 5 -3.6935 2
5 3 15.2162 5
3 5 30.1913 0
2 5 20.4534 3
0 2 25.0262 4
0 1 93.0462 5
0 2 -0.4874 5
2 0 -1.4758 5
2 2 37.1092 0
4 5 0.0456 5
3 4 98.3243 4
2 3 50.1834 2
1 0 42.4876 0
1 0 17.8983 3
1 5 -8.36 4
5 3 0.5703 5
5 0 6.4638 0
1 4 16.8016 5
3 4 34.3887 4
4 5 39.9294 0
4 4 42.2023 0
1 3 43.9604 3
1 0 77.7679 1
1 3 61.7238 5
0 3 95.5058 5
4 4 48.8242 3
5 4 36.2392 1
5 1 93.4775 5
4 5 66.2266 1
0 4 0.0865 3
2 2 10.7214 4
5 5 76.4201 5
2 1 15.6492 1
0 1 3.3157 0
2 0 75.2055 3
3 2 99.2506 4
5 3 77.9495 2
3 0 68.2063 0
1 3 96.4987 3
3 2 24.0106 5
3 3 34.1005 4
3 4 39.5153 2
0 3 79.7837 3
2 3 65.9689 0
2 2 -6.3671 3
1 2 24.6208 1
3 1 -5.8601 5
3 2 52.1551 4
1 3 38.5517 0
5 4 61.5081 1
4 5 31.8173 2
1 0 66.4194 4
3 5 -9.1247 2
2 0 7.7663 1
3 3 64.1863 3
2 1 98.6193 2
4 2 90.7782 4
4 4 73.9796 4
3 2 91.4864 3
5 3 17.2815 2
2 2 71.9862 2
5 2 76.4121 2
4 0 33.5074 4
4 1 72.828 1
5 2 20.3367 3
2 1 53.2412 2
3 2 -8.1106 5
5 5 51.7493 1
1 0 55.2653 4
3 1 56.5983 3
5 1 98.716 5
4 5 74.7591 4
4 2 0.9735 1
0 0 99.7477 4
3 1 -3.2676 1
0 3 73.7852 3
2 2 88.9162 4
2 1 21.5772 5
3 2 27.0346 4
1 1 -5.8978 0
0 2 20.5951 3
2 3 92.179 1
5 4 14.5791 0
0 1 88.6963 2
0 1 75.6664 1
5 3 26.665 3
2 4 67.7677 3
1 2 54.0585 5
5 3 96.0227 4
3 0 91.4968 4
1 0 18.7201 2
4 2 10.8068 5
2 3 32.6675 0
0 1 92.8004 4
2 0 87.352 2
1 1 81.1695 1
5 5 4.9305 1
1 2 40.3271 1
2 3 12.8704 0
0 2 15.519 3
5 4 35.7254 5
5 5 78.1096 3
4 0 -6.4064 5
2 5 67.8631 1
4 2 31.9572 4
0 1 87.4733 5
0 5 62.8931 3
3 2 -2.9148 2
1 0 23.2308 2
0 1 15.1219 2
0 1 7.8186 4
4 2 36.4337 2
1 3 72.6767 5
1 1 12.1146 4
1 4 77.2529 0
1 0 4.7886 3
4 0 13.7079 0
1 0 14.1406 2
3 3 38.5071 5
5 0 63.736 3
3 2 92.6096 0
3 3 5.6194 3
4 4 28.2111 2
1 5 -3.7668 2
5 2 13.167 0
1 1 70.8188 4
2 3 8.769 0
1 2 68.8413 1
0 1 49.4202 3
0 4 79.0449 0
0 3 68.9469 1
5 1 22.1941 2
0 3 79.5757 5
3 2 62.6609 4
3 5 75.3807 0
3 5 59.9669 3
2 2 35.5312 4
4 1 91.8225 0
3 2 60.3801 1
4 3 6.9495 5
3 5 6.3172 4
0 1 7.1107 4
0 4 76.0135 2
3 3 73.4074 2
5 2 90.6344 5
5 1 94.187 3
1 5 10.6389 4
0 1 0.9703 0
0 0 3.1148 3
4 0 15.9277 2
5 4 35.7522 5
4 0 63.6571 0
3 0 84.9249 3
2 5 -6.0341 5
1 4 6.6156 0
4 4 57.8976 5
2 1 55.7995 5
0 3 1.2226 1
1 3 93.9881 5
2 1 14.2343 3
1 1 -7.639 2
1 1 2.4286 1
3 5 25.2553 2
4 5 32.075 1
1 5 70.9535 5
4 1 12.2592 2
2 2 38.71 0
2 4 82.468 3
4 4 53.8122 2
0 2 41.1087 1
0 2 57.5235 3
4 5 28.4297 4
2 1 76.6825 3
3 2 58.6305 1
3 3 59.8127 1
1 4 71.5189 3
1 2 10.3485 3
3 2 77.4269 1
2 4 6.8972 3
0 3 28.4219 0
1 4 4.7203 5
2 4 69.7641 1
1 4 21.4421 0
2 3 14.0203 1
4 2 24.7385 5
5 4 34.2446 3
1 3 63.5213 1
5 3 8.9597 4
5 2 63.0488 1
0 3 31.4682 2
5 2 58.5853 0
5 5 50.6347 0
1 1 69.6236 1
5 4 73.6311 0
0 2 53.1286 1
5 1 -2.9344 5
0 1 83.5554 0
1 0 30.9325 2
4 5 90.2866 0
5 2 49.2159 3
4 3 48.9364 3
2 0 1.4379 4
0 4 25.9388 4
4 0 32.841 2
1 5 -9.8944 3
1 4 92.0876 3
3 5 47.6859 1
2 4 26.0021 5
3 5 34.1899 3
5 2 75.2578 0
4 3 69.6643 1
2 5 9.8322 4
1 5 92.3178 1
1 0 11.2639 0
2 5 -2.964 2
1 4 17.8229 1
0 2 70.6013 4
4 5 85.2425 0
3 4 39.1165 3
4 4 55.3468 4
2 4 65.972 0
5 1 46.5056 1
0 5 50.4508 0
1 3 36.4473 0
5 5 71.9639 5
0 0 -9.4079 1
5 1 49.3166 1
4 3 10.7407 0
0 2 59.4989 2
1 2 16.8699 4
1 4 68.0763 2
4 5 7.8023 3
4 1 62.5983 4
4 0 -3.4395 3
4 5 37.5415 3
3 1 84.3574 1
4 1 87.0216 4
4 3 64.0492 1
1 3 34.826 5
0 4 26.9845 0
5 4 90.4356 3
1 3 40.0363 1
3 4 23.5173 0
0 0 10.8859 5
4 1 12.1238 1
5 4 6.759 5
4 4 70.4199 1
2 1 40.7195 4
5 0 48.119 2
5 5 93.5072 0
3 3 44.2309 0
5 0 36.4741 5
5 2 80.8074 1
0 5 88.8739 4
4 0 84.1931 2
1 0 58.3287 3
4 3 95.2175 0
3 4 66.4273 2
4 3 53.7511 4
5 1 49.512 2
2 5 44.7226 5
5 0 98.9743 5
1 5 32.9868 2
5 3 48.7253 1
4 2 53.2221 0
1 2 39.3039 2
4 4 55.2494 1
2 2 14.5867 2
5 3 59.1102 0
3 5 22.7648 1
4 4 -7.5278 2
5 3 5.6991 4
3 3 54.9292 2
0 3 53.1504 3
3 0 51.8679 4
4 3 23.7693 5
3 2 51.5065 5
4 4 21.2649 2
0 4 11.2895 4
4 2 2.3799 3
1 2 82.2785 4
5 2 12.6884 5
4 4 78.927 0
3 2 75.4046 4
0 2 21.9017 0
4 1 62.9169 4
3 0 25.9334 1
0 0 8.0429 1
3 0 33.6378 2
4 4 89.1905 0
4 1 19.7616 2
2 4 1.4812 1
0 4 86.4986 4
4 1 86.2427 0
2 3 23.5633 4
4 1 58.074 5
3 2 81.6748 5
0 4 28.2396 1
0 1 91.8 3
2 0 -4.8032 1
0 5 27.9405 3
5 3 1.2005 4
2 5 12.3636 2
3 2 0.6801 2
4 1 80.8015 4
5 2 37.5193 4
0 4 73.7287 5
0 5 3.0147 3
1 3 86.6006 0
0 0 59.4126 1
3 2 87.7411 0
0 1 19.8522 2
2 2 4.4679 4
0 3 43.2343 5
2 3 51.4489 3
2 1 23.0972 0
3 1 76.6137 1
0 2 90.1177 4
4 3 85.9467 1
2 3 74.493 1
1 0 56.9887 2
1 1 92.5057 5
5 2 38.3535 0
2 3 23.8033 3
2 4 21.7431 2
2 4 14.5121 3
2 1 0.6028 1
4 1 24.3794 3
0 1 21.6217 5
2 1 1.179 5
4 0 -9.6343 1
3 1 62.4253 0
0 5 75.7046 1
5 1 59.6638 3
3 1 36.8159 2
4 5 50.0136 1
4 2 51.1254 5
5 2 50.9558 1
1 4 63.5453 1
5 2 5.3937 2
0 3 2.7222 4
2 3 30.5068 0
3 0 -3.9787 0
4 5 -4.812 2
4 0 18.4159 3
2 2 41.8778 2
5 1 29.2284 1
2 3 86.123 5
5 5 22.5376 3
0 2 53.8639 5
4 3 11.9383 2
4 1 -5.9688 1
3 4 48.7747 1
1 0 48.2836 3
0 0 65.7219 1
5 4 91.0289 1
3 0 46.4278 4
4 1 79.3294 4
0 2 77.3844 3
4 3 11.5929 2
4 3 10.235 5
0 2 9.9693 3
5 2 34.9453 5
1 2 70.1832 3
4 0 1.168 4
0 2 36.7341 3
1 2 20.7138 3
3 0 70.8743 3
5 3 92.6867 4
3 4 92.5357 2
1 1 79.4996 1
4 4 53.3151 3
5 3 18.8192 2
0 4 54.6296 4
0 5 -5.9376 0
4 4 50.9514 3
1 4 -8.1342 1
5 5 27.4419 0
5 0 49.4333 3
5 4 21.956 2
1 5 22.429 2
5 4 75.4127 2
4 5 57.6579 3
4 2 38.1844 4
2 3 26.1453 5
4 2 72.9657 1
4 5 2.2278 4
0 1 5.7805 3
5 4 40.9037 4
4 5 88.6913 5
0 1 22.9164 4
1 5 56.9279 3
0 3 -8.4172 2
4 4 22.9174 2
2 0 76.8898 1
3 3 73.6604 1
4 3 98.0247 0
0 1 69.8731 5
0 1 48.0979 2
3 4 2.5485 0
4 1 57.073 3
4 0 20.2612 2
4 0 87.6259 0
