0 2 0 3
2 0 82 0
3 4 52 2
0 1 5 4
2 5 17 0
3 0 87 3
0 0 25 3
0 0 0 1
1 0 22 3
4 3 19 0
2 2 47 3
1 4 60 4
2 0 34 5
4 3 65 5
5 4 88 3
4 5 36 4
0 5 10 0
3 5 19 2
2 4 33 0
5 3 33 2
0 1 54 5
2 0 89 1
3 4 45 0
5 2 99 5
5 1 50 1
1 4 39 3
0 0 5 1
0 2 78 5
2 3 60 0
0 4 -3 2
5 0 -1 0
4 3 -2 5
5 3 -7 2
2 3 -6 4
2 3 28 5
5 1 87 3
0 5 86 1
2 5 16 0
5 0 73 3
4 2 6 5
2 3 31 4
2 4 3 1
4 3 38 5
1 3 64 2
3 5 71 5
5 3 23 0
1 4 26 4
4 4 5 4
0 4 70 1
4 2 0 4
1 1 88 2
3 0 93 0
1 4 12 0
1 2 52 0
4 2 -1 4
4 1 92 4
1 3 44 3
0 2 69 4
3 2 34 1
4 1 57 0
4 4 97 2
5 4 3 0
2 3 30 5
3 2 29 3
2 1 80 1
3 0 83 3
4 2 81 1
4 3 31 2
0 2 45 4
2 0 94 0
4 3 23 3
4 5 26 5
3 2 82 4
4 2 17 5
3 4 53 2
2 0 10 0
3 5 45 1
3 4 -5 4
1 2 86 1
4 0 41 4
2 5 54 0
2 5 33 5
0 2 21 3
2 3 -5 0
3 5 8 0
2 4 8 5
4 1 23 3
1 2 48 0
3 4 50 2
1 4 93 0
5 3 35 3
0 0 53 5
3 4 29 3
1 1 92 1
0 1 90 0
3 0 -9 5
2 4 -7 1
5 3 67 1
2 0 21 5
2 1 47 5
2 1 41 3
1 4 63 3
3 4 11 0
3 0 22 3
5 5 90 1
0 3 92 2
4 4 -8 4
2 2 30 3
0 0 46 0
4 5 26 0
5 1 96 1
3 1 86 1
0 1 77 0
2 0 1 1
3 3 93 5
3 0 -4 0
3 5 0 5
0 2 38 1
1 1 76 2
5 1 0 0
2 2 64 2
1 0 -4 0
0 1 22 1
4 0 76 4
5 4 19 3
4 2 31 1
3 0 56 2
2 5 83 2
4 0 61 0
3 5 10 2
3 0 71 5
4 1 34 5
0 1 13 2
3 3 21 4
4 1 33 2
5 0 74 5
5 1 76 2
1 0 5 5
4 0 20 0
2 0 91 2
1 2 35 4
2 4 77 0
5 4 3 2
2 5 85 5
2 3 95 0
0 0 58 3
3 2 94 1
1 3 -10 1
1 0 79 1
0 1 49 3
1 3 81 0
0 0 77 3
2 4 -4 5
4 5 11 2
2 4 50 5
2 0 63 2
2 1 37 3
0 3 -3 1
1 5 -5 1
0 3 54 1
3 4 69 3
5 4 93 0
1 0 38 4
2 5 -7 5
0 1 84 4
0 5 -4 3
5 3 58 2
5 1 61 3
3 5 65 0
0 1 7 5
1 5 63 2
2 4 36 2
2 3 83 4
4 5 92 0
0 4 56 1
4 4 94 4
0 3 90 1
5 4 43 2
2 3 31 5
2 4 74 4
5 2 12 0
2 0 54 3
2 3 63 0
5 4 -2 4
3 1 46 5
0 3 93 1
5 4 45 2
4 5 83 5
2 2 64 1
1 0 70 0
5 4 68 1
2 0 5 5
1 5 65 5
1 4 87 4
5 1 75 3
4 5 -9 1
2 2 99 4
5 3 15 3
5 3 34 0
5 3 85 5
0 2 39 0
0 0 69 2
2 2 76 5
4 5 64 4
3 5 75 4
5 2 63 0
1 1 62 1
5 3 37 0
2 5 92 2
2 4 24 0
2 1 77 0
4 1 97 0
4 3 47 3
5 3 -3 1
1 2 15 5
3 5 44 3
0 2 46 3
0 1 18 5
0 2 9 0
0 3 80 5
3 5 38 3
5 0 36 0
2 4 33 5
2 2 28 2
4 1 3 3
3 4 25 1
2 2 67 1
2 4 42 1
4 0 58 1
1 2 16 3
4 1 83 1
1 3 43 2
3 5 39 2
3 5 90 0
5 3 85 0
4 2 32 4
4 4 4 0
1 5 36 4
3 5 57 4
1 2 9 4
1 5 36 5
0 4 32 0
2 3 66 1
1 2 67 1
1 2 36 1
3 2 58 4
1 2 11 4
0 2 92 1
4 3 -7 1
2 4 63 1
2 0 1 0
2 1 -1 3
3 1 0 4
4 0 57 1
5 0 36 1
1 5 24 3
1 4 31 3
0 4 44 3
3 5 56 4
1 1 15 5
5 3 46 5
4 5 94 1
1 4 9 3
5 0 0 5
1 5 -8 5
5 5 35 4
5 1 77 3
5 0 77 2
4 2 19 1
4 1 98 0
5 5 89 3
4 2 97 0
1 3 26 0
3 4 24 3
5 0 6 2
1 3 79 5
3 2 3 3
3 2 31 0
1 2 96 5
2 2 53 0
0 0 61 2
2 3 39 1
1 1 10 5
2 1 69 1
5 4 17 3
2 3 8 4
2 3 49 3
5 5 -9 1
3 1 64 1
1 4 28 5
4 2 97 0
5 3 27 5
0 1 -7 1
2 1 44 5
5 1 17 1
1 5 20 3
4 3 -4 4
3 2 97 5
5 2 77 0
1 5 75 5
2 0 90 1
3 2 93 3
4 5 43 0
0 1 6 3
1 0 47 0
4 4 90 2
1 1 14 5
0 0 46 4
3 4 59 2
5 1 26 3
5 5 12 4
1 1 -6 5
4 1 59 2
2 3 22 4
3 2 4 1
0 2 60 2
0 4 38 0
5 0 31 4
0 5 59 5
5 2 62 1
5 1 81 2
5 3 17 4
5 2 12 2
2 3 54 5
2 5 43 4
4 2 7 3
4 0 61 1
5 3 71 5
2 3 65 5
1 1 26 1
5 1 9 4
1 2 17 1
4 4 32 5
1 0 -3 5
4 5 57 1
5 1 17 3
2 2 12 3
3 4 96 0
4 2 61 3
5 1 82 3
1 2 15 4
5 4 54 0
1 3 60 3
5 0 -8 0
4 5 -4 0
1 5 95 1
2 5 11 2
1 1 73 3
0 0 -2 1
3 2 51 5
1 5 95 5
3 4 98 4
1 0 37 3
0 5 72 5
0 1 91 4
4 1 80 1
1 1 17 0
2 4 24 1
1 0 65 2
2 0 16 2
0 0 67 5
2 0 75 5
4 5 77 3
1 2 84 3
4 1 51 3
0 0 76 0
0 0 89 3
1 4 82 4
5 5 -9 4
5 5 12 2
5 1 4 5
4 1 59 4
5 5 23 2
0 3 -8 0
2 4 -2 3
5 5 78 3
2 0 4 5
1 4 90 4
4 2 49 4
2 3 60 4
2 1 12 1
5 3 25 0
3 1 39 1
5 3 24 4
4 5 94 5
4 4 50 0
5 4 2 5
1 1 43 3
1 5 98 5
0 2 5 1
0 0 57 4
2 2 5 5
3 2 -1 4
5 0 88 3
2 3 75 5
0 2 85 1
2 3 64 1
3 0 13 5
1 4 85 2
1 2 10 0
3 2 80 3
5 3 73 0
2 4 58 5
1 3 38 2
2 2 75 0
5 1 98 3
1 0 84 2
2 1 86 3
5 5 81 4
0 1 74 1
0 4 6 1
1 4 84 4
4 0 -3 0
1 3 94 5
4 4 29 5
3 3 0 5
4 2 13 5
3 4 59 5
4 4 -8 1
1 1 89 1
3 0 34 1
2 4 45 4
3 5 21 1
0 1 78 3
5 2 87 1
2 5 69 1
2 3 95 5
3 0 74 5
4 3 40 1
3 0 52 4
3 2 1 1
1 0 14 5
4 5 12 2
3 2 73 5
5 1 54 0
2 4 19 5
0 0 26 3
3 5 53 2
4 2 95 3
3 1 96 1
0 3 64 2
1 5 -4 0
3 1 57 0
1 2 63 4
2 4 8 4
1 4 42 4
0 2 22 3
0 5 -3 0
2 5 -1 2
0 4 14 4
4 5 57 4
0 1 21 2
4 3 20 1
4 1 88 1
4 3 97 1
0 1 91 3
4 3 -4 2
2 4 69 1
3 1 88 2
5 2 31 4
2 4 97 0
0 5 64 4
1 2 18 4
5 2 90 5
5 1 42 5
4 4 87 1
2 5 44 4
2 5 37 2
3 3 84 4
4 5 1 3
4 1 49 2
3 0 20 0
0 1 96 2
1 5 59 5
0 5 77 1
2 0 38 5
5 3 -4 3
5 1 47 1
0 1 48 1
0 5 66 4
1 0 17 0
4 5 80 1
3 3 28 2
0 1 37 1
4 0 79 4
0 5 99 0
0 4 70 0
2 1 65 5
3 4 35 0
0 1 -3 1
0 3 75 1
1 4 73 0
2 4 -4 3
4 3 43 0
1 3 43 1
0 4 91 2
4 1 32 2
1 2 1 0
3 5 -1 4
2 4 31 5
3 4 92 4
2 0 10 3
5 5 31 3
4 2 24 2
4 3 88 4
3 2 63 0
2 2 16 0
1 5 51 4
5 3 70 3
1 3 92 0
0 3 -5 0
3 4 5 1
2 5 92 5
0 5 88 4
0 2 97 2
4 1 57 3
3 2 90 4
0 2 83 1
3 2 54 5
0 0 3 4
3 0 80 1
1 3 62 5
4 0 90 2
3 0 22 0
5 4 11 2
5 4 20 2
2 4 27 4
3 2 47 0
3 2 -5 5
2 3 8 2
3 1 75 1
4 2 24 3
3 4 18 4
4 5 47 2
2 2 73 5
4 1 -4 2
5 0 9 3
0 1 61 0
1 1 15 3
1 0 79 5
1 4 88 0
0 4 95 1
1 5 2 5
4 1 57 3
1 0 88 3
5 2 83 1
5 5 0 4
3 3 30 4
0 0 67 5
4 2 52 5
3 2 -6 3
5 4 77 2
5 3 71 2
2 1 40 4
2 1 -7 5
0 1 97 3
0 3 72 3
5 4 97 1
3 5 73 4
5 2 68 3
4 2 77 2
5 4 22 4
2 4 25 2
5 3 73 4
1 4 58 5
1 5 80 0
4 3 68 0
2 2 75 0
2 4 97 1
4 2 81 0
3 2 98 4
2 1 86 5
0 0 71 4
3 5 -1 4
2 1 62 4
1 2 42 5
2 0 86 3
4 2 44 0
4 3 56 5
2 1 26 5
2 4 72 3
5 1 19 1
0 2 45 2
2 4 67 2
1 2 -1 3
5 0 94 1
0 4 34 3
0 5 69 1
3 3 -2 1
4 2 28 0
4 1 32 3
3 4 72 5
3 1 37 5
2 3 43 5
3 3 22 1
5 3 61 3
4 3 23 0
3 4 57 2
3 4 2 3
0 4 19 0
0 5 66 2
1 1 49 0
1 4 91 0
5 1 71 5
0 3 25 0
0 2 38 1
0 0 16 5
0 5 27 1
5 0 20 0
1 2 -2 3
0 0 14 4
2 5 34 4
3 1 77 2
0 1 57 2
0 1 60 0
3 3 66 3
1 3 22 3
4 2 54 3
1 3 74 3
2 2 -4 2
5 4 20 2
3 4 91 1
0 3 86 1
4 1 8 2
4 1 43 2
3 2 15 3
2 3 79 5
0 2 58 0
5 4 85 4
4 1 -5 1
1 1 69 0
5 5 43 4
4 4 40 5
2 1 63 2
4 0 69 2
1 2 67 3
2 5 20 1
3 0 54 2
4 5 6 2
0 0 37 5
4 4 71 2
1 5 17 1
5 5 42 5
0 4 61 5
5 1 83 3
3 2 -7 3
0 5 23 4
5 5 98 4
2 3 68 1
3 5 74 1
2 5 93 0
0 2 48 0
0 3 85 4
0 5 -3 0
5 1 63 3
5 1 82 3
2 4 10 4
2 0 25 4
2 0 79 5
1 2 81 3
1 2 4 3
2 1 55 1
5 4 47 4
3 5 74 0
5 4 75 5
0 3 3 5
3 0 14 3
5 5 51 0
2 3 21 1
4 2 79 5
2 5 8 4
2 1 98 0
5 3 0 5
1 3 87 0
5 2 48 3
1 1 52 5
1 1 44 1
0 4 87 5
1 1 15 4
2 1 17 0
5 4 61 0
0 1 97 5
5 5 2 2
0 1 19 1
1 3 36 1
4 5 1 3
5 2 76 3
0 0 18 5
4 4 68 0
3 1 88 1
4 1 3 1
3 4 68 2
0 0 53 3
0 1 88 2
1 1 55 0
4 5 82 2
3 5 13 4
0 0 39 5
1 4 34 0
3 0 39 1
0 3 -4 5
2 0 16 1
1 5 55 3
1 4 69 4
5 3 13 1
2 5 16 4
2 4 53 1
0 1 1 1
1 0 -2 3
5 1 45 3
1 4 44 4
3 5 99 5
0 0 -7 2
2 5 45 1
5 5 82 3
0 4 25 4
1 3 34 2
2 5 55 0
0 4 45 4
4 1 32 2
1 3 28 0
5 1 24 5
2 2 26 5
4 3 -9 0
0 4 75 0
5 0 68 4
2 0 99 1
4 0 6 2
0 2 14 5
1 4 93 2
3 0 64 3
3 1 -3 1
3 0 58 1
5 2 29 4
5 3 21 0
4 2 88 3
1 1 42 4
5 0 -6 3
3 3 32 4
2 3 25 3
1 4 16 5
1 0 -3 2
1 0 91 3
3 2 35 2
2 3 72 4
2 0 56 1
4 1 4 3
4 0 -6 2
4 3 62 0
0 5 16 4
4 4 71 3
0 4 76 3
3 2 46 4
0 0 99 2
5 1 95 0
4 5 31 2
0 3 5 3
2 0 4 3
2 5 38 2
3 2 44 5
0 0 65 5
4 5 9 5
0 0 98 1
2 0 24 1
1 3 1 3
2 0 37 1
3 5 67 1
4 1 7 0
3 0 75 4
5 1 79 0
5 2 96 0
0 1 60 2
5 1 14 2
4 2 50 2
0 5 89 4
4 5 30 1
4 1 21 0
3 4 24 4
0 5 66 4
2 2 91 3
5 5 -8 0
5 2 38 0
1 5 32 1
4 0 88 0
3 0 20 0
3 0 80 3
5 3 77 0
3 5 87 5
0 3 21 1
4 2 26 1
2 2 23 1
3 5 26 1
0 0 -8 5
1 4 56 4
5 0 34 3
1 4 87 0
3 0 68 1
5 5 -8 0
3 0 16 2
3 5 19 3
5 4 67 1
4 3 67 3
3 3 41 4
4 4 40 1
3 1 64 2
3 0 54 5
2 4 54 0
0 5 12 5
1 5 1 2
2 1 17 2
0 3 100 1
3 4 2 3
1 1 10 1
5 5 11 4
3 4 52 3
5 0 11 4
3 4 19 3
0 2 48 5
1 2 99 2
1 1 54 3
2 3 78 2
2 3 41 0
1 4 -3 2
1 5 94 3
5 2 7 0
2 5 71 4
2 5 82 0
2 3 23 3
2 3 100 0
1 5 21 5
1 1 77 2
5 2 28 1
0 3 35 0
1 1 56 2
2 1 13 0
4 0 5 1
3 0 63 3
5 1 89 5
3 0 54 3
2 0 67 3
0 4 45 2
2 2 70 4
1 3 24 1
3 1 56 3
2 1 95 2
3 2 69 2
1 4 24 0
3 2 1 5
2 2 -2 2
0 2 35 5
1 5 54 2
4 5 77 1
4 1 10 0
0 5 81 5
4 5 13 1
0 0 37 4
1 2 86 5
0 3 41 3
5 0 79 2
4 3 22 5
3 1 42 2
0 4 -6 5
4 5 3 0
0 4 48 1
1 2 53 4
2 4 54 0
4 5 54 5
3 3 -10 3
5 2 13 4
3 0 51 3
3 2 -3 4
0 1 99 0
0 2 25 3
4 5 21 5
4 5 18 1
3 4 73 5
5 0 95 1
4 2 71 5
0 4 32 5
4 2 19 1
5 2 90 5
4 1 43 5
2 4 48 3
0 5 66 3
0 0 45 0
5 1 -7 0
1 3 -6 0
1 2 83 0
4 0 43 4
5 2 13 2
3 4 32 4
5 1 88 5
5 4 76 4
4 0 73 5
1 3 13 4
1 4 -2 0
4 2 12 1
2 0 76 3
2 0 98 4
0 3 28 0
0 3 -9 5
3 4 99 5
0 0 12 2
4 2 70 4
1 5 67 1
1 1 99 0
0 1 49 1
4 3 38 4
0 0 56 1
4 0 8 5
4 0 92 3
1 3 63 0
5 3 38 4
1 1 32 2
5 0 22 2
2 0 57 4
0 3 96 0
5 5 71 4
4 0 -1 2
2 3 37 1
1 2 85 1
3 0 9 1
1 1 59 1
3 2 3 1
2 2 41 1
5 0 53 1
2 4 27 2
5 5 75 1
1 3 72 1
2 5 52 5
0 3 72 5
4 4 -1 4
2 0 22 1
3 1 65 1
2 0 5 4
2 1 42 1
5 0 99 2
4 4 94 4
4 5 44 0
0 0 83 1
3 5 39 4
3 0 1 3
1 3 26 4
4 0 37 5
5 3 58 4
2 5 90 3
3 0 51 2
5 4 78 3
1 4 6 0
4 4 23 2
5 4 89 3
5 0 96 3
4 2 -7 1
2 3 33 4
3 0 29 0
1 4 39 3
3 0 50 4
1 0 74 1
4 3 41 3
5 3 35 4
5 0 -4 4
4 1 16 1
2 3 60 2
4 2 62 0
5 5 73 5
3 0 -6 3
4 5 32 0
1 4 83 0
3 4 72 4
2 4 36 4
2 1 73 5
2 1 8 0
1 2 -3 1
1 0 34 4
5 1 20 0
1 3 38 1
0 5 77 2
4 4 18 5
0 5 -9 3
4 2 87 5
0 0 7 0
0 5 16 5
4 4 57 5
2 4 17 2
0 1 86 5
0 1 70 2
0 0 74 4
1 5 31 1
4 5 79 2
0 5 50 5
2 4 96 1
1 0 56 3
5 1 37 2
4 0 39 0
5 1 11 0
3 4 64 1
3 3 84 5
1 3 40 3
5 1 7 1
2 0 2 2
