1 2 44 3
3 4 79 5
1 5 36 1
1 5 41 3
5 2 32 5
5 2 45 0
2 5 74 1
4 3 35 3
4 0 22 2
3 1 27 4
0 5 -8 5
4 5 88 5
2 5 44 3
4 0 67 5
4 1 97 0
1 3 96 3
4 4 93 0
2 5 12 5
1 1 54 4
3 4 66 3
0 4 56 5
1 1 74 1
4 4 66 2
0 3 -4 2
5 0 85 0
3 2 15 1
4 4 74 3
0 4 34 1
5 0 23 0
3 1 11 0
3 3 20 0
1 1 36 4
0 0 -5 2
2 2 92 5
4 4 20 1
3 2 20 4
1 3 46 4
5 2 81 3
0 3 81 4
1 4 91 2
0 5 87 0
5 1 48 5
0 5 90 4
2 2 51 4
1 0 73 0
0 2 9 2
4 4 72 4
4 3 -6 3
2 3 19 2
4 0 64 2
4 5 -9 5
3 4 22 4
1 2 40 5
1 5 45 4
0 3 41 1
5 2 17 4
4 5 74 5
2 3 -3 4
5 3 39 4
3 3 41 3
5 1 15 3
1 3 18 5
4 5 13 2
2 4 18 5
3 5 42 3
4 1 59 2
1 3 12 1
5 2 59 2
4 5 50 0
3 2 14 0
5 0 88 5
0 1 68 1
3 0 41 5
5 5 7 3
4 4 44 3
0 4 88 1
5 2 16 4
3 0 45 1
0 5 38 4
5 5 24 1
4 5 83 5
0 0 40 2
1 0 -6 0
3 1 90 4
3 4 35 3
3 1 74 2
0 4 58 2
5 4 89 2
1 2 12 0
3 4 82 2
0 1 55 5
0 3 17 2
5 5 77 2
3 0 87 2
4 3 55 0
3 4 73 3
4 0 8 3
4 1 0 4
1 2 8 5
4 0 11 2
1 2 44 0
0 5 79 4
4 1 95 0
0 0 23 5
3 4 83 3
4 0 100 3
5 2 46 3
0 4 58 5
2 4 28 3
5 2 77 2
2 3 91 2
5 0 68 1
4 5 92 5
4 1 82 2
5 0 91 5
5 5 -8 5
5 5 -6 4
2 4 17 4
1 2 83 0
1 0 88 4
4 3 39 3
3 4 43 2
4 4 78 3
2 3 100 4
5 2 4 5
1 1 90 2
0 3 51 2
5 4 54 5
1 0 5 4
5 4 30 0
0 2 44 0
5 0 83 4
4 2 73 0
1 4 95 3
4 2 3 4
5 4 87 5
1 0 12 1
0 0 80 3
0 4 24 0
1 3 22 0
1 1 36 1
5 1 -5 2
2 2 63 3
5 1 51 5
2 2 30 3
5 4 33 2
5 4 55 1
4 2 8 4
3 4 87 4
5 4 74 2
3 5 59 1
1 0 39 2
2 2 70 5
2 4 59 5
0 4 68 5
3 2 92 4
5 1 23 1
2 1 86 4
5 0 30 2
2 0 50 0
2 0 11 2
0 5 58 3
2 5 86 4
1 4 83 0
2 4 38 3
0 5 86 1
1 0 67 2
4 3 37 5
4 0 82 2
0 3 84 5
1 5 74 2
3 5 22 4
1 0 30 5
2 3 49 1
3 4 69 3
0 3 36 2
5 3 57 2
0 0 74 2
4 3 3 1
1 1 44 2
0 2 68 5
3 2 45 4
5 4 38 4
1 3 1 1
5 3 69 4
0 2 100 5
0 3 4 2
5 2 45 2
0 3 29 3
4 3 66 1
3 0 37 4
0 3 99 1
1 2 39 3
4 5 80 1
1 4 34 3
4 2 34 2
3 0 58 2
3 5 92 3
4 5 27 3
4 2 14 2
1 3 1 5
5 5 74 0
5 4 96 1
2 2 97 2
2 0 58 1
4 0 20 0
1 0 99 5
4 3 36 5
3 5 47 0
3 0 63 3
4 2 30 5
5 1 91 0
5 2 61 1
0 2 88 2
0 3 71 0
3 4 29 1
2 2 67 3
4 4 15 1
5 0 7 2
1 1 18 0
5 0 1 2
1 2 26 0
3 5 24 1
5 4 73 2
5 3 66 5
2 2 88 0
2 2 61 5
2 3 96 5
3 1 56 0
1 1 -6 3
1 3 95 0
5 0 32 5
1 5 31 4
2 3 3 4
4 0 13 3
4 1 4 5
4 5 99 5
2 0 44 4
3 2 80 1
0 0 57 0
3 2 14 1
0 2 36 4
1 4 90 0
2 4 27 4
2 0 53 4
0 5 -1 4
2 5 48 2
4 2 45 4
2 0 72 3
3 0 20 2
5 4 42 5
2 4 9 1
3 1 49 4
3 0 17 3
5 1 81 3
5 5 87 1
5 5 -3 0
0 0 39 3
1 3 44 3
1 1 63 0
0 1 8 4
2 4 84 1
3 0 19 4
3 1 56 2
5 1 99 1
0 0 69 0
0 1 92 3
0 0 34 0
0 2 34 0
4 5 45 3
2 4 7 0
4 2 3 1
1 4 43 0
2 5 13 1
0 2 94 0
5 3 -7 1
5 5 24 2
1 2 21 1
5 1 55 3
0 3 8 1
4 5 1 0
3 1 59 3
4 3 37 0
0 4 82 5
2 4 38 4
0 5 66 0
3 1 19 5
3 3 50 1
2 0 94 3
3 0 20 2
0 2 7 3
2 0 68 3
2 3 93 5
1 2 -5 3
1 1 8 2
5 3 9 3
3 0 -3 5
5 0 26 2
3 5 92 1
4 2 86 2
1 5 97 5
5 5 65 1
4 1 3 2
2 2 68 2
2 3 18 1
4 2 80 0
5 3 39 5
2 4 60 1
3 1 45 1
1 2 8 1
3 0 87 1
1 2 13 2
5 3 52 2
2 4 66 4
0 0 5 5
0 4 79 4
3 2 71 0
4 4 14 5
3 0 43 0
0 4 99 3
3 4 64 2
0 4 49 2
4 3 54 1
5 4 24 5
2 2 91 1
3 3 63 1
1 4 26 1
5 4 21 4
4 5 87 3
2 2 57 2
4 5 19 4
5 0 88 4
2 2 0 1
0 1 59 0
5 3 32 2
2 2 46 3
2 0 97 5
3 5 74 1
3 2 50 2
5 2 60 4
1 1 91 3
5 1 5 1
2 2 22 4
5 2 68 4
0 2 37 1
2 4 -5 3
0 4 83 4
4 4 78 0
5 1 -6 0
3 2 30 2
1 1 82 4
1 0 39 5
4 1 20 4
2 3 46 2
3 2 37 3
2 2 78 4
1 3 9 0
4 2 58 5
2 4 21 5
3 5 14 3
1 4 25 3
0 2 8 2
3 4 79 1
2 3 5 0
3 1 81 1
2 0 76 1
0 1 48 0
5 2 19 2
4 0 2 4
4 0 36 2
2 5 32 0
4 4 62 2
1 5 11 4
2 4 96 3
3 5 51 4
4 5 31 5
4 2 55 5
1 4 17 4
0 3 63 3
1 3 40 2
3 1 45 0
2 2 27 2
2 4 92 5
1 2 90 2
5 0 21 5
4 5 38 4
5 5 4 3
2 0 54 3
5 5 59 1
1 0 94 2
5 3 21 4
2 3 63 1
4 2 43 5
5 1 35 5
3 5 81 1
4 2 35 5
0 0 45 5
2 4 49 2
4 4 14 4
1 0 37 1
1 0 31 2
3 4 53 5
4 4 80 3
5 0 37 3
5 3 46 2
2 1 76 1
5 1 -8 0
4 4 72 2
3 0 47 4
5 1 58 5
5 2 81 3
0 5 39 1
1 5 38 4
0 5 72 4
1 2 8 3
0 1 49 2
2 5 65 5
0 0 36 2
5 0 35 0
0 0 57 5
0 3 22 2
3 4 96 4
1 0 83 3
1 0 60 0
4 2 51 0
3 1 44 2
0 4 88 4
1 5 74 4
0 5 67 5
5 5 45 0
0 2 39 0
0 3 -7 0
2 0 20 2
4 3 80 1
1 0 94 1
1 5 45 5
3 5 90 2
4 4 77 4
5 0 43 2
0 2 64 0
2 5 74 5
2 3 26 4
1 3 33 4
1 2 -10 4
4 3 4 5
4 1 5 3
1 3 70 3
1 1 53 3
2 3 16 0
0 2 74 1
1 1 -3 4
0 3 75 1
4 2 -7 1
0 1 52 0
3 0 2 4
4 2 -3 1
4 0 97 4
3 1 23 1
2 5 66 1
1 1 16 2
1 4 9 2
0 3 33 3
5 2 90 2
0 5 62 4
3 2 1 3
2 3 46 0
2 1 60 3
0 1 51 3
3 3 93 5
2 2 31 5
3 2 42 4
0 2 24 4
4 4 13 2
0 5 82 3
0 5 97 5
5 4 78 5
3 2 34 5
4 3 11 4
0 3 91 0
4 4 92 2
3 1 25 3
5 3 26 1
1 4 80 0
2 0 54 4
2 1 96 5
0 4 69 4
5 2 95 3
0 3 55 3
0 1 18 2
5 3 23 2
0 0 68 5
5 2 1 1
0 4 40 0
3 3 89 0
3 1 94 4
3 5 59 2
1 1 91 0
2 3 88 3
0 0 48 2
3 1 48 4
5 2 15 3
4 0 13 3
3 0 69 5
2 5 58 3
0 0 0 2
3 2 2 0
0 2 82 0
0 1 43 2
3 2 -7 4
4 5 18 2
0 0 29 2
1 2 50 3
3 5 36 5
0 0 66 2
0 1 78 1
4 3 27 5
3 2 30 4
2 2 98 1
0 2 31 3
2 1 90 0
0 4 87 5
3 4 56 4
4 4 74 1
2 4 30 3
5 4 19 5
2 1 22 0
1 1 91 4
3 4 50 4
2 5 64 1
4 2 31 5
0 4 -6 0
5 1 100 1
0 1 96 2
3 4 23 5
3 5 59 0
5 4 50 1
2 0 84 5
2 3 2 2
5 3 97 5
2 1 57 3
3 0 69 0
5 4 29 4
0 0 17 4
5 5 6 1
3 4 20 2
5 1 92 4
3 5 62 3
5 2 44 2
4 4 57 3
5 5 30 1
2 4 -10 0
2 4 51 4
5 0 -3 5
2 0 78 4
0 4 82 3
3 2 85 4
2 0 30 4
1 3 77 5
2 3 28 0
2 5 21 2
4 2 39 0
3 0 -8 3
3 0 74 0
3 5 -2 1
1 3 9 3
1 2 45 1
0 1 0 1
3 5 47 5
0 3 38 4
1 4 91 0
0 1 33 5
2 2 36 5
4 2 70 5
2 3 27 4
3 3 94 3
3 2 19 0
1 3 45 5
5 1 10 1
3 0 77 1
2 3 66 5
4 2 32 1
2 4 54 3
5 5 64 4
2 3 78 1
3 2 36 4
5 1 40 0
4 3 76 2
1 4 1 2
0 1 61 2
4 2 30 5
1 5 86 4
5 4 0 1
2 3 19 5
0 3 -9 2
4 0 12 2
3 1 4 5
5 4 25 1
5 4 38 4
0 0 46 0
4 0 82 4
3 2 16 5
2 4 -10 0
5 4 82 2
1 3 67 2
2 4 -9 4
0 4 32 4
1 3 35 5
5 2 85 3
3 5 69 5
1 0 68 0
4 1 -10 4
2 3 86 2
3 0 72 2
3 5 91 2
2 0 89 0
1 3 62 0
0 4 40 2
1 0 61 4
0 3 97 5
3 5 43 0
2 0 63 1
3 5 82 0
0 0 30 1
0 5 20 4
3 5 59 1
0 0 25 2
3 0 25 1
5 5 10 2
1 4 58 1
1 4 69 0
0 4 89 4
5 1 76 1
5 0 73 5
2 0 88 4
0 5 12 5
5 4 -7 3
5 3 71 0
4 5 89 4
3 1 65 4
3 2 96 1
5 1 30 2
3 2 59 1
4 4 80 3
2 3 27 5
5 5 -2 5
0 0 51 3
5 4 73 5
3 2 -3 2
5 1 82 2
1 4 1 0
3 4 52 1
3 5 95 5
5 0 59 2
1 3 54 0
0 1 97 4
2 3 62 3
5 0 17 1
4 4 50 2
3 1 15 3
0 2 12 5
1 5 8 5
3 4 68 5
3 5 58 4
3 0 -2 1
4 0 43 2
4 3 87 1
3 3 5 4
4 5 30 2
1 1 15 0
3 4 52 3
3 2 6 5
2 3 99 0
0 2 1 1
1 3 94 4
3 0 -3 1
5 3 25 2
3 3 66 4
2 0 75 3
2 0 70 4
0 2 31 0
2 0 99 0
5 3 9 2
2 0 32 5
3 5 69 3
0 0 14 2
0 1 66 2
2 2 89 1
4 5 57 5
5 5 52 1
1 2 -5 4
3 1 87 2
1 5 87 3
5 1 18 3
0 3 -4 3
2 1 88 2
3 0 82 2
5 0 81 2
2 3 16 2
3 5 16 5
4 0 30 2
2 4 82 3
5 3 81 0
3 1 17 4
4 2 17 0
3 5 62 2
4 2 50 1
4 0 1 1
2 4 88 3
5 4 33 2
3 1 93 1
1 3 51 2
1 2 35 3
5 4 65 5
5 4 78 1
5 5 42 0
1 5 45 0
5 5 40 4
0 3 80 5
3 5 70 0
2 0 87 0
3 3 57 4
2 2 8 5
0 4 -10 3
4 1 56 4
0 5 71 1
4 2 42 4
2 4 67 3
3 0 12 5
5 3 -8 1
0 0 67 2
5 4 41 3
3 2 77 2
4 1 65 3
3 5 21 2
4 2 58 4
1 1 49 0
5 0 9 0
3 3 15 4
5 0 37 0
0 3 29 1
4 5 41 1
2 3 91 1
3 0 -8 2
3 2 50 4
0 0 63 4
1 2 -4 3
0 3 50 2
1 4 74 3
0 2 44 3
2 5 29 2
1 5 6 1
3 4 88 3
0 5 37 0
1 1 50 0
5 1 94 3
4 5 70 1
3 2 82 1
0 5 34 3
1 5 77 5
1 0 89 3
1 3 98 0
5 0 5 5
1 1 77 0
4 4 -1 0
2 4 58 2
3 1 20 1
0 0 74 3
0 1 4 2
5 5 49 5
2 5 88 5
1 2 92 3
4 4 82 5
4 5 86 0
4 3 77 5
2 5 0 0
5 1 25 1
5 1 83 2
3 5 -2 2
1 1 68 5
2 3 39 3
0 4 95 5
1 3 38 4
3 5 37 5
2 4 23 5
3 0 -3 2
2 1 32 0
5 0 75 0
4 0 49 4
2 5 82 4
3 2 49 5
5 4 50 5
2 5 22 3
5 3 86 5
5 5 36 3
3 3 19 3
5 0 28 1
0 4 56 4
0 4 -6 1
4 0 -1 0
2 5 -6 4
0 4 96 0
5 4 97 0
3 0 50 3
3 1 -7 3
1 1 51 4
0 4 76 5
5 2 75 3
4 5 -7 2
3 4 15 3
4 1 44 2
1 3 2 3
5 4 75 2
2 1 100 0
1 1 88 1
4 4 -6 2
1 3 49 2
1 4 39 2
4 0 54 5
1 0 98 1
1 2 40 0
5 5 14 4
4 5 -7 3
2 4 77 3
3 5 18 4
3 3 35 1
3 4 46 1
2 1 66 4
2 4 55 5
0 1 91 5
1 1 46 5
0 0 76 1
1 5 98 3
5 3 20 0
5 3 85 2
3 5 72 5
5 4 9 0
0 4 14 3
5 2 88 1
1 3 5 0
0 2 97 5
0 3 93 4
2 3 83 3
5 5 82 2
2 0 91 3
5 5 88 4
2 2 81 0
0 4 75 1
3 1 -7 3
4 1 77 5
3 0 41 1
0 5 52 1
4 4 3 4
2 4 31 2
5 4 82 4
1 1 34 5
0 1 76 1
3 4 4 3
4 3 18 4
3 0 61 5
3 3 59 0
4 0 7 5
1 0 -8 0
0 0 88 1
3 4 8 1
1 3 90 2
4 1 76 0
1 1 34 2
5 1 68 3
3 4 73 4
3 3 -2 1
4 3 59 5
5 0 93 1
1 5 13 2
1 1 38 3
0 3 52 3
1 4 95 4
4 5 43 4
3 1 78 4
1 2 85 5
4 3 -8 1
0 3 82 2
4 1 78 3
0 4 30 4
1 4 59 0
2 1 59 4
2 5 15 4
3 3 51 4
5 1 -7 2
0 0 55 3
0 3 28 1
0 1 89 3
3 3 57 1
3 0 89 1
2 2 20 1
0 5 12 0
3 5 79 5
4 5 56 5
5 5 97 2
1 1 98 1
2 0 89 3
4 1 40 5
5 4 45 3
3 5 52 1
2 3 56 5
2 3 9 3
1 5 1 4
5 1 42 5
2 4 -8 0
4 0 96 5
0 3 10 4
0 4 47 1
4 2 59 1
1 0 7 4
5 4 19 1
0 0 74 5
2 4 97 5
1 4 27 3
3 3 49 3
3 5 12 3
0 3 84 5
0 3 63 2
4 4 25 3
1 2 44 2
0 0 97 2
2 1 34 5
0 3 49 5
0 5 -10 3
3 3 46 1
4 2 67 5
0 1 34 3
3 5 91 1
2 1 21 0
1 2 88 2
1 4 97 3
5 3 89 5
4 2 3 5
1 4 62 1
1 0 39 3
0 0 29 5
4 5 37 4
4 0 -2 4
3 1 4 3
1 1 96 2
3 2 35 5
1 0 -9 0
1 4 3 2
4 0 4 4
2 2 92 3
0 5 74 3
3 0 77 5
2 2 -4 2
0 0 20 4
5 3 93 4
5 2 2 1
3 1 7 1
2 1 27 4
4 1 61 2
4 2 48 3
2 4 15 3
5 5 20 5
4 3 14 1
2 4 82 0
1 1 -3 2
3 5 -8 5
5 4 15 2
0 3 72 5
2 5 98 2
4 0 63 2
0 0 19 0
0 2 34 5
2 3 77 0
1 1 72 3
2 5 80 3
1 1 97 3
2 3 39 2
1 4 12 5
5 0 37 0
2 0 23 4
3 3 2 1
0 4 20 3
3 5 80 5
1 3 60 0
3 3 93 3
3 3 19 4
0 1 91 4
1 3 17 4
5 4 2 4
0 3 23 3
3 1 38 3
2 1 97 5
2 4 74 5
1 3 -7 3
4 0 97 5
2 0 68 2
0 1 63 1
0 0 58 2
4 5 -9 0
0 5 95 1
1 3 70 2
3 1 19 4
