1 4 54 5
5 3 43 2
1 3 100 0
2 2 55 5
5 2 83 1
1 4 11 1
5 4 5 2
0 0 95 0
3 1 7 2
0 1 20 3
1 0 57 3
2 2 91 0
3 5 98 5
2 1 16 4
0 4 100 3
1 5 97 5
1 5 22 3
3 4 86 4
3 2 -9 4
4 0 44 3
5 0 65 2
2 0 15 5
5 4 88 2
2 3 32 5
2 5 91 4
1 3 92 3
1 3 67 3
4 5 83 5
0 2 4 0
5 1 99 3
1 2 26 1
3 0 -7 5
4 4 49 2
1 3 89 2
0 1 97 3
4 1 35 1
0 5 4 2
4 5 7 3
5 3 69 0
5 1 11 2
2 2 64 2
0 0 92 1
1 1 67 1
4 3 60 5
2 1 56 0
4 4 64 5
3 4 26 2
2 1 88 1
1 3 32 0
3 3 58 0
0 0 54 1
5 5 20 1
5 0 19 5
5 3 21 0
5 3 38 1
1 1 31 2
0 0 72 3
1 2 25 3
2 4 32 3
0 1 36 3
5 3 46 3
5 2 57 1
2 2 3 0
0 0 49 0
0 2 70 3
2 5 57 1
3 3 19 3
4 0 6 2
3 3 73 0
3 4 76 3
3 4 9 5
3 5 95 5
2 5 66 5
3 3 98 3
0 0 -9 1
5 1 -8 2
2 2 87 3
5 4 50 5
2 3 2 2
4 5 42 2
4 3 -2 5
2 2 7 3
1 2 36 1
0 2 88 5
0 4 62 1
0 2 8 4
1 2 23 0
5 0 28 1
2 2 41 5
0 4 81 2
0 4 63 3
4 0 15 4
4 3 5 1
0 3 71 1
0 1 42 5
2 3 25 3
4 5 66 1
5 4 36 3
2 3 82 1
3 2 56 4
0 5 11 2
1 1 15 2
5 2 26 5
0 4 -4 1
1 4 15 5
5 2 76 3
3 4 12 3
5 5 39 4
0 2 51 1
3 2 52 4
0 3 39 3
0 1 6 2
0 1 91 3
4 3 -4 3
1 4 -9 4
1 1 44 4
0 3 69 1
2 0 11 3
4 5 63 4
0 4 96 3
0 0 6 3
1 0 33 5
1 3 82 5
3 1 23 0
5 5 99 2
2 1 32 2
5 1 95 0
5 0 72 1
0 4 -10 4
3 3 -7 4
1 3 30 4
3 3 0 1
0 5 50 4
5 3 93 2
4 5 33 0
2 4 84 1
1 0 39 4
0 2 17 2
1 3 44 1
1 3 -6 4
1 0 33 3
4 1 5 5
2 3 59 4
1 0 -8 0
3 2 47 2
4 4 -4 1
1 1 85 4
0 1 12 5
1 3 55 5
5 2 51 5
3 0 2 4
0 4 20 4
2 4 87 1
2 5 63 2
1 5 63 4
2 5 0 5
1 0 72 4
4 1 44 5
3 0 3 3
3 5 58 2
5 1 26 0
2 2 44 0
3 4 43 5
3 2 5 2
3 0 89 3
2 3 75 0
2 5 84 2
4 5 54 4
4 0 89 5
1 0 60 5
0 0 50 5
1 0 67 5
4 2 69 2
2 3 87 0
3 3 -1 5
3 2 -9 4
3 4 29 1
1 3 52 2
0 3 -10 2
5 0 37 3
5 1 100 0
3 3 87 0
0 5 34 5
0 2 64 5
3 3 10 4
4 2 41 0
1 0 48 3
0 2 37 4
5 2 73 5
3 5 69 1
1 1 79 2
0 1 37 2
2 2 66 1
5 4 65 4
5 3 30 3
1 5 31 4
4 4 -9 3
3 5 48 1
1 2 93 2
5 1 25 2
3 3 42 5
0 1 -3 0
5 1 98 0
1 5 93 3
1 0 98 4
3 2 68 4
4 0 24 0
5 4 24 1
2 5 11 5
1 3 70 3
0 5 -4 0
3 4 28 0
0 4 -4 2
1 4 92 2
5 5 24 5
2 5 52 4
4 1 -3 5
4 3 61 5
4 4 34 1
3 5 -8 4
3 2 37 0
1 5 21 5
3 5 66 5
0 5 49 3
2 2 23 0
0 5 88 5
1 3 46 3
2 0 98 4
3 5 82 2
1 1 22 5
1 0 -8 4
4 1 45 5
5 5 38 5
2 0 79 3
1 3 89 3
5 4 54 5
2 5 53 3
1 5 2 5
0 2 89 1
2 5 94 0
4 3 77 1
1 2 99 4
3 3 68 2
3 1 59 3
2 3 14 5
0 0 12 1
0 1 37 3
1 3 89 1
5 2 -6 2
4 2 77 3
1 4 85 0
4 3 4 0
4 1 27 5
4 5 30 2
5 4 63 4
0 0 -5 3
4 2 22 2
3 1 40 0
2 0 41 1
3 0 4 4
4 0 35 5
5 3 93 2
4 2 44 1
2 3 24 0
3 1 12 5
2 0 5 1
1 2 65 0
4 3 -7 0
5 4 64 5
4 5 18 3
3 4 4 5
1 2 29 3
0 0 32 0
5 0 80 0
1 3 8 1
1 1 20 5
1 3 34 1
4 4 46 4
1 3 30 4
3 0 0 3
0 1 55 5
0 3 3 1
0 1 95 3
3 1 90 1
1 3 71 2
1 4 9 0
2 3 73 5
5 4 12 0
3 5 64 2
2 4 81 0
5 0 44 4
2 0 95 1
5 1 24 4
2 2 88 2
5 1 17 0
1 2 44 3
3 4 66 5
0 4 82 3
0 5 23 1
0 0 71 0
0 0 50 1
3 0 48 2
2 4 67 5
3 5 19 0
1 4 34 1
1 3 36 0
0 5 8 4
2 5 41 0
2 5 36 0
5 1 54 2
3 5 70 1
5 1 47 2
0 5 94 0
5 4 90 5
4 5 85 0
1 3 87 4
2 0 65 0
3 3 35 0
2 1 0 1
0 3 -4 3
0 3 52 0
0 0 16 0
1 1 12 0
4 4 86 5
5 0 94 3
0 5 88 1
3 0 13 4
5 4 81 4
1 0 90 4
2 1 26 2
1 0 45 4
4 4 14 0
0 2 -4 3
5 3 34 4
1 0 72 4
4 0 -7 1
4 1 47 3
3 2 57 0
2 1 37 1
3 2 75 4
5 4 11 0
5 3 2 2
5 1 17 0
4 5 20 0
4 4 47 5
5 5 -10 1
5 1 18 5
5 1 87 1
2 2 93 5
0 2 20 3
4 2 77 1
5 1 19 2
4 1 90 3
1 2 -8 0
0 0 36 5
4 4 68 4
1 0 3 3
0 2 -3 2
1 3 23 0
1 2 53 3
0 3 61 4
1 1 13 4
3 2 59 1
1 4 16 5
2 5 25 4
5 0 -4 4
3 4 42 2
2 2 33 4
5 4 76 5
5 0 86 2
4 0 86 4
1 5 47 3
5 4 45 0
2 4 -2 4
4 3 57 4
3 1 87 3
2 0 4 0
3 5 32 2
1 0 -2 3
1 5 43 5
4 2 33 2
1 0 -4 0
2 5 89 2
4 4 -8 3
1 2 37 4
5 3 36 1
0 4 9 3
2 5 36 4
5 0 44 3
2 3 41 1
0 5 14 2
4 1 96 2
1 3 11 5
0 5 34 2
1 3 -2 1
4 1 78 2
2 2 65 2
3 2 60 2
1 2 86 4
4 2 77 2
4 2 -5 0
5 1 62 2
1 3 21 0
5 3 44 4
1 0 60 4
2 1 32 2
4 5 86 2
1 1 63 0
2 2 98 2
2 2 36 4
5 1 72 3
2 3 86 3
0 0 23 4
1 4 38 4
4 0 17 2
2 2 56 1
0 5 99 4
5 5 71 2
1 5 -3 2
1 0 24 4
1 3 1 5
1 1 7 4
1 0 29 3
3 5 60 5
2 4 69 3
5 3 43 4
5 5 45 2
4 4 46 0
3 2 64 4
4 4 80 1
4 1 90 5
3 4 23 0
1 4 58 3
1 4 3 5
0 1 -5 5
5 2 39 4
3 0 1 4
0 5 48 3
2 4 11 1
5 4 49 1
1 0 51 2
3 3 85 0
2 3 23 0
0 4 55 1
2 5 24 4
4 4 65 4
5 4 84 4
3 4 51 0
4 5 49 5
5 2 60 5
0 2 97 4
2 1 65 2
1 0 44 2
4 4 39 3
4 0 71 4
2 4 59 0
3 2 43 2
3 0 55 4
3 4 83 3
4 0 33 1
1 4 40 3
2 4 76 1
4 1 85 5
2 3 77 3
2 2 85 1
2 4 73 0
5 0 68 1
2 5 99 2
3 4 95 5
3 2 77 2
2 4 17 4
3 4 25 2
1 1 91 2
3 2 9 2
5 1 4 1
3 2 39 0
5 3 65 0
2 0 76 5
2 1 60 3
2 3 79 0
4 0 55 5
3 3 16 5
1 2 54 1
3 2 88 0
4 4 75 3
2 0 -2 2
4 4 57 2
1 2 -5 0
4 3 34 0
5 4 8 3
1 2 96 2
4 2 63 1
4 3 7 2
3 3 77 0
5 1 56 0
3 0 82 0
1 0 -1 3
4 2 28 4
0 3 6 2
4 0 93 4
5 2 52 4
1 1 70 2
3 3 58 2
5 5 99 3
2 2 29 0
0 5 87 5
3 2 67 3
0 3 65 1
5 1 25 1
4 2 46 1
1 3 13 4
5 4 51 3
0 5 29 3
4 4 51 1
5 4 13 5
2 2 5 0
2 0 89 4
5 4 9 0
4 1 69 5
0 5 83 0
4 4 0 1
5 0 9 5
5 3 48 1
3 1 19 5
1 5 8 5
1 2 -2 4
3 2 -2 2
0 1 7 3
0 5 47 0
3 2 46 5
4 3 16 3
0 0 58 4
0 2 -4 0
2 2 55 3
3 2 -5 0
0 3 72 3
1 1 29 1
4 1 -2 0
2 4 -8 1
4 2 9 2
1 3 42 2
5 0 73 4
0 4 94 3
2 0 7 1
1 4 -10 3
5 5 2 1
0 0 54 3
0 2 83 2
4 5 99 4
2 5 70 0
5 4 94 0
0 2 98 2
4 0 22 3
2 2 82 2
1 3 25 4
3 0 -4 3
3 2 0 2
3 4 79 4
1 5 70 3
1 3 94 2
0 2 58 4
3 3 20 2
0 2 91 2
4 4 40 5
2 1 94 2
5 4 86 1
3 2 51 3
5 0 -10 1
3 0 98 5
4 3 98 2
2 0 19 4
3 2 21 4
0 5 4 0
0 2 52 5
0 4 35 2
3 1 68 4
4 1 17 4
0 4 54 2
3 0 24 2
4 2 67 2
5 2 58 4
2 2 14 3
1 0 58 2
5 0 5 2
3 3 62 4
1 1 16 1
1 5 25 2
4 3 1 3
5 3 2 2
5 3 71 1
4 1 38 3
1 1 80 4
4 5 57 5
2 2 59 1
3 4 27 5
2 2 35 4
3 4 81 5
5 0 35 2
5 4 95 1
2 1 42 0
4 3 1 3
5 4 43 0
1 5 91 0
3 4 54 3
0 1 59 2
0 3 20 1
0 1 8 4
2 0 -2 1
4 2 -3 3
4 4 5 5
4 3 11 1
2 0 35 0
3 3 83 4
2 0 66 2
2 2 29 0
1 2 71 2
3 3 85 3
0 1 59 4
4 3 54 4
2 0 96 1
1 5 94 1
3 2 29 3
0 2 63 1
0 4 90 1
1 4 65 2
3 1 54 4
3 0 8 5
4 4 -3 2
0 4 6 2
5 5 72 0
5 2 1 2
3 1 52 5
2 0 3 4
1 5 -5 2
4 0 15 3
4 2 92 5
4 4 -3 4
4 5 3 2
2 4 90 5
3 5 22 2
0 4 24 1
4 2 69 2
0 1 1 1
0 3 87 5
3 1 84 5
2 5 -6 5
3 0 94 1
2 2 51 5
3 2 65 4
0 0 90 5
3 0 70 3
0 4 78 1
4 3 88 5
1 0 99 3
5 3 24 2
3 3 27 0
5 3 -6 3
0 3 63 1
2 0 95 5
0 4 9 3
4 2 26 0
2 4 -8 1
4 4 59 2
3 4 12 1
2 2 39 3
0 3 19 1
3 1 1 0
1 5 7 1
1 0 65 4
1 3 29 5
5 4 -1 2
3 3 -5 0
5 0 63 4
1 1 57 1
2 0 -3 3
5 1 1 5
1 3 59 0
0 3 78 1
4 3 60 4
0 1 83 1
4 0 -2 0
1 0 70 2
2 2 34 1
2 5 39 0
4 5 -3 2
0 1 29 3
2 0 16 4
1 5 -1 1
5 1 69 3
4 0 44 5
0 2 34 5
0 3 4 2
5 5 81 1
2 4 25 3
2 0 51 0
2 3 87 2
2 5 97 0
5 3 62 4
5 3 34 2
1 0 58 0
2 0 34 1
3 4 97 5
2 1 96 4
5 2 60 0
2 1 24 5
5 0 93 1
4 1 46 5
5 1 42 1
4 2 47 4
1 4 45 5
1 3 -1 0
2 2 7 4
4 3 39 5
3 1 30 1
0 2 85 2
4 3 16 4
4 1 81 5
2 4 84 4
1 4 15 3
0 2 84 2
5 4 57 1
1 2 19 2
5 1 31 2
0 5 63 1
2 5 75 4
5 2 0 1
4 5 2 2
1 0 57 3
2 1 90 0
2 2 68 4
4 4 84 1
5 2 55 0
5 5 51 3
5 5 99 2
1 1 33 0
4 0 52 4
1 2 40 3
0 0 6 2
4 4 35 5
1 2 -1 2
0 5 99 1
4 3 91 5
4 2 54 2
1 5 23 4
0 4 32 3
1 0 68 2
4 4 26 1
0 5 24 1
1 5 4 5
4 0 47 2
0 5 40 2
4 1 11 1
2 3 6 5
5 5 -1 5
2 2 44 1
1 4 79 3
4 0 4 2
0 4 73 5
4 2 9 0
0 0 71 3
5 5 60 1
4 0 64 3
1 4 54 0
3 2 23 4
4 3 92 3
1 0 70 5
5 4 64 2
2 2 41 2
5 2 40 2
2 5 24 5
2 1 -7 3
0 1 31 0
5 2 51 0
1 5 43 3
0 0 20 2
0 1 0 0
4 2 48 5
5 5 40 3
4 3 42 2
2 1 23 1
0 1 24 0
3 1 50 1
4 2 26 1
1 1 96 3
3 5 64 2
4 1 11 2
5 1 23 5
3 3 80 4
4 3 82 1
1 1 -3 3
3 2 56 0
1 4 34 1
0 4 19 2
3 3 48 0
4 1 46 2
4 4 -3 0
3 2 61 4
2 1 51 1
4 5 75 5
1 0 60 5
2 4 79 3
0 3 91 2
3 0 92 5
4 3 20 1
2 3 9 4
0 0 22 1
1 3 8 2
3 2 87 3
3 0 37 1
2 0 62 2
0 4 -9 5
2 1 -6 4
0 4 -10 2
2 3 82 0
0 0 39 4
1 4 62 2
4 2 14 3
3 4 74 5
4 1 93 3
1 4 -9 1
1 2 38 0
3 5 93 1
4 5 41 0
3 2 3 4
3 5 34 2
5 0 49 5
1 5 81 2
0 1 1 2
3 4 35 2
1 1 42 1
5 4 4 1
2 2 74 1
2 1 -2 1
0 3 22 4
2 4 60 5
2 1 42 1
0 2 -9 5
3 3 38 5
3 4 70 5
1 5 30 5
3 0 -4 0
2 1 55 2
5 3 14 4
0 2 23 3
3 0 79 5
1 0 7 1
2 2 46 2
4 3 97 5
0 2 34 5
0 4 40 1
1 2 37 2
1 0 92 3
0 0 66 3
5 5 17 1
3 5 88 2
0 2 32 3
5 1 93 0
2 4 -9 0
2 0 36 3
4 2 46 5
5 5 71 1
2 2 30 5
0 0 35 5
2 2 44 1
2 3 53 2
4 1 25 2
4 4 34 2
1 2 95 0
3 3 88 4
1 1 85 5
0 3 78 5
2 5 -4 5
3 1 90 2
5 1 55 2
3 2 5 3
2 5 54 2
1 2 99 2
2 2 23 2
5 4 31 5
3 1 94 5
1 1 -7 5
2 0 25 0
4 4 35 1
1 4 49 3
3 4 55 0
2 2 73 5
5 5 83 3
1 2 39 4
2 2 61 0
4 0 41 5
2 2 89 3
0 0 60 0
0 1 69 4
2 5 69 4
1 4 27 5
5 5 42 1
3 0 35 2
1 2 40 0
4 5 4 0
0 0 38 1
2 5 43 5
2 3 75 2
1 5 19 3
3 3 28 4
3 0 97 5
2 3 71 0
1 1 74 4
4 0 9 5
4 3 42 4
3 2 43 0
3 2 -6 1
2 2 68 0
1 3 67 1
2 2 3 0
2 4 81 5
4 3 64 4
1 4 31 1
3 3 50 2
2 1 45 0
1 3 39 5
4 5 0 1
5 4 96 3
1 0 41 0
5 1 75 2
1 4 4 3
2 0 57 1
3 0 18 0
5 5 93 3
3 0 20 4
2 3 -6 1
3 1 66 4
2 3 87 0
2 3 24 5
2 3 61 3
2 5 31 2
1 2 59 1
1 5 34 4
0 1 49 5
4 1 2 1
5 1 97 5
5 5 39 2
1 5 43 1
2 3 3 0
3 1 92 4
3 0 8 3
5 4 64 2
4 2 92 2
1 3 38 4
3 3 33 5
2 4 17 3
1 1 -9 4
0 5 30 5
0 5 3 1
4 0 61 0
0 5 43 0
0 0 74 4
5 5 99 4
3 4 53 3
4 4 45 4
2 3 40 4
1 3 47 3
1 4 69 0
5 3 33 0
0 0 34 0
4 2 13 1
3 5 98 2
2 3 50 5
1 0 -2 5
1 4 1 3
3 1 69 4
5 5 37 3
0 0 68 3
1 3 45 0
2 4 73 5
5 3 68 2
2 2 79 5
1 4 62 0
5 2 -9 0
5 0 98 0
2 2 65 4
4 1 38 4
4 1 36 4
3 1 -1 5
5 2 -9 4
5 2 40 5
5 5 8 5
0 1 56 3
4 4 50 3
0 1 86 0
5 2 -7 4
5 5 14 0
1 4 -4 3
2 3 72 2
5 4 52 0
5 4 83 3
4 1 44 3
1 2 44 4
1 0 54 4
1 3 17 5
2 1 -8 0
