0 4 67.3553 2
1 2 83.7515 1
3 2 88.5497 2
5 5 26.7752 4
1 3 58.1235 1
1 4 40.7513 0
4 2 97.1687 0
0 3 42.3205 3
2 5 26.9292 1
0 0 87.3673 1
4 1 67.2716 1
2 0 76.7126 2
4 4 7.5948 5
2 4 9.0742 3
3 5 41.8077 4
4 2 63.1381 1
4 4 24.3502 4
5 4 79.1913 5
4 4 29.2726 2
1 4 23.3304 1
2 4 51.4333 3
1 2 23.1968 4
2 0 50.9968 5
3 1 37.7479 5
3 5 61.6609 5
5 1 95.2649 2
3 0 47.6581 0
3 1 94.241 3
5 2 -3.1596 5
2 4 3.0178 0
4 0 87.793 5
4 3 -4.5505 1
1 2 78.3132 4
0 4 76.9903 2
1 1 4.7758 4
0 0 65.8905 2
2 3 34.9794 3
3 3 93.4659 2
3 0 64.004 4
5 0 87.5988 3
3 4 7.8305 1
4 1 74.5576 5
2 1 46.1242 1
0 3 83.3609 2
5 2 84.51 2
3 1 33.5775 0
2 1 84.4507 0
4 3 66.9726 4
5 4 43.8118 5
0 5 13.0436 1
1 0 32.3406 5
3 5 80.3301 5
4 1 66.3312 1
1 4 86.1987 1
1 2 56.0688 0
4 3 69.9629 5
1 4 90.382 1
2 2 35.2459 2
3 1 12.4427 0
5 2 54.473 5
5 5 36.2294 4
2 4 42.4675 4
5 3 17.3986 1
5 1 49.6235 2
0 5 45.3913 1
3 4 33.0758 4
2 2 84.6106 5
3 1 77.9728 1
5 5 83.4306 4
2 3 46.9897 0
4 0 87.7796 4
3 1 -7.9181 4
5 0 45.2473 5
4 3 9.285 5
2 3 76.4476 2
2 1 27.667 2
5 1 25.0768 4
2 3 -9.707 2
5 5 24.1206 3
0 2 26.6064 0
3 2 0.8028 2
0 4 61.8394 0
5 1 81.3134 2
4 4 34.3352 3
1 4 76.6716 0
1 3 99.3392 4
3 1 9.5885 3
5 3 77.9645 1
1 1 18.5136 2
1 3 3.1043 3
2 3 76.2062 0
5 1 4.7986 0
4 4 17.5106 0
1 5 63.351 3
2 1 9.8071 1
4 0 70.7803 1
2 5 8.8808 2
5 2 14.7609 1
3 5 26.0645 3
1 5 65.1896 0
5 3 38.3459 3
0 3 80.8278 4
3 5 55.8412 5
0 0 67.6317 2
1 2 67.3244 0
5 5 -0.8348 1
3 2 2.0292 1
1 4 85.009 5
4 2 27.5104 4
5 4 96.1084 3
4 1 87.0597 1
5 4 62.9731 1
1 4 44.88 2
1 2 35.6184 1
1 0 23.0227 3
5 0 93.0281 4
0 4 31.9404 2
2 5 21.9317 0
5 1 -3.6145 5
4 1 78.8027 1
2 5 39.7777 2
5 5 47.7762 0
2 3 25.1301 2
5 1 12.2367 0
4 0 75.1059 3
0 0 85.5923 3
0 0 7.4793 4
2 1 98.6584 0
1 0 40.9983 2
0 3 2.9581 3
5 0 9.7685 4
2 4 74.3353 3
5 3 58.8123 2
3 0 93.753 5
2 4 93.7496 2
1 1 1.5518 4
3 0 12.9478 2
0 4 39.1912 4
5 3 81.6836 5
4 0 -4.077 5
2 3 68.3042 4
3 2 86.9718 0
1 1 48.8041 1
4 3 41.1479 0
2 1 46.3739 2
4 4 63.4508 3
5 4 24.2511 1
0 5 90.2594 3
5 4 53.4525 0
4 5 33.1413 1
3 3 -6.2042 2
4 1 19.1896 2
2 3 83.003 0
0 4 62.5289 0
1 2 76.0137 4
5 4 77.2831 0
2 5 59.2312 2
5 0 95.5917 1
4 1 80.7238 0
0 3 57.2954 0
2 5 25.2229 0
4 4 -6.1707 5
0 0 3.265 1
1 1 71.5313 5
4 0 64.6061 5
2 1 6.2529 0
2 2 79.3604 2
5 0 82.0568 5
5 1 77.9641 0
1 2 2.0397 5
1 4 98.6954 0
5 3 64.8989 1
0 3 6.5139 3
4 5 81.4968 0
1 5 38.8235 1
5 2 -6.9227 3
2 3 -9.0879 1
3 0 69.7522 3
4 4 15.2885 1
2 1 73.3865 3
1 4 0.367 4
0 1 27.0805 4
1 2 64.6028 5
5 3 48.641 2
1 4 25.422 5
2 0 10.1188 0
1 5 30.5883 0
1 2 8.2516 5
1 0 98.9637 5
1 0 96.0163 0
1 1 26.883 2
2 2 21.0099 0
5 0 12.9027 4
4 4 87.678 0
2 4 67.6526 0
2 4 60.7632 1
3 3 71.6409 1
1 5 48.441 2
2 3 64.0739 2
4 1 70.3017 5
3 0 50.9541 0
1 4 75.9595 3
4 1 71.5063 0
0 5 9.9533 4
5 4 24.357 2
1 2 23.5321 2
0 0 -7.1091 3
1 3 56.6086 3
0 3 97.6654 5
4 1 -1.8115 1
3 4 10.7666 4
2 5 13.0034 0
1 2 72.8479 1
5 5 42.2024 3
1 0 24.6362 2
2 0 68.4689 3
3 5 89.7011 4
2 2 34.9767 0
5 4 96.221 3
5 3 94.1424 3
4 3 85.9553 2
3 2 85.6398 4
3 3 15.2191 1
2 4 74.1322 3
1 3 -6.4717 3
1 3 16.1094 5
5 2 59.4249 0
5 0 92.0312 2
4 2 25.8421 5
4 2 4.9092 1
4 1 52.7577 3
2 3 -4.1608 4
1 0 85.9873 0
3 0 48.4535 3
1 0 74.8171 2
5 3 69.8699 4
4 0 83.977 5
5 5 -2.7546 0
1 0 4.134 1
4 2 64.4599 5
4 0 76.6919 3
1 5 52.0703 1
5 5 65.614 4
4 4 2.403 2
1 0 26.8602 0
3 5 43.4026 1
5 5 26.1431 1
2 5 47.1778 2
2 3 7.6579 1
3 0 -8.3899 5
1 0 -5.7988 5
4 3 61.0558 1
2 0 93.642 0
4 3 90.2208 0
4 5 12.9905 5
3 4 94.2588 4
1 3 34.9149 0
2 0 97.1398 4
1 4 68.6346 0
0 4 57.0468 5
5 2 -4.3969 4
2 4 63.6513 2
1 5 15.3159 3
3 2 24.9122 5
2 1 82.0581 1
3 0 7.7964 2
4 5 38.4537 3
0 1 39.0026 4
0 3 55.9684 4
4 5 -0.0734 3
2 5 50.3733 5
5 3 45.7119 5
0 4 90.7307 5
3 3 3.8749 4
0 1 -6.3289 4
2 1 7.3867 5
3 1 55.0329 0
3 3 67.8835 4
4 2 30.0904 3
4 0 68.8362 1
1 0 23.7126 4
3 3 39.7815 2
4 4 95.6744 2
4 4 45.1497 1
3 0 55.7894 5
4 1 54.1162 4
3 5 33.2327 5
1 3 11.9455 1
4 0 68.8852 1
3 1 35.51 3
4 2 27.3589 0
3 5 62.7459 5
0 5 31.0621 2
1 0 6.3024 2
4 3 -6.6442 3
3 3 77.6127 4
4 3 5.524 2
2 1 17.1551 1
4 2 54.9755 3
4 4 8.9467 1
3 2 14.9273 4
2 2 8.0186 0
4 5 39.2913 2
0 4 99.6817 4
3 1 -7.555 0
3 0 38.6571 1
1 2 58.8691 3
1 0 84.6762 4
1 5 19.2941 2
5 1 38.8878 1
1 5 26.6628 5
2 2 23.4273 0
2 0 51.0269 2
2 1 61.707 2
4 5 -1.9624 0
1 1 87.5258 3
2 3 92.1818 1
1 5 62.0826 5
2 5 49.113 4
3 0 10.1341 4
1 2 47.2803 2
0 5 84.8798 1
2 2 77.3322 3
5 4 76.8799 4
5 4 86.1234 3
5 5 62.3426 3
5 2 81.3689 2
2 1 57.2612 0
4 2 29.2929 1
2 0 66.6639 5
4 5 85.0394 0
4 1 67.7854 5
0 4 24.5785 1
3 2 52.6385 1
1 5 76.9973 1
0 0 36.2327 3
5 3 87.8177 0
0 0 53.0235 0
2 4 36.6597 1
5 3 16.2038 5
3 5 23.8293 0
5 1 67.0539 0
0 2 -4.5634 4
3 2 25.3733 1
3 3 21.9762 5
1 2 52.892 0
5 5 20.8183 1
0 1 5.0854 0
4 2 19.141 5
0 5 40.2583 2
4 1 34.3156 1
5 1 86.6886 1
5 4 7.7327 1
3 5 96.621 2
3 4 -8.838 1
5 4 30.0753 5
3 3 63.1534 2
5 4 -6.7637 0
5 3 2.7168 3
1 0 70.2103 2
4 1 26.7697 4
3 3 55.9846 5
3 0 49.024 5
1 1 28.138 5
1 0 89.3391 3
2 5 3.5531 5
2 3 49.362 5
2 0 74.8942 0
2 0 12.4117 4
3 2 55.3792 2
1 0 77.9151 1
4 2 62.6591 5
0 1 16.5621 3
3 1 95.2693 3
0 1 -6.3183 5
4 4 71.4761 3
4 2 60.6767 2
5 2 51.0383 4
3 3 87.3022 0
3 5 5.0031 2
5 0 8.724 5
4 2 0.413 4
2 5 16.4238 5
5 0 75.2672 3
2 5 33.5093 5
5 0 68.4509 2
0 4 11.8016 4
0 3 90.2531 2
5 4 1.4913 3
3 1 53.817 2
0 3 19.941 0
3 4 45.2231 0
0 5 -3.0237 0
3 5 27.4845 1
1 4 70.7707 5
1 0 28.0214 4
4 5 65.7414 2
0 5 -8.4676 5
2 3 98.9348 0
5 1 77.7279 5
3 3 74.0993 4
4 0 56.0716 3
3 3 70.8151 0
4 4 51.4918 1
1 5 86.299 5
1 5 31.0814 1
3 2 47.1004 5
1 5 90.0459 4
2 2 3.256 1
2 0 19.2492 3
0 5 19.8835 0
3 4 29.4149 2
4 4 15.9745 0
2 1 -7.8319 5
4 1 79.0676 3
1 4 77.339 4
0 4 81.8611 4
2 0 4.7659 0
4 1 -6.0573 1
1 3 51.4974 0
0 0 23.5551 3
3 5 33.8348 5
0 3 50.643 1
3 2 82.7984 4
1 1 86.8998 4
0 1 93.2558 1
4 3 73.059 0
3 2 6.8382 4
3 4 51.2736 3
4 4 -7.4693 0
0 3 97.4058 5
5 4 86.5333 2
3 3 3.2314 1
2 3 -4.5253 0
2 4 58.1601 3
3 2 66.5567 5
0 3 0.4558 2
0 1 -1.4346 4
4 2 59.3412 5
3 4 28.3514 2
3 4 19.5179 3
2 4 57.55 4
5 1 92.0206 2
1 1 44.9292 4
0 5 45.4457 4
0 1 44.5938 0
1 0 74.4924 3
4 2 35.6054 0
5 4 68.9164 3
4 2 22.3589 0
2 4 30.3739 3
3 2 99.2885 1
1 0 90.8456 5
1 3 13.5563 5
2 4 17.8864 2
3 3 8.1493 1
5 1 38.1074 4
2 1 -4.3342 2
2 5 34.7068 4
1 2 -2.6589 3
0 2 23.2491 4
2 0 96.5261 3
1 0 73.2669 5
3 3 54.9023 5
3 1 61.9033 3
0 3 13.0534 3
5 5 11.2676 2
4 4 73.6069 2
4 3 95.4721 1
5 3 -4.1674 4
3 0 59.264 5
1 0 -5.0536 4
1 4 30.0273 5
5 1 76.9546 3
4 0 3.5123 3
3 2 -6.5727 0
2 2 74.2568 3
2 5 29.0347 2
5 5 31.4998 0
1 2 -6.2468 2
1 0 90.421 5
1 0 74.0609 5
4 2 62.2474 0
5 4 13.5527 4
1 4 54.5633 5
2 2 80.6839 5
3 5 62.0247 3
4 0 29.9831 2
5 4 37.2118 1
2 3 45.0657 0
5 1 50.9777 1
2 4 60.9249 1
0 2 73.7549 5
2 0 46.0284 3
3 1 83.4199 0
5 1 -5.5743 0
2 0 -6.1574 2
1 0 40.9083 0
0 2 3.8168 1
0 3 84.947 1
0 2 20.7607 3
0 2 85.5316 3
3 1 15.6416 1
3 0 51.42 5
2 1 0.0948 1
0 1 78.063 1
1 3 80.471 2
4 1 46.1614 2
0 5 77.186 1
0 1 5.0889 3
0 0 -7.8825 4
1 1 79.2535 1
1 1 2.3672 3
5 5 16.0728 4
4 4 98.2218 5
3 0 38.8672 3
3 2 94.3828 5
0 5 39.5226 2
4 1 91.7915 2
3 4 41.3302 3
1 5 15.5689 2
4 3 74.7068 3
0 0 85.2122 4
0 3 42.2567 0
1 1 -5.6788 3
5 0 12.7838 1
1 3 98.6145 0
4 4 58.7718 0
4 3 93.7228 2
2 2 79.4348 0
4 0 57.6011 5
4 2 21.4039 5
1 3 45.8246 2
5 0 74.7824 0
1 3 82.2377 5
5 0 4.2701 2
5 1 74.0843 2
5 0 0.378 2
5 5 89.2235 5
5 3 2.5933 5
1 1 79.5084 0
5 2 95.0637 0
5 4 35.8851 4
1 3 -0.9544 3
3 2 -1.5162 1
5 5 39.1935 5
2 0 14.3451 3
1 0 31.5327 3
3 5 2.5561 2
3 1 26.5188 3
2 3 35.4711 2
5 3 22.4425 2
2 0 94.4086 5
4 1 50.6658 0
0 0 60.7638 4
1 3 37.7301 2
1 3 54.5404 2
5 5 38.6069 0
5 3 -3.8031 1
2 0 13.3122 2
2 4 19.4572 2
0 2 92.9362 3
1 5 -9.7775 4
2 1 -4.8199 2
4 0 53.5309 5
5 2 55.5331 1
0 5 24.7707 5
5 0 3.4522 4
0 4 4.6131 5
2 5 62.6732 4
2 5 84.7691 4
0 3 25.6956 4
3 5 89.1985 5
0 2 66.8648 4
4 2 -6.055 4
4 1 30.4482 0
1 4 84.1483 2
2 3 7.4803 0
2 4 31.7214 2
4 3 75.0496 0
1 0 7.0147 4
5 0 66.1328 0
4 2 24.4675 4
4 3 52.3984 2
0 0 -9.6052 0
2 5 12.381 2
2 1 33.1811 2
4 1 58.2756 0
4 4 79.7266 2
1 3 31.8076 5
3 4 83.448 1
5 3 62.5098 5
1 4 -2.0909 3
3 1 15.3086 1
2 1 38.8148 2
1 3 37.6734 0
4 2 19.0151 2
5 2 54.5254 0
5 0 4.7952 1
0 5 16.99 1
3 2 33.3286 5
0 4 67.7667 1
5 0 83.3189 3
0 4 24.6441 2
2 5 1.719 5
0 4 29.9307 0
3 5 37.7523 1
5 2 71.299 3
5 5 70.6976 0
4 3 68.8509 1
0 1 15.9353 4
4 4 -3.5551 4
4 1 77.7494 2
0 4 0.4597 3
2 1 50.8216 1
0 3 52.7186 2
0 5 94.9708 0
0 3 -3.1725 2
1 2 79.2682 4
4 2 53.7915 0
2 3 16.2116 2
1 5 82.6025 3
5 5 82.8061 1
2 0 82.2 5
3 1 15.2051 5
1 2 73.7074 1
1 0 81.1093 4
2 3 77.7158 4
1 5 25.5496 0
0 2 62.2339 0
0 4 56.5353 1
1 1 50.117 3
4 2 15.2699 3
1 2 75.8658 0
2 0 -6.4229 4
2 1 50.1181 2
3 5 60.4738 4
5 4 41.0573 4
2 3 25.2348 2
5 4 35.7331 2
1 0 84.1705 0
4 0 54.3271 3
5 1 50.3323 2
0 0 3.7278 1
3 0 47.9116 1
4 4 32.891 0
5 3 85.5559 5
5 1 0.3258 0
2 2 11.0126 1
4 0 33.9481 0
4 5 58.4842 5
2 4 95.3762 4
2 1 20.0475 1
1 1 67.9127 4
3 0 94.9268 5
5 5 -3.5849 1
5 5 3.1794 5
3 2 20.8687 1
5 5 22.5014 3
4 0 96.5554 3
4 2 -7.7806 3
5 0 48.8719 0
2 1 78.2841 4
5 5 60.0088 0
3 5 -8.6847 0
2 2 96.5536 4
1 4 82.7466 1
4 2 96.1776 3
4 3 15.9411 5
4 4 71.8043 4
3 3 95.9326 4
3 2 53.9745 3
4 3 98.7031 5
0 3 -4.9652 3
0 1 5.2918 2
4 0 5.2093 2
4 1 24.9181 2
3 4 95.0491 4
4 4 87.6001 2
5 5 -2.0552 3
3 5 28.9657 1
1 2 9.0031 2
1 1 36.5226 5
5 3 11.7753 3
2 0 46.3468 2
3 0 23.2989 5
3 5 91.6812 4
4 0 35.6023 4
0 2 22.6094 4
5 5 47.2324 3
0 2 65.9721 3
2 3 64.0471 5
4 4 54.7733 1
1 2 23.351 0
5 2 86.9172 4
0 3 31.5826 0
2 2 41.8347 5
1 0 55.6894 0
5 5 11.514 4
4 4 69.0392 1
2 2 26.0687 3
3 0 64.5632 4
1 4 68.5023 1
5 4 5.5024 1
5 4 56.5471 1
3 3 -8.5584 0
1 5 4.1644 2
0 4 86.9176 2
0 0 97.3195 4
3 3 61.5783 5
5 0 -8.4564 4
0 1 15.5244 4
3 3 -7.6482 0
2 4 88.1359 0
1 0 20.7553 3
4 1 42.3831 2
1 5 54.1587 4
5 1 37.0393 1
1 2 41.0677 5
1 1 -0.4169 5
5 4 5.3718 2
5 4 68.4797 0
3 3 81.8329 1
2 2 46.4191 2
4 4 79.3603 3
4 2 -4.8672 4
0 3 84.1657 5
2 4 72.2945 5
4 4 93.8968 5
2 5 61.8266 4
2 0 14.1374 4
4 4 59.3924 0
0 3 42.7448 2
1 4 32.8865 5
3 2 35.1471 1
4 1 96.6253 1
4 4 5.1241 0
3 2 97.3424 2
3 4 50.5415 3
2 4 33.6044 0
0 0 94.791 4
0 3 90.6178 0
5 2 -6.8931 2
1 4 45.3557 1
0 4 74.1811 3
5 5 8.139 4
0 1 51.6574 2
4 4 -2.5021 5
4 3 18.8555 4
5 3 -9.537 3
0 0 10.5412 2
2 2 6.0249 1
1 1 -9.9171 0
3 5 84.4097 5
4 2 76.8972 1
4 5 57.3792 3
0 5 40.5161 0
4 2 29.1037 4
3 3 40.2662 2
2 0 27.1899 3
0 0 67.9549 4
2 3 7.3797 3
0 5 2.6437 2
4 2 34.1787 3
0 5 -6.554 4
3 5 7.0455 4
2 1 77.2199 5
4 2 -9.0643 0
0 5 63.2108 4
4 4 4.2629 3
1 2 61.0895 0
1 5 48.868 5
0 4 73.1466 3
3 4 92.9581 3
2 4 47.1426 2
2 4 32.7596 4
5 1 20.5994 2
3 3 74.9872 5
4 4 78.0679 0
0 5 69.3331 1
5 4 17.8624 1
0 3 59.13 2
1 4 -7.5784 1
5 2 60.6113 5
0 0 19.7679 3
1 0 24.9151 5
3 3 80.2905 0
4 1 78.5391 3
5 1 63.3929 0
0 4 10.3644 0
5 4 14.4052 4
5 2 52.6297 0
5 4 70.2975 1
5 4 46.5558 2
2 1 17.8275 2
0 1 5.7972 0
0 5 82.18 1
2 3 31.428 1
5 4 97.0998 5
4 2 95.2305 2
4 1 59.3033 4
4 0 47.0044 3
0 3 50.1222 4
5 3 -7.2403 0
5 1 12.5152 3
2 5 48.2829 4
1 1 13.0578 0
3 5 41.8552 4
4 5 12.1139 4
5 3 -5.7617 0
5 1 77.2315 1
0 3 37.4226 1
0 0 38.1273 0
3 0 8.8479 5
1 5 84.7971 5
5 1 36.1617 2
5 3 21.6408 1
2 1 -8.8427 3
3 5 59.3758 1
3 2 53.4292 5
4 0 -2.6108 3
5 1 12.7248 1
1 1 49.0529 2
3 3 11.7335 1
5 5 62.2931 1
2 5 41.3005 5
2 3 -0.928 2
5 3 60.2131 0
2 2 20.0383 1
1 0 30.1326 0
1 1 11.2021 3
0 5 -5.7339 0
3 3 77.6509 3
3 5 42.2778 2
3 2 64.7495 2
1 2 38.6196 0
1 3 7.6308 1
5 0 38.2388 5
4 5 28.6241 0
2 5 78.8233 3
0 4 87.9657 5
0 0 90.1455 2
1 5 71.6128 2
4 2 -4.1991 0
5 1 -8.0043 0
1 3 0.9251 2
0 0 32.1637 5
0 3 2.6987 3
0 4 52.761 3
2 1 -9.3695 3
5 3 78.1421 5
0 1 92.0877 2
5 4 61.5739 0
2 1 63.812 5
2 4 96.2277 5
0 5 6.9803 4
3 4 18.3224 3
3 4 12.5539 4
3 5 57.0151 2
0 3 60.4497 4
1 4 52.1924 1
4 2 -6.7516 0
5 2 70.7225 1
0 0 55.8326 3
3 2 15.3422 4
4 1 56.7199 2
0 0 63.04 3
2 3 56.4133 0
3 5 33.9088 5
3 4 67.7588 1
1 1 50.5855 2
2 0 30.4403 3
4 2 34.2196 3
2 5 46.5823 5
3 1 54.3359 2
4 5 20.0669 2
0 0 48.2698 1
0 2 78.1604 2
3 0 42.9444 3
2 2 87.3908 4
2 2 24.9319 2
3 2 74.1633 1
2 5 30.9615 4
4 0 60.223 2
0 1 45.9887 0
4 0 73.7438 4
2 0 64.7307 0
1 0 68.3876 2
0 0 23.4906 3
1 4 72.203 4
0 5 36.7899 2
3 0 60.5671 4
2 2 14.6976 3
3 1 91.742 0
4 4 21.4659 3
4 1 92.3908 3
2 1 3.8862 5
3 3 13.8598 2
5 4 99.4444 0
5 2 47.9243 1
1 4 46.3045 1
0 4 0.6017 5
0 1 59.3026 3
1 3 -7.7604 1
5 4 66.274 5
4 1 92.4801 5
1 2 67.6308 5
3 1 69.9956 0
2 1 65.5163 3
2 1 48.0626 3
4 3 32.3423 0
3 2 95.9947 2
5 0 49.2721 3
5 2 84.6758 2
1 5 63.5788 0
3 3 73.7386 4
4 1 31.0542 2
3 3 72.5979 2
3 5 22.9045 3
5 5 81.7503 1
2 2 -5.5271 3
4 0 59.9684 4
3 3 33.527 4
5 3 67.2012 2
2 1 56.6496 4
0 3 18.1873 0
5 0 54.9226 4
4 0 54.8598 1
1 1 82.8951 2
1 1 52.8921 1
3 1 22.5703 2
3 3 -9.93 5
4 0 15.8315 3
3 2 85.9898 3
4 3 28.262 5
0 2 92.1143 5
0 3 73.2233 0
1 1 53.3923 5
2 3 82.5204 1
4 1 27.6433 0
1 5 60.7402 2
0 2 -4.559 4
1 2 2.566 2
0 3 -5.6408 3
1 3 93.6524 2
5 4 95.8917 3
1 4 5.6919 1
5 1 -0.6405 4
3 4 28.9906 5
5 1 9.6869 1
1 5 -2.0614 1
1 4 62.9107 2
3 1 24.5949 3
2 0 24.2886 5
3 3 37.0101 0
1 5 36.7832 0
0 1 94.1842 2
4 5 34.1084 0
0 1 94.5651 0
0 1 46.797 2
0 4 48.7211 2
4 2 21.0889 0
5 4 3.7467 3
2 5 61.642 3
5 4 39.8341 2
5 1 41.1671 4
3 4 14.1537 0
3 5 93.3556 2
5 3 90.5196 4
0 5 85.9151 0
2 3 79.5525 5
5 4 60.2328 2
3 4 64.3939 5
2 4 -6.9457 1
1 5 70.8873 1
1 5 55.63 1
2 1 69.7363 0
1 1 10.6467 0
4 0 53.4183 2
5 3 25.8667 3
2 4 24.2422 0
3 5 -7.5295 2
1 0 31.6279 5
4 1 66.3835 0
2 2 1.3152 2
3 0 -2.9247 2
0 2 62.3336 3
0 0 21.1334 4
2 4 59.8248 0
4 4 36.8608 3
2 3 76.3665 5
0 2 70.2215 2
1 2 96.7383 1
3 2 9.8803 5
3 4 75.653 0
4 0 -2.5614 2
0 0 18.6428 3
0 5 10.2355 3
1 2 59.4495 5
2 0 73.0276 1
