4 4 85 2
0 2 10 1
2 0 39 3
4 2 39 2
2 4 59 5
4 0 4 1
3 1 95 3
1 2 18 5
3 0 51 1
5 1 52 5
1 5 91 0
0 0 66 0
3 5 52 5
3 1 67 4
1 3 41 3
4 0 15 0
3 3 4 1
1 2 63 2
5 5 51 4
5 2 25 2
0 1 52 1
5 4 28 5
1 5 71 0
5 0 55 1
1 4 82 2
4 1 -4 4
4 3 59 5
0 2 43 3
5 0 67 1
1 5 36 4
5 1 52 5
1 4 22 4
2 3 52 3
1 4 57 1
1 2 65 1
5 3 71 2
0 2 7 4
3 1 43 4
1 0 76 2
1 1 -6 1
3 4 17 3
1 3 86 1
0 1 82 0
5 3 2 4
3 4 21 2
2 5 48 4
2 1 0 2
4 3 49 1
3 0 70 3
0 0 66 4
3 3 35 3
5 2 43 3
3 4 11 5
5 3 68 0
0 5 -1 3
5 3 -5 3
0 5 0 1
3 5 58 1
4 1 -4 2
4 1 2 1
2 0 4 5
5 1 85 2
4 0 68 5
3 4 100 3
4 0 28 4
0 2 52 1
0 1 77 0
2 4 11 1
2 3 34 1
5 4 32 2
1 2 61 2
3 3 83 5
1 4 41 5
1 1 90 1
0 2 20 4
2 2 74 4
4 5 93 2
5 3 70 0
0 4 6 4
5 2 13 2
0 1 75 5
4 1 84 4
4 4 68 0
1 0 49 4
3 3 13 2
3 1 29 5
3 3 66 5
3 5 13 4
2 5 94 5
4 5 -7 2
3 3 0 2
5 2 57 1
2 0 35 3
1 5 68 5
3 4 81 5
5 5 13 5
1 0 25 1
4 3 4 5
0 2 -1 2
3 2 48 5
0 3 30 4
1 2 -2 2
5 1 42 0
5 1 60 5
0 1 17 5
4 5 44 0
3 1 40 0
0 2 8 1
0 3 67 4
4 3 12 1
4 0 90 4
0 5 15 0
4 3 -9 3
5 0 93 2
3 0 6 0
2 0 37 1
5 3 95 2
5 3 13 0
5 4 31 4
4 1 94 3
0 3 81 5
3 0 0 5
5 1 27 0
4 5 78 0
2 2 22 3
1 4 -3 2
4 2 78 1
0 0 54 5
5 0 96 3
0 5 33 2
3 4 11 1
2 4 5 4
2 2 50 3
3 4 65 4
1 0 49 2
3 5 24 3
2 4 51 0
5 4 24 1
3 5 64 4
5 3 39 0
2 4 28 2
1 2 -9 1
3 1 28 1
0 3 58 4
4 3 -4 0
2 2 97 2
4 4 -1 0
1 2 86 1
3 5 43 3
0 4 69 5
5 0 40 5
2 2 100 0
1 4 83 3
2 3 29 1
4 3 47 5
4 4 12 3
5 0 2 3
2 5 9 3
4 0 10 0
3 1 26 5
3 3 65 0
3 3 93 0
3 1 65 3
2 3 53 3
3 2 68 0
2 4 52 5
4 4 43 2
4 2 68 2
5 5 -4 0
3 3 58 4
0 5 32 1
3 2 18 3
4 3 69 2
2 1 32 1
3 2 -9 2
1 5 99 0
3 4 90 5
1 4 -8 1
3 3 51 4
3 4 65 1
2 1 0 0
0 0 61 4
5 4 79 0
1 2 46 0
4 0 41 4
1 4 26 0
0 5 33 2
4 5 1 2
3 2 52 0
5 4 52 4
0 4 76 1
0 0 71 5
1 3 88 1
0 2 11 4
2 4 46 5
1 1 62 3
5 3 -9 5
5 0 14 5
4 3 85 4
3 2 34 1
2 4 66 2
2 1 90 5
3 0 -1 4
1 0 11 1
3 3 39 5
4 2 85 4
3 1 81 3
0 2 42 0
4 2 1 1
2 0 88 5
2 4 30 2
1 5 29 0
5 4 52 2
1 5 66 0
3 0 82 5
3 1 67 2
1 4 15 5
2 4 40 5
3 3 63 3
4 1 52 4
3 3 -5 4
4 5 32 5
2 2 -4 1
3 3 41 2
5 2 23 4
0 2 2 0
0 0 39 1
3 3 18 1
2 4 47 4
4 5 80 1
3 5 67 3
1 5 54 0
2 2 -6 2
3 3 79 4
3 3 56 5
3 5 96 4
3 4 33 1
4 3 81 4
3 5 68 5
3 3 80 0
1 4 6 0
5 1 -3 4
4 2 99 0
2 0 92 1
2 3 85 3
1 2 -2 4
4 1 49 2
1 4 4 0
1 2 -1 2
0 5 77 5
1 3 71 5
2 1 11 4
4 4 3 2
3 4 55 3
1 1 87 3
3 3 -6 3
1 4 97 0
3 4 39 2
0 2 18 4
3 5 11 0
2 2 28 0
4 2 61 0
5 3 23 0
1 1 -8 0
1 2 59 3
5 2 45 1
1 5 85 4
4 5 75 4
2 1 -8 5
3 3 62 3
1 4 40 5
3 5 22 5
1 0 50 0
2 1 35 5
5 4 84 3
3 4 0 0
1 3 -5 1
3 2 85 5
5 2 63 2
1 5 51 2
0 3 20 1
0 4 28 1
5 1 69 5
3 0 31 1
3 0 72 4
2 4 -4 0
3 5 52 4
5 2 -9 1
0 2 27 1
4 3 57 3
0 0 36 5
4 3 82 4
3 5 90 0
2 1 51 4
4 3 73 4
0 0 97 0
5 0 14 3
5 2 80 4
4 5 70 5
3 2 41 4
3 5 20 2
5 2 68 4
5 3 75 1
3 2 69 5
2 5 87 0
4 1 36 5
2 5 37 2
2 5 79 5
2 1 39 0
2 4 92 5
1 4 96 1
1 0 31 5
3 4 34 3
4 4 66 2
3 3 95 0
4 1 89 0
3 1 21 4
0 5 58 1
3 4 22 3
1 0 51 5
2 1 91 1
3 4 59 5
0 0 -7 1
0 3 86 5
0 5 32 2
2 1 23 3
0 3 -7 1
1 2 86 3
5 4 55 2
2 5 56 3
5 4 79 0
3 3 14 1
1 2 74 5
1 3 19 4
3 5 38 5
0 4 88 5
3 5 -7 1
4 4 4 4
1 3 61 2
5 3 59 2
0 1 46 2
4 4 78 2
5 5 89 0
3 1 11 4
1 3 17 5
4 5 18 0
2 1 23 0
5 5 34 4
4 4 64 3
5 1 16 1
1 3 2 5
3 0 37 4
3 4 89 2
3 4 45 4
3 2 8 2
1 1 61 4
0 1 41 4
2 3 19 1
3 2 60 4
5 5 47 4
4 1 3 4
1 0 17 1
4 5 50 5
4 5 71 3
5 2 3 1
1 1 54 2
0 4 92 1
1 3 33 2
5 5 18 2
3 0 13 2
2 5 38 5
3 5 13 0
5 3 85 0
4 4 19 0
2 0 87 1
2 5 1 0
4 1 52 1
3 1 91 1
5 3 -2 3
4 1 56 5
0 3 43 5
4 0 32 0
1 5 10 3
4 2 44 2
4 5 33 0
1 1 94 1
5 0 19 2
2 0 44 1
1 2 58 2
0 4 65 1
3 2 10 2
5 2 4 5
4 5 81 0
2 5 -3 0
0 2 49 2
0 5 18 4
2 2 65 5
5 1 2 2
1 3 56 3
1 4 19 1
0 5 43 5
4 1 92 5
3 1 32 2
1 4 58 0
3 2 99 4
3 0 1 3
3 2 21 5
2 0 44 4
5 1 54 0
5 3 66 2
3 3 11 5
2 1 47 0
4 5 72 3
0 5 72 1
4 1 9 2
3 0 30 4
3 0 95 4
1 2 6 5
2 4 92 2
0 3 96 1
2 2 24 0
3 1 6 0
5 2 29 2
0 1 -2 2
2 5 -8 2
5 2 45 3
2 3 91 0
5 4 29 3
4 1 80 3
5 1 95 2
5 5 88 2
5 0 -5 2
4 1 7 5
1 2 -9 4
4 2 -8 3
4 2 89 5
1 1 47 1
1 3 93 2
3 4 69 3
2 5 64 3
4 3 82 3
3 2 -6 4
5 2 11 0
3 2 61 3
2 4 92 2
5 3 59 4
2 3 70 3
4 0 90 0
2 4 17 0
5 1 81 1
1 4 64 1
2 4 54 5
2 3 18 3
3 1 98 2
5 4 1 3
2 4 -3 2
3 1 75 2
1 1 5 5
0 1 -5 4
4 1 61 4
4 5 -5 4
1 3 72 0
3 4 91 2
3 4 42 5
5 5 22 4
4 2 45 4
5 1 79 1
1 1 73 5
0 1 87 1
2 2 -6 0
4 3 23 4
2 5 9 1
4 4 -3 2
2 5 -4 1
5 5 73 1
3 0 66 4
0 1 94 5
0 4 44 1
3 2 53 3
0 2 22 1
0 1 22 4
5 4 89 4
3 2 24 2
2 5 78 0
0 1 62 5
0 2 60 2
3 5 74 1
4 2 56 4
4 4 68 0
4 0 100 3
1 2 56 3
3 2 5 1
3 2 22 5
2 0 -5 0
5 0 6 3
0 4 65 3
4 2 78 3
3 2 3 4
0 2 76 1
5 5 86 5
0 0 94 4
2 1 98 2
4 0 14 5
5 0 93 4
0 2 62 2
1 5 -4 5
4 1 64 3
0 3 36 4
3 5 74 0
5 3 13 4
2 1 21 4
2 2 61 5
0 0 99 5
1 5 30 1
2 2 35 2
3 3 53 4
0 2 63 5
3 4 44 5
0 0 20 2
0 2 -10 4
2 2 74 4
1 4 -7 0
0 1 14 1
5 5 54 0
2 5 25 4
4 1 25 4
1 2 -9 3
4 2 56 1
3 3 14 4
0 4 77 0
0 4 75 5
3 5 87 3
5 5 66 0
5 1 69 1
5 0 9 3
3 3 80 0
0 4 65 2
3 4 36 3
0 1 33 1
0 5 5 5
3 4 -6 3
5 4 -9 2
3 4 96 5
5 4 52 3
5 1 6 4
1 4 31 4
1 4 56 1
4 2 46 3
3 2 5 1
0 2 63 2
0 5 11 1
0 2 41 0
1 2 36 1
3 1 23 3
4 2 45 1
1 4 68 2
1 5 8 5
4 3 -7 4
3 0 55 0
1 3 84 0
0 1 -2 4
0 0 76 1
3 0 95 1
2 4 18 0
3 5 16 1
1 5 4 4
5 5 47 5
3 3 94 3
1 4 83 1
0 2 9 1
4 2 54 1
4 4 46 5
3 2 -3 2
3 3 52 0
2 0 12 1
1 1 3 3
3 3 17 3
5 5 37 3
5 0 90 4
4 5 82 3
1 0 -3 1
0 2 44 2
2 2 1 5
1 4 22 3
4 3 6 0
1 1 81 1
0 0 -6 4
4 1 31 0
4 1 24 4
2 0 6 1
5 2 5 1
2 2 71 0
0 2 80 2
2 1 31 3
3 2 54 0
3 0 21 4
1 4 75 3
1 2 83 2
5 1 78 5
1 3 33 5
5 2 96 5
5 2 71 4
2 5 -9 1
0 3 1 1
2 4 8 4
0 1 77 3
2 0 88 2
3 1 50 5
2 1 61 0
4 2 39 5
1 5 77 4
4 5 17 5
3 4 62 5
4 1 30 3
5 4 87 3
1 1 86 4
0 4 1 0
4 5 70 5
2 1 35 3
3 2 55 2
4 3 -3 3
3 1 42 1
3 3 41 5
1 2 2 0
3 5 12 0
2 5 0 3
4 0 69 5
1 2 27 3
5 1 85 1
4 0 33 5
0 5 87 2
2 3 0 2
2 5 44 0
5 0 66 5
2 2 3 4
5 5 91 5
0 2 31 4
1 5 28 2
2 1 37 2
5 4 63 1
5 0 37 2
1 5 86 5
3 3 14 2
3 4 3 3
4 2 16 3
0 0 25 3
3 4 62 3
4 2 48 4
3 3 -6 4
3 2 24 0
1 4 36 5
1 2 80 1
2 0 84 3
5 3 26 0
5 3 98 3
3 3 71 0
5 4 37 4
1 0 17 0
1 3 55 3
3 0 7 0
5 2 6 0
5 4 81 2
4 1 12 5
4 5 51 2
4 4 44 5
4 2 33 1
2 1 19 5
0 1 -6 5
5 5 58 1
2 0 59 1
4 1 25 5
4 4 71 5
5 0 46 1
2 5 66 0
1 3 1 3
2 4 28 0
0 2 76 4
0 2 62 3
2 2 5 0
4 0 10 0
3 2 78 3
0 0 18 2
5 5 65 3
0 3 83 5
1 5 17 5
1 5 7 0
4 0 43 2
3 0 38 0
1 1 52 0
1 4 15 4
5 1 82 0
3 4 59 1
2 4 -1 5
0 1 85 0
0 0 50 1
3 4 90 0
1 1 25 1
3 5 8 0
1 0 89 1
5 2 17 5
1 1 -7 0
2 2 15 0
5 1 -1 3
4 3 51 1
4 5 73 0
3 2 94 1
0 1 76 2
5 0 49 5
4 1 2 1
3 2 44 3
4 5 34 0
3 1 85 3
5 2 33 5
1 2 66 5
0 3 66 3
0 0 23 4
1 4 42 2
5 3 79 5
2 4 9 0
2 1 -4 1
4 1 76 5
0 5 64 4
0 0 33 0
0 5 18 2
5 4 70 0
0 1 12 4
3 0 5 0
3 5 79 1
5 0 70 4
2 2 16 0
5 2 5 5
5 4 24 2
3 5 -5 2
3 4 36 0
3 0 43 1
1 1 7 0
2 5 71 5
2 5 37 1
2 1 49 1
2 4 29 2
3 1 7 1
5 2 72 1
3 1 38 5
3 0 62 2
2 2 53 1
2 1 84 2
5 3 48 1
2 4 9 3
5 0 65 3
3 5 34 0
3 1 49 1
0 0 89 3
3 3 56 5
2 1 5 4
1 0 -2 4
3 2 86 5
0 1 53 2
3 5 41 4
2 4 79 2
5 0 93 2
1 2 98 5
5 1 -9 0
1 2 55 4
1 4 -8 3
5 2 33 5
4 4 75 3
3 2 26 2
0 3 54 0
0 2 15 2
3 1 14 0
2 5 42 4
3 5 5 4
2 4 87 2
0 4 -7 0
4 3 73 2
3 1 41 3
2 5 86 5
3 4 26 5
3 3 1 2
3 5 26 3
2 0 24 3
1 5 -4 2
4 4 45 3
3 0 -9 3
2 2 89 3
2 3 35 3
5 4 89 1
2 1 83 3
3 5 39 1
4 2 19 4
2 1 63 1
2 3 80 1
4 0 10 4
5 2 96 2
4 2 94 3
4 2 78 2
0 2 31 0
0 2 56 1
3 1 8 1
3 2 55 3
4 0 1 2
1 3 79 3
1 4 69 4
3 5 41 0
1 5 95 4
0 0 25 3
5 2 80 2
1 1 -6 4
3 2 55 5
4 0 57 5
5 0 25 1
3 3 51 4
3 2 -5 4
0 5 63 5
1 0 69 5
2 0 69 2
0 0 32 4
0 5 47 3
3 5 81 5
1 0 10 0
2 0 -8 4
5 4 25 1
1 3 -10 1
0 3 72 1
4 5 3 4
4 2 81 3
0 4 45 4
3 4 14 3
4 2 8 0
1 0 13 2
0 5 50 2
5 5 43 4
1 0 24 1
4 0 86 1
0 0 16 0
4 1 0 1
1 0 59 5
5 3 -3 1
1 3 7 4
5 0 6 5
1 0 84 4
5 0 13 1
5 5 57 0
2 0 62 2
3 1 94 5
5 1 10 1
1 2 31 4
4 0 86 3
4 3 20 5
1 3 14 0
4 0 34 5
3 1 43 5
1 3 70 0
1 2 61 5
0 0 33 2
0 0 -5 0
2 3 23 3
0 1 52 4
0 4 97 1
4 4 58 5
5 4 -2 3
1 2 94 2
2 1 90 0
1 1 47 0
2 2 78 3
2 3 58 3
1 1 62 4
0 2 8 3
1 0 17 1
0 4 80 4
4 2 64 2
3 4 1 0
1 2 86 2
4 2 84 2
5 4 10 0
5 3 88 0
4 0 53 2
5 4 29 3
1 1 95 4
2 5 33 2
3 4 -4 1
2 4 -3 5
2 4 0 0
1 3 9 0
2 1 6 4
5 5 71 2
5 5 63 3
1 0 9 3
3 1 65 4
1 2 58 1
5 0 49 3
2 5 72 1
5 1 69 4
4 2 89 1
5 3 13 0
0 4 96 0
4 2 13 3
1 5 -9 1
2 5 99 3
3 3 71 5
5 0 24 2
5 5 16 4
3 3 76 1
0 1 39 5
2 1 38 2
3 0 -6 5
2 3 1 5
2 2 59 3
5 4 58 2
3 3 12 4
3 2 84 1
4 1 7 1
5 0 38 2
3 5 -7 5
1 2 17 3
5 4 64 2
1 3 35 1
1 4 74 3
4 1 57 4
2 1 94 1
0 2 23 5
2 2 43 2
5 3 81 4
3 2 69 3
4 2 59 5
0 2 40 2
5 3 36 5
3 0 71 1
1 2 91 5
4 5 95 4
4 2 93 0
2 1 36 3
0 5 96 2
3 2 90 3
4 5 51 0
2 0 82 2
2 2 83 5
3 0 83 3
2 0 49 1
3 5 72 4
5 2 26 1
0 4 18 1
5 1 81 2
2 0 35 1
4 5 9 4
4 5 3 2
0 3 31 2
2 4 59 2
3 3 54 2
1 3 -1 0
1 3 20 5
3 3 55 3
3 4 7 1
4 4 32 2
0 3 2 3
4 2 70 0
4 1 -9 4
5 4 1 1
0 3 2 3
5 0 13 1
0 5 25 4
5 1 82 5
2 1 -7 3
4 4 50 3
1 5 90 0
0 3 -4 2
2 1 86 3
5 2 36 0
1 2 15 0
1 3 94 5
1 2 38 0
5 2 92 3
4 2 1 2
5 2 85 5
4 1 48 2
1 4 49 5
0 2 62 1
4 1 -2 4
1 4 40 4
1 2 -4 4
2 4 67 2
0 3 42 2
1 5 66 3
2 0 18 2
1 2 76 0
0 3 80 2
5 4 99 1
1 5 80 4
5 3 22 2
0 2 87 0
0 5 5 0
3 3 38 1
1 4 4 1
5 4 93 0
5 5 61 4
4 2 21 3
2 5 -8 4
1 5 46 2
3 0 81 4
1 0 36 3
