1 1 81.1273 4
2 4 71.0898 2
1 4 23.6632 5
0 0 67.9636 1
3 4 63.5628 3
5 0 72.6568 2
1 3 88.9661 3
1 0 20.5569 4
5 4 83.4837 0
4 5 68.2398 5
1 1 -3.0573 3
4 0 31.4209 5
4 0 43.0294 4
0 5 30.9655 5
3 1 81.7245 3
4 1 70.8135 5
3 4 96.1602 3
4 5 46.2739 5
3 4 52.9802 5
5 2 47.9783 0
0 0 36.6523 1
3 4 83.2323 3
2 5 36.3239 5
2 0 45.9852 4
2 5 25.045 4
3 0 3.4666 4
1 1 71.2637 0
3 4 52.7752 2
2 5 19.1035 5
4 2 75.0888 3
3 5 71.9324 1
4 4 12.6913 3
4 4 78.0032 2
1 4 -4.9445 4
3 3 40.6419 1
4 0 46.08 2
1 0 73.7279 1
3 3 7.4034 4
3 3 47.9766 2
4 3 91.8013 0
0 3 78.137 0
0 4 5.8871 2
3 1 -7.918 4
5 0 0.8338 2
3 1 38.7807 5
4 0 40.3811 0
3 1 0.1162 2
4 3 98.1821 1
3 1 42.1817 4
3 1 -7.6048 3
4 0 35.7288 0
1 2 1.4116 0
4 4 15.0953 5
3 0 91.535 3
0 2 24.0805 0
2 0 -1.7041 4
3 3 62.8439 1
2 1 16.2895 0
2 1 56.1632 1
3 3 -6.5849 4
0 0 6.7378 5
1 1 31.4318 5
5 1 11.2584 1
4 2 94.1374 5
4 0 43.4263 5
5 4 92.8188 2
3 5 33.1176 1
3 4 -9.7235 4
0 5 80.8419 5
0 5 90.1764 4
4 0 24.7978 5
1 1 77.9164 2
2 5 24.8236 1
3 5 2.0127 1
0 5 -7.7691 0
2 1 32.8596 0
1 5 94.932 2
2 1 35.6459 3
3 5 80.3262 3
4 1 41.2852 5
4 1 85.9447 4
0 0 77.1401 1
0 2 -8.3249 1
0 5 1.2994 3
2 4 63.0223 0
2 0 16.5588 4
2 0 -0.0206 5
5 1 38.8655 5
5 2 14.2794 5
0 4 39.3063 1
1 0 93.5836 0
0 5 99.3168 2
4 5 35.9388 3
2 5 11.4482 3
2 2 74.2709 0
0 2 -0.5255 3
3 5 14.7409 4
1 3 2.7133 3
4 3 92.5561 2
3 3 -4.1524 1
3 3 -3.0652 5
3 4 39.7938 4
2 3 67.6371 4
3 5 52.1157 4
1 0 96.227 1
4 2 84.0704 2
3 3 43.5374 4
3 4 73.3489 5
1 0 -3.2738 0
3 1 59.6862 4
4 3 60.1374 1
2 4 43.5414 0
2 2 51.2536 1
3 3 61.8463 1
3 0 97.0949 1
1 3 63.7744 1
4 1 -8.6345 1
2 4 50.0975 5
2 5 78.7743 0
2 1 20.4901 0
1 0 -7.7068 2
5 3 -8.4708 3
5 1 0.1192 1
5 5 8.7201 1
3 2 6.4084 5
0 5 93.0254 3
4 4 90.6955 2
1 5 77.7488 5
1 5 -9.4995 5
5 2 65.9887 3
0 0 21.4852 2
3 0 15.8788 0
0 4 91.9063 5
3 3 58.3582 2
5 3 81.5755 4
4 4 23.3544 3
4 1 16.3971 3
4 3 60.4482 4
5 0 52.1156 4
2 4 21.0044 1
3 4 87.1262 2
2 1 -7.2739 0
2 2 98.3368 3
5 3 -9.8666 3
0 5 82.8389 1
0 3 48.6295 5
1 1 8.1031 5
5 2 75.4961 3
4 2 -9.2856 3
3 4 58.3701 2
0 0 87.6801 2
5 2 7.9754 4
2 1 73.6737 3
3 5 37.0599 1
1 3 49.6442 1
1 3 74.0711 5
1 0 -8.2522 5
5 0 26.8823 4
4 2 63.0437 5
1 0 70.1207 1
0 3 86.8073 3
0 4 46.7021 3
5 5 77.9446 2
4 3 57.3902 5
3 5 19.6939 3
3 5 13.7226 0
1 4 25.1143 1
0 0 -4.4123 2
3 0 36.302 5
4 1 10.9747 2
2 5 33.1544 3
5 5 56.8832 2
1 4 13.8089 1
2 1 31.3857 1
1 0 25.3138 5
0 2 -3.5017 4
0 4 52.2728 5
3 1 61.7753 1
1 0 54.2672 5
0 5 50.5279 0
3 2 14.8209 5
4 5 19.9817 5
5 1 96.1603 4
3 1 50.2884 1
1 5 70.8878 1
0 3 53.464 2
1 0 68.1368 0
1 1 39.6674 4
2 3 2.1514 1
2 3 -4.6527 3
0 4 66.3687 2
4 4 80.3639 1
0 0 5.7267 2
1 4 53.3103 0
4 5 59.8672 0
1 1 80.9269 3
3 4 93.3234 0
2 0 21.5934 1
0 3 20.4613 2
3 5 0.1735 1
2 0 14.1613 1
5 3 2.0806 1
1 1 99.2511 2
3 2 68.2555 2
2 5 15.8684 3
2 3 57.4051 2
0 5 7.3367 0
3 0 18.8761 4
3 4 35.1806 3
5 5 44.8419 5
3 1 0.231 3
0 4 12.4496 5
4 4 36.5358 4
0 1 96.3133 2
1 3 97.437 0
5 3 71.0812 3
4 0 16.5353 1
2 0 -0.6792 4
3 4 12.0975 5
5 0 35.6773 5
0 1 67.6119 1
1 2 90.5685 5
0 5 21.3268 0
0 2 23.7896 2
0 1 79.7727 3
0 3 16.2637 0
0 4 -3.6223 2
4 5 13.1798 3
2 2 81.5846 0
3 2 29.2962 0
5 4 51.1114 2
0 3 8.3176 4
0 5 76.8804 0
0 5 62.233 0
0 3 32.5293 0
2 1 81.6961 5
1 0 60.4723 0
5 2 76.844 4
0 2 92.2768 2
0 3 57.1237 0
2 1 40.574 5
5 2 45.9244 4
3 1 46.2266 0
2 1 81.7683 4
1 0 28.4784 3
5 3 5.9459 3
1 5 24.7354 5
0 3 81.8243 1
5 5 -1.3433 2
4 0 79.0351 3
5 3 18.8193 2
3 0 21.7397 0
2 3 55.8235 2
3 3 67.6024 0
5 1 82.1406 2
0 4 57.7892 0
4 1 47.5252 1
0 2 47.4168 3
2 3 74.9518 0
5 3 84.2254 2
4 0 31.0327 3
0 4 39.5285 2
0 1 -0.4545 2
2 0 -4.7166 1
1 1 13.5371 3
1 3 63.776 0
5 2 50.0003 3
4 2 0.2464 3
1 4 66.4087 1
1 5 17.9836 2
2 2 83.9533 5
2 4 -0.2551 2
2 5 84.074 5
3 4 49.9258 5
4 3 74.7337 4
3 4 49.8464 3
2 3 2.0399 5
5 5 -4.5535 2
0 5 18.0866 1
1 5 8.0013 4
4 1 22.1641 5
0 1 50.1214 1
4 0 54.5996 2
5 1 47.2505 3
1 5 -5.4388 4
0 3 39.3602 2
4 2 48.0938 1
3 1 -1.0979 0
2 5 2.436 1
3 2 33.7607 3
3 4 42.4121 0
3 0 46.1202 1
3 5 39.5163 2
3 5 75.4385 1
5 0 54.315 3
0 2 98.1207 0
5 2 57.7896 5
5 2 89.8243 4
1 5 40.7443 2
0 1 20.8686 1
0 3 95.8145 0
2 2 94.343 2
5 1 68.5646 1
3 3 60.5837 3
2 1 3.6744 5
5 4 1.6209 1
2 1 45.9138 1
1 3 81.7225 3
0 0 21.6827 5
1 0 18.6401 3
4 5 54.7842 1
4 0 21.4257 5
2 0 11.2467 3
3 0 66.5283 3
3 3 59.9928 4
4 0 43.0477 1
3 2 36.4443 0
4 2 32.8308 4
2 1 99.4895 3
0 2 80.6778 1
2 5 98.5423 1
0 3 39.4618 0
4 5 52.292 2
0 3 60.7804 4
1 3 66.3396 0
5 0 58.7817 2
3 5 11.1072 5
1 2 60.7473 1
4 5 71.0809 5
5 4 8.2814 0
5 4 74.3509 3
5 3 1.8968 3
5 1 16.7028 0
3 2 24.0628 1
0 4 16.4478 5
5 3 24.3828 0
0 3 91.8081 4
4 4 94.7326 5
2 0 34.9705 2
4 2 61.1715 4
1 2 52.4116 0
4 4 84.7596 5
1 4 49.5302 2
5 5 55.2001 3
0 1 -4.223 0
0 1 32.3432 2
2 4 28.067 2
2 1 0.9415 2
5 3 97.3514 5
4 5 18.759 1
5 5 16.0422 3
0 4 83.6441 5
2 4 92.756 0
3 4 22.6961 5
4 3 27.0645 5
1 1 33.1655 2
4 4 9.2333 4
1 4 -9.8876 1
2 2 -5.4389 3
4 3 88.9501 5
5 0 43.7752 1
4 1 -6.6111 1
1 1 -1.2344 4
2 4 15.16 4
4 3 56.6262 4
4 2 47.8454 0
2 1 20.748 0
4 4 36.3398 1
2 5 77.9292 0
3 1 72.7507 5
2 5 95.0526 3
2 5 46.8527 3
4 5 79.8062 4
2 1 -1.6551 2
3 3 29.2001 1
3 2 81.6349 3
5 5 2.8371 2
0 0 40.7723 4
2 0 93.8553 2
2 4 31.507 0
5 2 63.6319 4
1 1 38.8006 3
4 3 88.8055 3
1 2 87.4613 2
3 3 7.8069 4
0 3 10.5666 0
2 4 49.5784 2
1 2 2.2291 1
4 2 78.4284 3
4 3 9.837 1
3 0 9.528 0
0 0 29.569 2
3 4 84.0449 3
2 2 39.4643 1
3 5 60.4429 2
0 5 34.9423 4
3 3 87.8115 4
1 0 78.2967 1
1 3 7.3398 2
4 4 8.5246 1
4 4 -3.5242 5
1 3 82.8461 5
2 5 -9.6977 4
4 2 91.8918 2
1 0 0.4287 0
3 4 24.5581 5
0 5 51.379 2
0 3 89.1233 5
5 4 58.7402 2
4 3 69.2227 2
4 2 19.1772 4
0 1 60.1018 0
5 4 55.7111 0
5 0 68.2421 1
2 0 64.4687 2
1 4 34.1893 1
5 3 49.123 2
0 1 8.0554 2
1 1 56.9277 5
2 5 80.4604 1
3 1 99.9516 4
2 3 1.1368 1
3 4 84.9412 1
2 4 0.4091 5
2 1 31.6675 2
1 2 43.6186 2
4 3 10.7508 1
2 2 21.382 2
3 1 69.6088 1
1 5 51.7088 0
1 2 31.5437 3
0 5 25.0177 0
2 3 49.6011 0
1 5 70.4768 1
4 3 4.3449 1
2 1 37.0341 4
0 5 -0.3844 5
1 0 20.0194 4
4 1 88.2071 5
3 2 40.8675 5
0 2 28.786 3
2 4 79.32 5
5 5 51.2642 2
1 1 98.275 3
1 4 33.2221 2
1 2 6.8289 1
2 2 1.6309 2
5 0 38.3338 1
3 2 12.0985 5
4 2 64.3666 0
1 0 88.8686 0
4 3 29.4095 3
1 0 78.0259 5
2 0 55.1943 1
0 3 83.0479 2
2 4 93.8662 3
4 0 24.1495 3
4 0 40.589 4
5 1 46.0575 4
3 2 13.6738 1
4 2 11.5641 0
5 3 6.3799 3
3 3 59.0573 2
5 4 0.9902 3
2 2 0.6301 0
4 5 7.3703 0
5 3 31.8478 5
3 4 -0.3614 2
1 2 41.4182 3
5 5 -6.6942 2
1 2 73.1459 5
1 1 19.8139 0
1 0 91.5199 2
2 2 24.6512 3
0 5 97.6542 5
1 3 39.3444 1
2 2 98.7129 5
4 0 -1.3038 5
2 1 1.2556 4
1 3 46.3394 0
0 3 94.9298 4
1 3 57.4967 1
2 0 22.4803 3
2 0 11.966 3
3 3 23.7568 4
4 2 69.7361 3
0 5 14.6329 5
2 2 65.5888 0
1 2 -6.4438 3
4 4 81.4571 1
0 1 37.8573 2
1 2 32.0957 4
2 3 -4.4463 4
0 4 67.195 5
0 5 36.2749 5
0 0 17.0857 2
3 4 69.6327 3
4 4 66.9556 2
3 0 11.9743 0
1 4 27.0066 0
5 0 30.3928 4
5 5 3.3657 2
2 3 54.9171 1
5 3 28.2719 3
0 4 51.837 1
2 0 23.2695 4
3 4 70.3653 3
5 1 9.5139 1
0 5 92.5157 3
0 1 23.7288 5
0 2 34.6517 2
5 2 8.0543 0
2 2 -7.7769 0
5 3 20.8906 1
3 2 82.5619 0
3 0 -8.3066 1
0 2 8.6805 3
2 4 84.8482 0
4 2 56.7885 1
5 4 87.187 4
3 4 35.1079 0
3 1 91.0178 0
3 4 86.2606 0
3 3 51.1075 3
1 1 48.849 3
4 1 30.1917 1
5 4 73.3746 4
4 4 64.8732 5
5 1 90.0599 2
0 1 26.1424 4
1 3 6.1558 3
4 1 92.676 5
0 5 18.6309 4
1 5 73.8227 3
2 5 -9.4696 2
2 5 -2.6964 3
2 5 9.3979 5
0 5 82.5749 3
1 0 16.7115 1
1 1 26.2508 1
4 1 7.2758 4
1 5 34.3113 2
1 5 71.3315 4
2 0 24.3731 0
0 5 26.179 0
0 1 98.0843 1
3 4 57.3683 2
1 5 42.7748 2
3 3 71.4713 5
4 3 96.6895 4
0 1 42.404 2
2 1 84.8295 4
2 2 65.2886 2
5 0 -5.8858 5
1 0 5.0973 1
0 3 60.2494 0
4 2 16.674 0
0 1 89.4017 1
4 5 16.6882 2
2 4 0.0493 1
2 5 24.5515 3
2 0 77.3976 5
3 2 43.6029 5
3 4 44.4381 2
0 0 25.4643 1
4 3 58.2376 0
2 5 4.1997 5
2 0 30.2626 0
4 0 0.679 3
4 1 95.4946 0
3 4 5.3525 5
0 4 97.8067 1
2 3 10.386 4
2 4 41.9648 1
2 0 64.5418 4
2 3 14.5138 4
0 4 49.0169 0
5 3 67.4625 2
0 0 74.3682 5
2 2 48.9243 3
2 2 84.5407 4
3 4 84.0818 4
2 3 64.6539 1
1 4 37.6327 2
0 3 17.3598 5
4 1 13.7264 1
4 1 72.9505 1
1 0 60.7037 4
0 0 63.9425 1
4 0 88.556 5
3 1 31.8657 0
4 3 53.1493 4
2 1 62.7594 5
2 1 37.2667 2
4 1 47.469 5
4 4 9.2203 0
1 0 49.2785 2
5 3 37.1052 2
4 5 54.9329 3
1 3 56.8081 3
0 4 -5.5708 1
0 2 69.1703 0
4 5 92.1236 3
5 3 71.9219 5
5 2 82.527 4
1 1 29.1731 5
5 2 15.3319 0
1 2 -5.3288 1
2 5 76.7812 3
5 2 15.1845 1
5 2 90.154 1
3 1 86.8348 5
0 5 47.8821 5
4 2 29.0534 2
4 4 89.5764 2
1 4 35.867 5
3 1 60.1215 1
2 0 35.5836 2
0 0 78.2866 2
1 0 40.7677 3
4 2 94.5393 4
1 3 37.2856 1
3 4 70.7502 1
0 4 79.3855 0
1 0 91.4274 1
0 5 53.668 4
0 2 38.6369 5
1 5 23.244 4
0 3 80.726 3
3 2 -9.1621 4
0 2 18.969 2
4 4 78.9535 5
2 5 3.9659 0
1 1 50.9446 2
4 2 3.5836 3
0 4 -9.2626 2
3 1 57.2102 1
0 3 10.105 2
4 3 90.0864 3
4 5 88.8408 4
0 2 13.9051 0
2 2 26.8585 4
0 0 9.6132 4
4 1 26.8827 4
3 4 55.0638 4
2 4 27.9658 0
2 2 50.6269 5
2 5 55.2314 1
5 0 3.1944 4
5 5 21.585 3
5 2 99.607 4
5 3 44.7212 3
5 3 83.6312 1
5 5 76.8305 1
1 2 28.8317 0
0 4 83.0529 5
1 4 6.2067 4
0 0 48.3716 0
2 1 -4.2184 3
1 1 66.8332 4
0 2 95.0406 5
2 2 80.0049 0
4 0 16.8726 1
5 5 86.8104 0
0 4 67.1187 2
3 5 56.4872 0
0 1 12.7729 4
2 2 83.4348 5
5 0 76.4441 1
4 5 55.1852 0
3 5 64.3334 0
3 5 55.5552 0
3 5 5.3368 4
3 1 92.5357 2
2 1 78.0016 1
0 0 86.7906 0
1 2 26.3749 1
3 2 -2.0138 0
1 3 42.5229 0
0 2 16.4775 1
1 3 76.4142 2
4 2 94.7082 1
4 4 2.2201 0
5 1 15.0378 2
5 3 97.5154 2
5 1 78.9425 2
0 3 8.1297 5
4 3 79.0431 2
2 0 17.3209 2
3 5 36.584 3
2 3 40.849 1
5 5 29.1534 0
4 2 25.4185 1
3 1 49.4716 4
0 5 88.3099 2
5 4 83.9763 0
1 4 7.4617 2
2 4 21.9292 4
5 5 54.9535 5
4 0 73.3167 4
4 2 46.1561 5
5 3 53.4681 4
0 0 76.9561 0
1 2 76.2145 2
0 3 61.2544 0
2 0 58.4761 4
1 1 88.279 0
0 4 15.6137 5
3 5 86.4587 5
0 4 60.2958 4
3 0 34.9697 3
0 1 0.7784 1
5 5 8.3532 1
0 0 71.7233 5
2 4 62.6383 1
3 4 24.6006 3
2 1 72.2866 2
4 0 42.505 1
0 1 40.8716 1
5 2 98.5029 1
5 0 50.6814 3
1 1 48.5167 2
2 5 19.5481 5
3 3 86.4551 0
4 4 34.9529 4
2 3 71.8494 2
4 5 80.1216 3
2 0 20.1537 2
5 4 16.9847 0
4 2 51.3065 0
2 1 77.3904 2
1 4 47.8218 0
3 1 55.3721 3
0 0 23.6283 1
4 1 78.9951 1
0 3 90.3453 1
1 2 13.9786 3
2 4 4.4962 3
2 4 42.3368 5
5 0 43.1884 2
5 4 68.3386 0
0 0 64.6456 5
2 2 55.1634 4
4 5 44.2582 1
3 4 22.3264 2
2 0 35.508 1
1 4 38.805 1
2 3 80.246 3
0 1 29.5921 1
1 1 0.2462 5
5 4 94.1415 2
2 4 88.9318 4
5 2 26.1669 2
4 5 89.353 3
4 1 -4.2467 4
4 1 75.2918 1
0 0 76.9155 1
3 0 42.6668 4
2 3 77.5115 3
5 2 18.2354 3
4 2 94.3055 2
5 1 11.7582 2
0 4 86.0873 1
0 4 70.1553 3
0 2 61.218 5
2 4 30.0113 2
0 3 90.3671 4
5 5 5.5067 4
1 1 95.1602 2
0 0 42.2206 2
3 1 8.199 1
2 1 96.6828 5
0 0 44.2326 4
5 3 82.5182 0
1 2 95.0922 2
2 0 21.2195 2
3 1 72.9487 0
1 2 96.2651 1
5 2 28.2627 4
5 0 74.6886 2
3 4 61.6132 5
0 5 -2.8094 4
0 0 -2.8021 3
2 0 -2.9838 4
2 1 65.5274 2
3 3 53.8501 0
2 1 -1.1524 2
0 1 20.8539 0
1 4 59.1885 0
4 3 55.8118 2
0 5 9.7053 2
1 5 53.1106 0
1 4 87.0667 3
0 4 83.1785 4
2 5 53.2639 0
4 5 95.6 1
3 0 48.2392 4
1 3 72.6206 0
4 5 66.5417 3
0 2 56.3186 2
5 1 81.3439 5
0 2 42.6566 5
0 0 3.3682 3
4 5 89.6094 5
5 2 32.5148 1
4 0 95.4569 2
5 2 96.2886 1
0 2 73.5781 4
4 1 39.0926 2
4 4 -0.3368 5
4 1 28.9823 0
0 3 55.555 5
1 4 99.5472 4
3 5 83.0844 3
2 5 95.6122 3
4 4 24.17 1
3 3 77.1115 4
4 5 -5.755 0
3 2 23.6221 0
1 4 56.8015 2
2 1 -8.509 5
0 3 19.6067 1
2 0 17.7868 4
0 1 64.3376 1
2 0 0.8137 4
1 1 62.0131 2
0 2 25.2647 3
5 5 57.7963 4
2 4 15.5278 3
4 0 91.4613 5
0 2 78.3022 3
4 4 44.0781 0
5 3 76.9902 0
5 1 9.2177 0
2 1 91.6565 3
2 3 97.7273 1
5 4 98.4263 3
0 2 2.3597 4
5 2 78.5719 3
0 1 87.9091 2
2 1 90.578 5
0 2 16.1298 5
4 2 50.1389 2
1 4 81.8292 5
1 4 18.9202 1
3 4 16.3603 1
3 3 0.5583 3
2 1 25.9963 2
2 0 51.9927 5
5 0 53.4726 0
0 5 95.0146 3
5 1 0.0059 3
4 1 48.0902 2
4 2 73.3466 4
1 5 30.3681 1
0 0 45.2066 4
1 2 37.9811 4
4 0 23.6499 5
3 5 90.2823 0
3 0 -9.918 0
4 3 51.6496 5
1 1 73.5156 3
5 4 85.6426 2
3 3 22.7922 5
0 0 34.7152 2
4 2 32.0725 0
2 0 67.8247 1
2 5 75.8441 5
4 1 35.073 5
0 0 53.8711 2
3 1 30.8511 5
0 3 83.2252 3
3 3 94.1993 2
5 0 75.9341 2
5 1 68.2066 0
5 2 -3.8228 5
3 3 5.4847 4
1 1 -9.806 0
5 2 66.8457 0
3 4 46.1238 2
0 3 -8.6768 4
2 3 47.7127 1
4 5 40.3665 2
0 1 26.7784 5
3 1 8.3216 1
0 5 46.0953 2
4 2 44.55 5
0 5 7.9611 4
5 5 22.5201 3
2 5 66.0992 1
0 5 62.8868 4
1 5 58.7271 2
1 1 -5.7967 0
3 4 53.5729 2
5 0 44.9154 5
3 3 69.1583 3
0 0 75.5528 2
5 3 11.3986 4
2 0 -5.4211 2
2 3 83.4059 5
2 2 56.9776 0
1 5 87.6701 0
0 3 55.3155 0
2 3 4.463 2
3 0 42.6038 4
4 0 28.3716 4
3 2 17.1331 0
5 0 30.7658 1
1 1 45.2864 0
2 0 86.7602 1
2 5 71.2824 1
4 0 14.8093 5
2 5 19.4424 3
5 0 22.488 3
0 5 97.2119 2
3 0 53.9748 3
3 1 81.3338 0
3 4 43.8767 5
2 3 21.402 3
4 5 94.2056 4
4 3 -7.6324 3
0 0 88.4528 0
0 0 34.5085 4
4 0 79.4398 0
4 5 78.2336 1
2 4 56.2851 0
1 2 35.512 3
0 4 68.0193 0
1 1 79.4367 3
0 0 14.0715 4
1 1 92.8345 3
4 4 93.0739 2
3 2 96.6007 3
4 4 6.035 4
4 2 45.8277 5
5 5 14.1967 3
2 1 54.2842 4
3 4 23.5353 2
4 4 71.1825 1
3 0 18.3558 4
0 1 37.2765 1
0 3 20.8614 5
0 5 11.7566 0
5 3 12.8656 1
5 0 93.3891 5
2 1 93.8081 5
1 0 52.838 2
2 2 6.6947 4
0 2 11.2061 2
0 5 93.7866 4
4 5 4.8598 1
4 2 48.5058 5
1 1 94.5947 1
1 1 24.8214 0
3 1 94.944 2
0 0 48.0087 0
3 2 90.9411 0
1 0 90.7252 3
0 3 98.4925 3
5 1 -6.7169 1
0 3 -9.6223 0
2 4 10.82 4
1 5 55.738 2
4 2 88.1825 4
2 0 7.8393 0
0 4 33.3219 3
2 2 5.4702 2
0 0 32.8325 3
3 0 26.6203 2
1 2 75.2997 4
2 2 92.0591 3
3 0 87.7836 4
2 4 87.4253 4
3 1 45.9618 4
0 4 80.933 3
5 2 30.256 5
2 1 -1.6038 4
1 2 48.9383 4
0 3 94.1072 1
5 0 59.1215 4
1 1 98.8701 5
3 1 75.9868 5
4 4 47.6279 3
1 4 56.3331 0
4 3 58.2268 4
0 2 31.4233 0
0 4 69.4548 5
2 2 19.33 1
2 5 69.1812 3
2 2 -6.1058 1
1 1 6.5468 0
0 2 -3.7771 4
0 0 64.7302 2
4 1 9.9061 3
0 3 42.5482 2
0 3 1.75 0
1 4 15.6296 2
0 4 79.5958 1
3 1 27.6612 5
0 2 38.1997 5
