0 0 19.3561 4
5 0 64.7368 1
0 4 10.8453 5
3 5 32.6759 0
1 1 56.4265 5
3 5 38.5903 2
0 4 50.864 3
1 3 -4.1806 3
5 4 5.9401 1
5 3 72.3898 4
0 5 49.3789 5
3 5 13.6441 1
4 1 66.0678 3
0 2 44.8168 1
1 1 31.3725 3
2 3 55.5104 3
4 2 91.8873 3
4 5 23.4249 3
5 2 92.8836 2
2 3 11.997 2
4 3 31.0718 1
4 1 33.7737 2
1 3 -1.0487 2
1 1 95.0649 2
5 5 19.477 0
0 3 59.1796 5
5 1 13.6841 2
1 4 67.0384 2
2 2 34.5853 3
5 4 92.9473 4
3 1 64.8854 1
2 4 98.4456 5
1 2 22.0089 2
3 0 64.1847 5
5 5 88.5132 0
3 2 4.1683 2
5 3 -2.1682 4
3 3 65.1164 4
1 1 14.7202 2
4 3 65.1144 3
1 5 34.6229 1
1 2 11.4175 4
4 4 6.9677 1
2 2 -4.3925 0
0 5 -0.6066 1
5 3 56.5548 1
1 4 81.1589 0
5 4 -7.2205 3
5 5 63.5429 3
4 5 29.8262 0
5 4 96.5577 0
5 2 5.6356 2
4 4 82.6743 3
4 3 81.3801 4
3 5 72.5647 3
1 5 43.3615 0
4 1 27.8672 4
5 3 16.8142 2
4 1 86.0657 4
0 2 1.9419 2
1 3 3.2761 3
0 5 94.8907 1
0 0 -4.455 3
5 2 87.796 3
2 1 78.6457 0
1 5 1.0422 2
3 2 49.4317 2
5 3 48.2274 4
2 2 16.4618 0
2 5 56.5408 5
4 2 23.1868 4
2 3 35.5416 4
2 5 27.7879 3
2 5 60.0252 1
0 4 90.2739 3
4 5 -3.1888 0
3 2 46.2285 0
0 0 42.2629 2
2 4 12.0752 5
2 5 -1.1126 0
2 5 -9.3698 2
1 1 56.2351 1
1 5 -7.3066 4
4 5 54.8323 3
1 4 41.1266 4
0 5 33.645 2
3 2 -1.4067 5
0 1 24.4622 3
4 0 46.8966 4
0 5 99.4243 4
0 1 38.2429 3
5 4 30.1719 1
5 0 56.8741 4
4 3 82.1992 5
0 0 -3.0847 5
0 2 33.0926 5
3 0 80.2822 2
0 2 5.408 0
5 1 37.4917 4
5 2 27.7077 4
0 2 -1.2255 4
0 0 32.0755 0
3 0 21.9293 3
0 1 53.8227 1
1 1 4.8361 2
1 2 -3.3502 4
4 5 14.2911 0
0 0 49.4999 0
4 4 58.2256 0
1 5 58.3851 4
4 1 -1.1831 2
5 4 -7.4567 0
1 2 31.6795 2
2 0 20.9611 4
5 2 53.8702 3
5 3 47.7976 4
2 2 -1.5962 0
4 2 87.5067 3
1 5 24.531 2
2 0 92.3919 5
3 5 58.7727 4
4 0 6.7571 3
4 3 47.4021 5
0 0 -2.3744 4
4 4 20.6261 3
5 4 20.1843 2
1 0 41.9907 5
1 1 32.8328 5
0 1 88.3956 0
3 5 21.5213 1
1 5 91.4001 4
4 4 54.6277 4
4 2 16.057 1
3 0 70.4814 0
5 5 -2.2567 5
1 1 72.5997 3
3 3 -6.0822 1
2 0 -3.3387 5
5 4 -8.1271 0
1 1 22.7959 4
3 4 66.4584 0
3 3 30.895 4
0 4 24.5319 4
4 0 86.9382 1
4 1 19.6089 5
5 1 48.3827 1
1 5 9.564 4
5 5 37.1528 5
1 0 25.3419 5
0 0 21.2522 1
3 2 0.5307 5
4 4 64.4049 3
5 3 30.1373 3
4 2 35.2112 3
5 5 -5.4549 5
3 5 91.3409 2
1 1 -2.9615 2
5 0 82.31 2
2 5 -5.7231 1
1 2 97.2489 0
3 5 41.8805 5
0 2 75.646 4
1 1 84.1927 5
1 4 0.2748 5
2 3 71.6848 1
5 5 3.7375 2
3 5 56.495 4
1 3 39.8354 3
4 5 71.0474 0
5 5 55.5644 4
4 0 76.8888 4
0 2 0.8552 5
1 5 -7.154 0
5 4 50.5036 1
0 3 6.9583 4
1 2 20.4335 5
3 3 54.4906 5
0 5 52.3205 3
0 1 -5.2428 2
1 4 73.5273 5
5 3 5.1711 2
0 1 24.9262 5
3 5 75.4277 1
5 4 -3.4033 0
5 3 92.9576 2
0 5 85.6456 1
2 5 49.5476 4
1 0 84.0847 1
5 2 81.7177 0
3 1 45.0287 5
1 1 7.5245 5
4 1 81.802 5
0 2 23.3742 1
4 3 9.0613 5
3 0 2.7931 4
2 5 71.5884 1
5 3 60.0759 2
4 2 76.7657 1
5 4 42.443 3
5 4 69.4332 5
3 0 -6.929 4
5 1 99.1307 1
4 4 23.7001 5
0 4 31.5577 2
1 1 12.9459 3
1 2 90.3879 4
4 3 -7.6003 0
1 0 37.177 0
3 2 55.6372 2
0 2 -2.4249 5
5 1 19.5375 5
4 2 62.2594 0
0 1 95.6544 1
1 5 17.9537 3
3 2 15.0545 0
0 4 63.3082 3
1 2 -7.3602 4
2 3 87.2859 5
2 5 2.1792 1
4 4 55.0826 5
3 1 77.9599 0
1 2 44.297 0
2 4 39.1742 4
3 5 21.6332 0
4 0 25.3107 0
0 2 -6.9803 1
0 0 26.3902 2
1 5 87.4693 4
3 3 80.9855 4
1 4 9.2377 1
1 2 25.0521 0
5 2 56.8496 0
0 5 76.0421 2
5 1 76.5064 5
0 0 57.7708 4
5 0 42.1272 5
3 2 83.8729 2
1 3 80.5868 1
5 0 -4.9449 5
2 2 98.2367 0
2 1 67.1288 4
4 2 22.6702 4
4 5 75.6772 0
5 3 66.0199 5
2 0 5.0511 0
4 4 46.8966 4
0 2 84.108 0
5 5 42.7669 5
5 5 25.6192 3
3 3 51.7488 3
2 4 3.8147 1
1 3 8.063 3
1 0 38.3134 0
1 3 22.8401 4
2 3 89.9389 3
5 0 95.4966 0
0 4 89.4095 3
0 4 7.3976 1
4 4 3.2815 0
4 4 49.436 1
5 4 25.66 0
5 3 38.9467 0
2 4 52.5865 5
2 3 8.0396 4
4 5 96.8718 2
4 0 58.9854 3
4 0 24.8361 3
2 4 3.3119 1
3 4 69.0993 2
2 2 96.3662 4
0 3 57.5077 4
2 4 87.9967 3
0 3 86.748 3
5 5 -5.7366 3
5 3 72.3875 1
2 5 -8.6097 1
2 3 74.0289 0
0 0 -3.0295 4
5 1 43.0393 2
1 2 45.015 3
1 3 15.3147 1
0 4 9.46 0
5 3 67.2776 3
0 5 -0.7195 4
2 4 36.2078 1
5 3 98.8154 0
1 0 44.1913 1
5 4 81.0179 0
0 5 0.2988 4
1 5 79.8864 1
2 1 85.5096 0
0 4 82.264 4
2 1 20.5414 0
3 5 40.2984 0
4 1 91.6829 5
2 3 44.2146 1
1 1 69.8374 3
4 1 55.918 4
0 3 1.5438 2
2 4 5.9056 1
5 2 4.4763 0
0 3 7.471 5
5 1 -9.3451 1
3 2 6.7424 2
4 4 52.0245 3
3 4 38.8397 1
3 0 36.8276 3
1 5 -6.6281 3
2 4 13.4699 3
3 0 66.6798 3
3 5 93.7001 3
5 1 85.3628 3
0 5 84.8378 0
5 1 45.1032 5
2 4 55.2293 4
3 2 18.7432 2
0 5 -4.6045 2
5 5 4.167 2
3 3 53.9703 3
0 3 7.8154 3
0 4 60.8076 5
0 5 43.3965 0
2 0 45.7308 3
5 5 68.1862 4
3 1 11.0185 4
1 4 25.6645 5
5 2 49.7992 2
0 4 6.7742 4
1 1 27.5844 1
0 0 38.2285 3
2 3 51.5847 5
0 0 19.4784 0
0 4 45.5066 5
4 2 56.1714 1
2 4 62.8072 3
1 3 51.8196 2
0 4 -2.5954 0
2 0 11.9517 3
2 4 38.3797 1
1 3 9.9859 0
5 0 -0.9725 2
1 0 71.4174 1
4 5 62.7144 0
1 1 43.4205 4
4 1 15.9854 3
2 0 2.3875 5
2 4 73.0502 0
2 1 53.0197 1
2 4 -5.3353 4
1 1 83.2349 5
2 5 90.9327 4
2 4 41.2788 3
1 0 41.6036 3
4 1 54.7704 5
0 2 62.7804 3
2 3 21.4155 2
2 1 26.4806 3
1 5 2.1408 1
1 1 97.1571 4
4 5 4.4632 2
3 5 7.8693 0
2 1 -0.3387 5
1 5 38.2081 4
0 0 40.1427 3
0 4 72.6148 0
4 2 79.1997 2
2 5 61.13 4
3 1 97.7104 3
0 2 41.8076 1
1 1 32.5279 0
1 5 91.1816 0
5 1 53.0302 5
2 2 68.4374 4
0 5 20.5795 0
4 3 16.829 1
4 3 17.1765 4
4 5 -2.5653 4
3 2 9.8305 5
3 1 55.8762 1
2 4 91.4592 1
5 0 -6.5384 1
3 1 84.1404 5
5 5 84.6639 2
4 3 79.1962 1
4 4 58.9003 0
4 0 3.0383 1
2 2 67.8788 0
4 3 15.98 1
5 2 24.5966 5
3 3 98.7046 0
4 1 92.7789 0
2 4 19.8177 3
5 1 -4.6217 2
0 2 42.8316 1
4 2 40.455 3
0 0 45.9343 5
3 3 61.5733 4
2 2 69.4649 1
3 4 41.5778 5
3 1 92.689 2
2 3 56.2692 0
2 1 -9.9208 5
2 1 78.3404 0
2 3 98.8682 5
0 4 43.387 0
4 2 82.054 4
3 4 40.6208 0
1 1 72.8617 0
4 3 87.7674 4
5 3 35.1194 3
3 3 -8.1245 3
4 2 27.726 1
2 2 94.2609 0
4 2 48.0206 4
5 5 7.4737 1
3 0 96.5454 1
2 0 -3.726 2
0 2 55.4256 0
3 5 -9.5748 4
5 1 72.5634 1
1 3 -8.3954 0
3 1 57.3604 2
0 2 85.3177 2
0 0 65.4962 2
0 3 54.9258 2
2 1 50.9671 5
3 3 31.8488 0
4 5 54.5644 2
3 4 49.383 0
1 4 9.7372 2
2 4 47.1095 4
0 5 75.0429 0
4 0 33.6688 4
3 5 -9.163 0
4 1 82.0795 3
4 1 68.1689 3
4 5 89.2571 4
0 1 86.9704 1
2 3 -1.251 3
2 2 27.9029 2
4 3 80.8434 0
5 2 35.4082 2
3 2 7.5996 4
5 1 97.8788 0
4 4 96.7791 1
1 3 92.9792 4
5 3 86.5515 4
2 0 35.3165 4
3 2 60.0546 5
4 0 32.4041 1
2 3 48.4107 2
1 0 65.7334 1
0 2 85.1448 5
0 2 -4.0572 3
2 3 10.1092 2
0 0 -5.6633 4
0 0 43.2011 0
3 5 74.8981 5
2 2 75.618 4
1 2 -8.0956 4
0 4 37.2768 0
2 3 33.5779 0
4 1 24.5184 1
5 5 74.912 0
4 0 6.933 4
2 3 15.9997 2
0 1 9.3554 5
2 0 28.3635 5
3 0 45.4616 5
1 1 50.6393 2
1 1 27.2039 4
0 4 38.4109 1
4 2 46.8643 3
5 4 24.9226 0
2 1 14.7248 1
1 4 43.802 5
5 3 25.1083 2
0 2 50.405 5
5 1 50.0791 4
3 4 98.1259 2
5 3 98.8323 4
5 4 57.9572 1
3 5 24.9118 0
1 1 59.5166 3
0 3 40.3291 2
5 4 29.2372 4
4 5 30.7843 3
0 2 74.2515 1
4 5 29.3314 4
5 0 29.1341 1
0 0 -9.7579 2
1 3 85.8949 2
1 4 43.6901 3
3 4 75.5119 0
0 3 91.0791 3
1 4 54.9342 3
1 4 16.6066 1
3 2 47.3882 3
3 4 70.3575 2
4 5 3.3693 0
3 1 99.3269 4
0 0 40.4605 5
4 2 32.1071 3
4 4 60.5169 2
1 3 67.6254 5
4 0 -0.7069 2
3 2 -5.3792 3
2 3 9.1122 0
1 3 50.6056 2
0 5 27.7667 2
3 3 20.8786 4
1 0 48.7347 1
2 5 85.953 1
4 5 7.0202 1
1 2 20.6085 5
1 4 70.2832 3
2 1 86.166 0
5 0 40.0454 0
3 2 59.432 1
4 3 26.4258 2
5 1 17.1747 3
4 1 73.6113 1
5 0 39.2919 4
3 4 31.5302 1
2 2 76.7012 5
5 4 92.869 1
2 3 24.5452 1
3 3 99.7963 1
5 4 41.3081 5
5 2 72.2413 5
1 1 79.3342 2
0 2 38.8992 2
3 3 5.6023 0
0 5 59.6324 2
0 4 98.2562 4
0 0 13.5555 0
1 1 89.9169 4
2 3 -8.5076 2
4 4 87.9543 5
5 5 26.5259 3
3 3 13.8161 5
2 1 13.5255 0
0 1 71.5473 1
1 4 0.6368 5
3 3 70.7125 5
0 5 34.1509 3
4 1 47.4518 5
3 1 53.4408 4
5 0 -0.2248 5
2 1 89.1661 5
5 3 84.453 2
1 1 30.1502 1
1 2 12.3054 4
4 2 44.6905 2
0 1 7.9656 2
5 3 42.9056 0
4 1 14.2766 3
5 4 42.8096 2
0 0 28.9687 3
5 1 88.844 0
1 0 43.0091 1
2 2 44.3715 2
3 0 40.8438 5
4 2 9.861 5
1 5 56.4447 5
0 0 99.4243 3
4 1 7.8232 1
0 3 8.407 3
5 3 43.6016 0
2 2 20.8513 2
3 1 72.7012 4
2 4 12.889 4
1 3 41.9 5
0 4 71.4262 2
5 3 64.1834 1
1 1 79.7774 5
5 5 90.4977 4
0 2 -1.6957 3
5 1 58.3839 3
2 1 3.7961 2
1 2 10.7715 5
1 2 93.9642 4
3 3 31.8211 0
5 4 93.1326 4
5 1 61.337 5
3 2 45.3257 0
5 2 47.0942 0
5 2 -3.3342 1
1 0 66.294 5
3 1 36.9558 1
4 1 -0.6642 5
2 2 85.0513 1
0 0 64.0086 4
0 0 84.4203 1
5 2 86.06 0
0 3 36.2401 5
0 2 17.1303 0
4 0 96.6763 5
0 4 54.2582 0
2 2 93.2071 4
1 5 76.9261 3
4 4 38.7283 4
5 4 -9.3677 1
4 3 7.2129 5
3 0 98.1159 5
1 5 44.3547 3
2 1 57.0131 2
0 1 92.3115 1
2 0 40.5478 2
3 3 34.4264 5
0 3 4.0014 1
4 4 68.5026 1
5 5 80.5803 4
2 5 43.2402 5
5 0 61.7764 2
3 0 76.0341 4
4 5 -9.0799 1
3 0 10.3986 2
5 5 -6.5797 4
0 1 90.1769 4
3 3 8.4991 1
5 3 62.0709 3
0 4 64.4097 4
3 0 39.0182 1
1 3 54.59 0
0 4 3.5681 5
5 1 65.1137 3
2 0 33.2637 3
5 0 45.8927 3
1 3 42.2668 5
3 3 29.5401 0
1 1 21.4566 2
4 0 68.892 3
1 1 61.0081 3
1 2 80.8207 5
3 2 78.1734 3
5 4 93.3536 5
3 3 4.1896 3
1 4 51.7211 4
2 2 -0.4628 0
2 1 41.1637 5
3 4 92.088 2
4 0 -6.3641 4
0 0 -8.9823 3
0 5 70.8061 0
5 2 97.0927 0
0 2 90.5707 1
3 2 80.5009 4
0 2 24.2054 2
4 2 85.494 1
2 5 -5.8633 5
3 0 72.2856 4
4 0 15.5809 5
1 2 59.3265 0
5 3 42.5756 2
0 1 4.2056 1
5 2 40.3162 2
2 1 19.5799 5
2 2 42.4851 2
0 5 92.6714 5
1 1 73.1073 4
5 3 89.4396 0
5 1 12.4887 0
4 5 34.4391 3
1 3 -8.7401 0
2 1 55.0544 5
0 1 81.9519 1
0 1 45.0522 0
4 5 34.4198 2
0 1 92.4249 0
1 3 3.3306 4
1 1 29.1615 0
4 5 87.5174 1
1 3 84.6733 0
2 2 82.4871 0
5 4 88.9402 0
0 2 84.4045 5
1 2 62.3229 0
0 0 34.3164 4
0 3 15.4137 1
4 4 -8.1429 4
2 1 70.042 3
2 3 -5.0471 2
1 1 61.5315 2
0 3 45.3569 1
1 3 9.3301 2
0 0 61.1841 3
4 0 7.8199 3
2 4 71.0347 1
2 1 63.7032 0
5 0 33.1933 4
1 3 28.0721 5
5 5 89.8161 3
5 0 27.7515 5
2 4 34.0133 5
5 0 -9.6331 3
0 0 32.0756 2
3 0 13.7812 1
3 4 62.0648 0
2 0 37.2113 5
4 0 35.8248 4
4 2 82.1385 3
3 4 58.3168 3
0 4 28.7994 1
0 4 11.5575 1
3 4 93.5009 4
1 2 -9.9599 3
1 2 -6.4459 4
1 5 30.869 1
5 0 -4.1057 1
5 1 33.197 3
0 5 24.3874 3
1 1 90.8687 1
2 3 82.9831 4
3 2 16.0209 3
4 5 11.5008 1
0 5 3.7034 4
3 1 -4.1089 4
0 2 95.2681 4
0 0 27.7809 3
3 2 57.8047 5
0 1 77.948 1
1 3 41.752 4
5 3 4.2122 1
0 4 68.9546 3
3 5 38.4286 4
4 4 74.9576 5
4 1 58.2858 5
2 0 86.6113 3
5 3 3.82 5
5 4 78.5672 0
3 4 4.393 4
4 4 39.1725 5
0 3 40.7531 3
0 3 11.3977 5
5 5 35.0076 2
5 0 63.0992 0
2 1 13.7098 2
4 4 87.7392 1
1 4 30.9666 4
2 5 25.8989 4
2 2 12.9453 4
4 5 93.0016 4
0 1 21.2255 3
2 3 86.8255 5
2 3 23.7537 2
4 4 81.6152 3
4 4 69.3427 1
5 0 -9.6386 2
0 3 33.1766 2
5 5 82.2209 2
4 4 16.3437 4
4 5 73.1589 3
2 3 4.6298 5
4 5 54.8707 1
5 0 29.8272 3
2 3 99.4139 5
0 4 48.4063 1
4 3 93.8948 5
2 3 41.5287 2
3 2 77.8728 0
4 3 35.9935 0
5 1 -6.6547 1
4 0 0.5568 5
4 0 63.8405 2
2 1 58.2829 1
5 0 98.002 5
2 4 87.734 5
0 3 19.8592 1
0 0 9.6405 2
3 3 72.7883 4
4 1 67.7798 5
5 3 34.4278 3
5 2 39.8128 1
0 5 36.8692 0
3 0 89.1994 1
5 2 35.2433 1
2 3 12.4556 4
3 4 68.6679 2
4 0 9.9641 4
1 1 -3.8429 0
2 2 84.4034 0
5 4 55.0773 1
5 1 85.1076 2
5 2 29.8023 3
3 0 84.1051 4
4 2 94.2542 2
0 2 60.8528 0
1 1 26.8124 1
0 1 18.2157 3
2 1 75.227 3
0 5 61.5964 4
0 5 76.2935 2
3 1 21.9282 5
4 1 52.1622 0
2 1 76.4052 0
4 2 30.9026 0
2 3 56.8999 4
0 2 53.9955 3
5 0 17.8491 5
5 0 89.6185 3
5 2 84.9005 5
2 2 54.8914 1
5 2 81.0312 0
0 1 77.6898 1
0 2 10.9033 3
4 5 9.775 4
4 5 31.5304 0
5 0 75.7171 5
2 0 88.3678 2
4 5 99.479 2
0 3 39.1407 4
4 5 52.8506 0
4 2 8.3489 5
4 3 36.6983 1
4 2 29.3499 1
3 1 94.8576 1
2 4 63.9695 4
2 1 35.2084 5
3 4 80.6149 4
0 3 66.5443 0
2 5 92.0839 3
2 2 65.2605 2
2 1 4.6212 2
0 3 87.3618 2
5 1 78.5401 2
1 5 19.2755 3
1 2 4.7259 2
2 1 16.0225 4
2 5 26.6922 4
0 5 54.6831 2
1 4 60.4751 1
4 5 1.0816 3
3 4 -6.835 1
4 4 58.7191 5
2 4 44.6974 4
4 0 54.9824 5
4 1 9.5443 1
4 2 9.6206 1
4 2 35.2486 1
3 2 67.6276 0
0 4 70.5222 0
3 1 40.7788 4
2 1 -4.8862 3
0 3 53.1582 3
3 3 38.8537 2
5 1 47.0543 0
3 3 -4.523 0
4 5 91.7959 0
5 5 14.5562 3
3 2 95.2905 2
2 4 83.3474 2
2 4 91.7827 1
5 5 68.8968 2
2 0 22.3474 0
2 2 21.0547 3
0 4 -1.7899 5
0 4 78.6052 1
1 4 12.2627 0
4 0 39.394 2
2 4 2.0612 4
0 4 56.5017 4
5 0 20.7642 2
4 1 55.788 5
0 1 49.4572 1
3 5 99.6782 4
2 3 82.2064 0
0 1 96.79 1
4 0 0.1501 2
1 1 84.1922 4
1 1 8.1732 5
3 2 -0.7155 1
2 1 58.1148 1
5 4 -3.1793 1
5 2 12.8247 5
2 1 82.7952 2
0 2 40.7583 4
3 4 86.6979 4
0 4 74.0899 5
2 1 33.4568 0
3 3 94.8914 5
0 4 26.6129 2
2 4 2.8744 2
5 2 99.8293 0
5 0 50.4398 4
0 3 53.3085 5
1 2 8.0677 0
1 5 9.5927 4
5 2 16.2508 5
1 2 85.1214 1
4 4 3.6284 3
2 0 -4.8534 0
4 0 17.9209 1
3 1 63.1161 3
4 2 26.4917 3
5 3 -5.5527 1
4 2 61.8047 2
2 0 -3.1192 0
1 5 -7.6617 0
2 2 13.0421 0
2 3 42.9658 0
4 5 95.5269 4
0 1 48.0364 0
2 2 46.5971 3
5 3 87.3122 4
3 3 45.9153 5
1 0 78.8212 3
3 5 58.7126 1
0 2 23.4863 0
1 2 92.3948 3
0 3 64.3918 0
4 1 52.9417 0
3 3 75.0882 0
3 1 86.6201 2
1 5 41.5711 4
2 5 62.7563 3
1 4 10.6964 1
4 5 76.9836 5
2 0 45.8653 5
4 3 72.1308 1
2 2 44.0267 1
0 2 80.1463 1
4 1 22.4899 4
0 5 87.695 1
3 5 -0.7263 5
3 4 86.4029 5
4 3 34.0599 2
0 5 40.9774 0
4 4 11.5903 5
3 2 29.4285 1
5 1 45.7849 4
2 1 -1.4754 1
0 0 79.6541 1
3 4 42.5755 0
5 0 -0.1084 3
3 2 75.3851 1
1 2 48.7668 0
3 2 35.6473 5
0 5 94.6757 1
0 2 98.5145 0
0 2 74.0271 4
2 0 7.427 3
0 4 4.1332 3
0 2 91.8022 4
1 3 79.2244 1
0 3 37.8494 4
0 3 38.1967 1
3 5 58.1174 3
4 5 99.7941 3
5 5 57.4804 4
5 4 0.6641 0
2 1 33.9222 2
1 0 28.8723 4
2 0 0.4667 5
5 3 71.9152 4
0 5 18.2253 2
1 1 65.9183 5
5 1 19.5885 2
5 2 15.2783 4
5 2 45.1406 5
3 2 -1.4738 0
5 1 64.5079 4
3 1 65.0507 2
3 0 51.3031 3
3 5 97.9257 1
5 3 76.331 0
1 1 7.5556 1
4 2 3.332 3
5 1 83.1167 2
0 1 51.7733 4
4 5 64.5262 5
0 5 25.9737 4
3 4 64.9829 3
2 1 20.3287 0
1 5 42.6733 2
3 3 89.9668 2
2 3 61.2083 2
1 0 34.106 2
5 5 21.2557 3
4 5 47.4379 4
0 4 36.4969 1
4 4 73.9789 0
4 2 17.7166 0
2 1 97.1869 2
4 2 47.8079 1
4 3 60.1766 5
3 2 55.4578 0
4 1 57.2381 2
1 3 29.7707 4
0 3 41.0314 3
0 5 78.4749 3
0 2 61.3925 5
3 3 19.5597 1
4 1 30.6561 1
3 1 -2.7194 1
5 2 81.9076 2
4 0 -1.804 2
1 4 45.6137 1
4 0 31.0443 5
3 1 77.1403 2
