1 3 46.2662 1
3 0 98.3744 2
5 4 17.6773 5
4 5 88.1479 2
0 0 -6.7479 2
0 5 60.8895 1
3 4 90.9917 3
2 3 25.2603 2
3 5 23.87 2
1 4 82.2149 1
4 1 -2.7118 4
3 2 38.9938 4
3 2 71.0761 4
3 2 -5.6614 3
5 1 39.8296 3
3 4 20.1282 2
3 3 74.3537 4
3 1 80.3039 3
1 5 -7.6775 0
4 2 -4.7866 2
0 4 76.72 4
5 4 6.934 0
4 0 47.456 0
1 5 21.6882 2
1 0 82.8265 4
4 1 30.1138 0
5 3 88.0716 5
4 4 65.3048 3
5 2 88.7141 0
3 0 75.6726 0
4 0 85.9913 1
3 3 84.0664 0
5 5 86.0525 5
3 3 37.7296 0
5 3 78.255 5
2 1 15.0077 1
4 0 -3.133 2
3 1 40.0842 3
1 3 9.1338 1
4 2 58.6151 2
1 2 95.2482 3
2 5 7.9866 1
1 1 72.2323 5
4 3 46.7222 2
2 5 34.937 5
0 3 78.6761 2
5 4 5.502 0
0 1 13.7959 4
1 0 -1.2257 5
1 4 1.4994 1
3 3 27.1305 2
0 2 77.4935 2
4 3 19.2362 3
2 2 49.6993 0
5 1 26.1421 1
0 5 35.144 2
3 2 8.0118 1
5 3 60.8083 5
4 5 -1.3551 0
1 3 21.1942 4
3 5 66.0846 0
2 4 97.3426 4
0 3 23.9852 2
3 3 5.353 5
3 4 72.0261 3
5 2 11.9016 2
4 0 77.2887 2
5 2 64.9318 4
2 4 -4.2383 1
3 2 14.6448 3
1 3 35.1428 5
4 1 23.1351 4
1 1 46.2981 0
5 4 78.4201 1
2 1 -7.3859 3
2 1 81.5626 5
2 4 78.8083 1
1 3 94.3751 1
2 5 17.7799 3
3 5 30.1065 5
4 2 92.6362 3
5 0 33.2039 0
5 2 62.7827 2
2 5 61.4986 3
1 3 67.3414 1
3 4 44.0758 1
4 0 60.5489 5
4 4 21.0282 3
3 1 96.5822 4
4 5 95.5663 0
5 3 76.2207 3
5 5 -4.794 0
2 0 49.8099 4
4 2 66.8289 2
1 2 14.203 1
0 4 21.4333 3
3 1 54.9263 1
4 5 56.7833 2
0 0 99.0107 4
5 3 87.2982 3
3 2 87.0848 2
5 1 75.9197 4
2 3 0.5516 4
0 4 40.9075 3
4 4 -4.9145 4
2 3 66.559 0
1 5 14.0603 2
0 2 52.5357 4
3 5 4.3136 1
1 5 95.3898 5
3 5 64.8563 4
2 0 36.6835 1
2 2 62.8899 3
3 1 17.9788 3
2 1 61.8275 1
1 4 93.9939 5
0 3 12.2037 2
0 0 9.5999 5
2 1 -2.3254 2
4 5 -1.0058 2
3 5 25.9964 5
2 1 18.8149 4
4 1 71.7517 1
5 5 3.89 2
1 1 32.3986 2
3 1 94.3642 4
5 1 89.4743 4
3 0 57.3915 1
4 3 60.1556 3
0 4 77.2519 1
5 1 19.2183 1
3 1 35.757 4
0 5 24.7439 2
3 2 10.1475 5
0 3 97.3458 5
5 2 30.082 0
1 0 44.8714 1
2 1 -3.2635 2
4 1 97.1553 3
3 2 49.4474 5
3 0 97.3262 3
5 2 52.7151 3
3 5 28.3946 1
5 5 36.5525 5
4 3 68.612 5
0 1 -0.2157 0
1 1 37.0916 4
3 1 1.7891 2
4 3 26.2418 2
2 1 56.7204 4
4 1 44.4695 0
5 2 8.5606 2
4 4 61.8907 4
2 4 21.2524 3
3 0 1.3751 4
3 1 -5.176 5
0 5 44.1698 2
2 4 6.8745 2
4 5 25.3361 4
1 1 25.6287 0
3 3 6.3871 1
2 1 43.5845 0
2 4 0.112 3
4 2 98.481 0
5 4 99.1749 3
4 3 -6.3809 5
0 2 12.981 5
3 5 66.5691 1
4 2 36.8873 4
2 0 62.81 1
1 3 19.1925 0
0 2 5.874 4
0 5 50.3709 5
5 4 92.1888 0
1 0 67.6238 5
0 1 29.2349 1
1 3 58.1709 0
3 4 56.8552 3
1 1 26.0751 3
2 3 90.5603 1
1 5 34.854 0
2 3 93.6719 1
1 1 90.7394 2
2 4 96.1636 3
4 4 62.9702 0
4 4 8.5587 5
1 4 70.6458 4
2 1 2.4372 1
1 5 97.2925 5
1 2 23.7811 0
3 2 42.243 4
5 2 7.2294 0
3 4 45.4688 5
5 0 57.7602 3
0 3 7.6296 0
2 0 54.5424 4
4 3 -5.3149 4
1 2 2.4601 1
0 2 79.1198 3
1 5 56.0182 1
1 3 59.9156 5
0 1 69.6793 1
5 1 34.1491 4
2 4 53.8374 4
1 1 70.0327 2
1 1 39.3884 0
0 0 95.03 5
4 1 22.4006 5
5 4 20.4031 3
2 2 5.7192 3
3 4 5.4384 2
0 4 18.1926 5
5 2 13.2302 3
2 0 98.8883 5
2 1 77.0181 4
3 0 19.1295 3
3 3 87.6214 0
3 1 65.2042 4
4 5 41.5688 3
1 2 41.5516 2
1 5 48.6338 1
1 3 -0.1453 3
1 3 72.0743 0
3 2 28.0184 1
2 2 83.2676 1
3 3 34.7126 5
4 4 48.8318 0
0 3 -2.0971 5
0 2 53.4142 1
0 1 45.7018 3
2 2 96.5635 3
1 1 67.8994 4
3 2 -5.9462 5
1 2 97.2943 4
0 4 -8.8845 5
4 2 25.8961 1
5 4 79.8712 1
5 5 70.8153 0
2 2 13.4474 1
2 5 39.5861 0
5 4 18.8442 5
1 1 61.0846 4
3 0 48.4115 4
1 4 26.166 2
1 2 5.0312 3
5 2 64.6366 1
1 2 89.0735 3
3 4 68.8863 2
1 3 4.4454 2
1 0 2.6546 1
3 4 26.6797 1
1 0 31.2756 5
5 4 32.0101 4
0 1 83.7164 5
0 2 2.3146 0
5 3 10.3551 3
3 4 60.3012 1
4 5 17.82 2
0 0 -0.9101 2
4 3 34.4481 0
2 2 22.1033 2
1 3 58.5659 2
2 1 15.1234 0
2 5 88.2861 0
4 5 42.004 1
5 1 10.8941 0
1 1 13.8527 1
0 1 11.1111 5
5 0 33.3097 3
5 4 91.9439 5
4 3 -8.595 2
5 2 52.4405 2
0 0 -9.4767 4
0 3 64.2254 0
3 0 72.5613 3
1 1 13.9933 0
1 0 52.7447 2
3 3 -0.8736 3
0 3 92.2884 2
4 2 18.1827 0
2 1 -4.3909 3
1 2 1.8886 4
1 5 16.9702 4
2 5 8.0779 4
2 4 56.7367 5
3 5 10.3314 3
4 0 6.9466 5
3 2 -8.2858 4
3 3 19.4299 0
4 3 0.1848 3
5 4 95.9691 5
2 0 63.4189 2
4 3 36.2484 4
3 5 99.0852 0
2 4 -5.1121 4
0 2 28.3614 4
2 5 -5.0615 5
3 2 10.5815 3
4 3 33.8498 4
5 5 72.6009 0
4 2 40.5888 4
3 1 13.9601 0
3 3 15.092 1
1 1 90.9691 3
3 2 -3.492 0
5 0 44.0829 0
4 3 64.6406 3
3 1 56.2353 0
4 3 67.0167 1
1 3 66.4494 2
2 3 -0.8557 2
4 2 -7.812 1
1 5 59.2706 4
1 0 32.5984 0
5 2 8.461 2
1 4 -1.7942 0
0 0 56.4408 2
3 2 2.6045 4
1 3 43.1752 5
0 0 -0.8159 0
5 5 99.8435 2
1 0 50.583 3
5 1 19.8839 4
2 2 36.9323 3
2 4 49.7941 5
5 1 29.5045 1
3 5 54.4842 2
0 2 64.465 4
3 5 71.0486 0
3 2 71.2947 2
1 1 -4.591 5
3 1 22.0937 3
5 3 49.6319 0
4 5 5.2798 3
5 5 63.7569 5
2 0 28.8393 0
0 5 92.4996 2
5 2 21.244 0
0 2 26.911 4
3 4 76.713 1
4 4 34.9203 1
4 3 83.9328 2
2 0 27.3535 4
2 5 92.4413 3
0 0 71.7749 3
0 2 78.9837 3
5 5 94.6111 1
5 3 61.8782 4
0 2 68.0275 2
4 3 61.1483 4
1 2 72.3638 1
5 5 57.386 5
2 5 78.4114 0
4 4 88.0322 4
0 0 45.8977 3
1 1 71.8577 5
0 0 28.3763 1
5 3 27.0752 4
0 4 55.1223 5
2 2 55.27 2
0 3 -2.2065 0
3 4 45.6862 1
3 3 67.8156 0
0 2 -0.0799 5
3 5 98.531 3
1 5 91.7502 1
1 0 67.8134 2
4 1 -4.7297 0
4 0 20.0987 2
4 5 2.6246 4
3 5 98.7529 5
2 3 95.7484 3
1 3 37.0541 5
4 1 -5.1313 3
4 2 20.9441 1
1 2 59.8735 1
1 3 0.5858 1
5 4 63.1296 0
0 2 22.9383 3
4 3 40.3209 3
0 5 71.1436 4
4 0 10.7835 1
5 1 37.8823 0
3 3 50.6199 5
5 5 47.9046 2
5 5 45.5821 1
5 1 16.0621 2
2 1 93.2924 0
3 3 75.1327 5
0 3 81.1616 1
4 0 85.4261 2
3 2 97.5343 2
4 3 84.7603 3
3 4 44.7603 1
0 3 39.9768 2
4 5 14.6827 1
4 4 98.6886 3
1 2 99.4847 1
2 4 51.3849 0
4 5 38.7892 0
2 2 39.3723 1
4 0 8.5368 5
3 4 95.0075 4
0 3 84.6819 1
1 0 23.4916 3
3 0 95.1157 4
3 1 35.4215 3
1 2 31.7338 4
4 1 38.0524 4
1 0 86.7213 5
1 4 35.6392 3
5 1 5.2569 4
1 0 45.0642 4
1 2 5.2083 0
2 2 42.0335 0
1 4 11.0753 0
3 5 -9.5233 0
0 0 12.004 0
2 0 31.6011 3
5 4 27.8914 2
3 2 40.305 0
1 2 42.7594 5
1 3 -4.2391 2
3 3 -5.0135 2
1 0 62.907 1
1 3 84.2011 2
5 0 72.0136 2
5 3 67.8717 4
1 5 12.6876 4
5 0 88.8315 0
3 1 6.2366 1
2 0 21.6057 1
3 3 37.738 4
3 0 -3.4568 2
4 5 50.242 1
1 1 86.2086 5
2 5 98.7383 3
0 0 87.3356 4
4 4 65.2581 4
0 4 78.3743 3
5 0 49.0768 3
1 1 39.9105 3
5 5 19.2358 1
2 4 -1.8962 0
3 3 86.6197 2
4 0 26.4319 5
3 4 89.5648 3
0 3 56.5466 1
2 2 90.5697 2
3 1 71.6359 3
0 1 62.712 4
1 4 40.4113 4
3 4 2.4046 3
3 3 99.8031 4
1 2 84.4633 2
2 2 -7.3369 0
4 5 16.5777 5
4 0 13.4879 0
0 1 85.1244 0
0 4 71.7449 5
3 0 16.8633 5
0 4 11.8915 5
5 2 1.4359 3
5 3 25.9396 3
1 2 59.856 3
0 3 -3.4664 1
4 2 -6.0561 2
4 1 86.2541 4
5 1 89.9022 2
0 1 81.0888 5
0 0 66.4354 4
5 1 -3.8742 3
4 3 88.9691 0
1 5 55.1563 2
3 1 35.4354 2
2 1 65.9551 4
5 5 7.4285 1
3 3 98.6161 2
2 5 65.9233 5
1 5 13.6234 5
2 2 70.758 3
5 4 31.3013 1
4 5 46.8795 3
1 4 3.5948 4
4 0 54.6258 5
2 1 71.9786 4
4 2 -0.4369 2
1 4 59.629 1
4 4 82.9372 0
2 1 3.1455 0
2 3 67.5876 0
0 3 6.0093 1
5 2 46.6045 4
2 0 6.5443 2
0 4 -3.029 2
3 4 20.278 4
3 2 66.0663 5
2 4 71.3391 0
1 5 67.9697 2
1 0 68.7808 0
0 3 52.6348 3
4 3 92.5257 3
5 2 66.7363 5
3 5 77.4712 5
3 4 19.4546 2
1 0 -3.0919 5
3 4 62.7036 2
5 3 72.6648 3
3 5 11.2482 0
4 5 21.6504 3
5 5 32.855 1
2 5 41.8313 3
3 5 34.3661 3
5 3 89.7647 5
1 5 22.2813 0
0 4 29.7687 0
1 1 14.9532 3
1 3 40.1831 0
5 5 52.3361 5
5 3 13.382 1
5 4 80.6627 3
5 3 70.1644 5
1 2 86.9307 5
5 1 42.3534 0
2 5 65.2326 0
2 3 -0.7479 3
2 3 65.678 5
1 2 22.9085 5
4 4 -8.4976 3
0 3 99.7837 3
5 4 60.0492 5
5 2 69.0263 5
5 4 62.2457 0
0 4 39.3366 5
4 0 78.5744 5
4 1 38.1525 5
0 1 88.8442 1
2 3 96.3993 1
2 5 76.1531 3
3 3 3.1654 4
1 0 -3.9048 0
3 4 57.2415 1
3 1 93.1816 1
0 0 67.7535 0
3 3 33.9035 3
1 5 16.1158 2
3 4 29.1143 3
2 5 89.3538 4
4 2 47.0716 2
0 4 51.6669 1
4 0 91.3257 3
0 4 85.7778 2
5 4 46.8449 2
2 5 -8.8095 3
4 2 27.301 4
5 5 44.046 4
1 3 -5.0414 3
3 3 41.3046 2
5 2 85.7735 4
1 3 43.3684 4
3 2 40.8691 4
4 3 -1.9845 0
5 1 -5.7784 3
4 0 13.0035 0
2 1 32.1926 3
3 5 48.2048 0
4 1 31.1665 3
1 5 94.1193 0
5 4 94.8143 3
1 2 54.471 3
0 1 11.5364 5
1 4 12.6382 5
3 2 -6.6553 3
1 3 6.7404 3
3 4 69.335 2
4 1 51.6833 3
3 4 -4.1313 0
4 0 99.8051 1
3 2 -7.8422 0
3 2 44.5249 4
3 0 54.7338 3
3 1 36.8826 3
4 5 8.4133 3
1 4 -0.0055 3
5 0 12.8055 5
2 1 79.1114 4
2 2 23.0829 0
3 3 19.6783 2
5 0 48.0293 0
0 0 60.1635 4
5 4 13.8605 0
5 0 17.8134 3
5 3 10.0544 4
3 2 98.7884 3
3 2 94.3025 3
2 2 5.4206 2
0 4 92.2802 3
5 5 54.9478 1
0 5 0.7227 4
5 2 -4.3255 4
4 3 7.3755 4
0 5 64.6468 4
1 4 82.0304 4
2 4 82.549 4
1 3 44.482 0
1 0 44.1094 0
3 3 79.3013 0
1 3 37.694 4
1 0 65.7917 3
3 3 73.3677 3
3 1 54.6042 0
3 3 27.3513 1
0 5 56.2787 3
5 1 -0.1724 2
0 5 82.25 1
0 3 30.2344 1
2 0 55.131 0
3 1 48.6767 5
5 2 93.997 4
0 3 70.5882 4
5 0 91.9122 0
3 0 11.1171 0
5 0 -5.6086 3
4 5 43.2444 4
1 0 0.3172 5
5 4 2.3895 2
0 0 73.4938 4
0 2 62.5545 3
2 5 58.3938 2
4 1 8.3508 3
4 5 40.4236 4
5 1 32.2857 4
5 5 59.0643 4
0 4 9.9899 1
5 2 46.5027 4
5 4 21.7494 4
2 1 91.0441 3
2 2 86.8399 5
0 4 57.4627 5
1 4 62.0697 3
1 2 -9.412 5
3 2 58.1991 4
2 0 -7.9123 5
5 4 80.2436 4
5 0 34.3998 5
5 1 72.6418 2
4 0 3.0784 4
1 1 64.1872 3
4 1 89.1626 5
1 3 -9.8551 5
2 4 54.3399 5
2 1 4.5364 4
5 5 97.5613 2
5 1 45.2572 4
2 2 38.0602 4
0 3 40.4084 2
3 2 89.5919 5
5 2 29.567 3
2 2 -3.0749 1
3 2 -2.6318 2
2 2 53.6984 0
2 2 8.4654 1
0 2 91.8554 0
2 5 9.4178 2
4 1 84.9761 1
3 2 -1.6192 0
2 4 50.1514 3
2 2 79.4782 5
0 0 27.5013 0
4 4 62.3615 0
3 5 8.6638 3
4 1 42.0539 1
1 3 37.3005 0
1 0 91.6189 5
5 3 25.0585 3
2 3 26.3986 0
1 0 31.4436 3
3 2 2.5323 3
5 1 84.3114 4
5 5 22.0158 5
0 5 11.623 1
4 4 -4.0306 3
1 3 51.2386 0
4 4 26.8249 4
5 5 77.3504 5
2 4 79.2582 2
2 5 30.6471 2
5 5 59.8994 3
5 2 39.7973 3
5 2 62.2041 5
0 1 80.9681 3
0 3 2.1583 5
0 4 85.8034 0
0 5 67.0254 2
0 4 8.7276 2
3 1 95.7573 1
5 5 34.1954 3
3 2 52.328 2
1 5 58.3786 3
0 2 71.9659 2
1 1 11.2117 5
4 2 90.2493 3
4 5 95.7514 0
2 2 59.0256 4
1 5 93.902 3
3 4 7.088 2
1 0 2.539 0
1 0 83.7746 5
1 0 53.9038 3
5 2 84.2171 2
5 4 13.3822 5
3 0 54.4978 4
0 2 6.2872 5
4 3 47.2 1
0 3 77.9605 3
5 5 29.3191 0
0 4 67.9009 3
4 0 74.3036 2
5 5 52.0274 0
3 5 -7.7706 5
1 3 21.7325 0
3 1 -3.0864 5
3 0 0.8759 5
1 3 78.975 5
5 4 65.0904 2
2 3 11.0786 1
4 2 -8.4143 4
3 1 79.8675 3
0 2 76.1355 1
5 0 22.2437 5
2 2 89.9745 4
1 3 53.6466 4
0 3 -5.8252 1
5 2 4.8094 5
2 5 10.1846 2
5 1 61.126 2
5 5 -0.065 0
2 5 80.0688 4
5 3 63.095 1
1 3 64.2467 4
2 2 84.5574 4
4 2 83.8692 2
3 2 39.8564 4
0 2 27.526 3
1 1 39.7315 3
1 5 11.8521 3
5 3 57.2244 3
3 1 95.7823 3
2 1 19.4953 1
4 1 41.188 1
3 3 37.8882 3
1 4 87.7504 2
4 2 61.6066 1
0 0 -8.446 2
4 0 1.4132 4
5 5 54.0969 2
4 2 38.1147 4
1 0 54.3907 1
4 1 42.5746 5
5 3 59.5565 1
5 3 89.835 3
4 5 15.6372 0
3 0 11.9717 0
0 5 -1.9323 5
4 1 32.7324 2
4 0 85.8593 2
5 1 95.6688 5
4 3 34.3714 1
1 3 97.1761 2
5 0 16.5496 4
0 2 15.4115 0
4 2 -1.9437 0
5 3 71.384 1
5 3 19.9767 3
4 5 10.2734 2
3 4 29.3842 3
2 5 58.0133 4
2 1 74.1528 0
5 3 51.9499 4
1 3 4.3299 3
5 5 30.0377 0
4 1 77.7711 2
0 3 86.4404 3
2 5 -9.4905 1
3 5 94.7038 5
3 0 -8.5032 3
2 3 28.7654 3
1 0 79.4202 4
0 0 98.2171 2
3 4 96.7673 1
0 5 31.3568 5
3 3 19.1643 3
2 3 57.0666 0
5 2 24.5774 3
2 3 86.5108 4
3 5 49.1767 3
1 0 18.4514 3
3 3 -2.6775 1
0 1 77.3155 3
1 4 40.0715 2
0 3 42.52 0
4 2 48.1229 0
5 1 32.0331 5
5 1 84.191 1
4 3 79.2622 3
2 1 16.8109 2
2 5 91.412 2
3 3 21.4796 1
4 3 69.3824 4
5 1 -3.6807 3
5 0 7.095 0
1 3 25.2158 1
0 5 95.786 4
2 2 64.7821 5
3 2 89.1127 4
5 3 7.4513 2
1 3 4.0406 5
1 1 11.7744 5
1 1 26.4593 5
1 2 -7.9102 2
1 2 61.3172 2
5 4 99.8751 0
1 2 -1.3557 2
1 4 66.9459 5
0 0 37.6981 0
2 4 17.2897 1
5 0 96.7277 0
4 4 91.405 4
4 0 38.8371 4
5 1 49.2375 1
4 5 99.4179 5
0 3 41.1817 4
5 5 95.1762 0
1 2 97.8093 5
5 2 86.9874 0
0 3 -6.595 3
5 5 95.9227 1
4 0 18.6022 0
0 3 -0.8934 2
5 1 86.5952 5
1 0 67.9668 5
4 1 24.0917 4
3 4 86.8977 4
3 5 74.2155 5
4 0 -0.909 2
1 3 12.8329 0
2 0 49.131 3
1 1 86.5175 1
3 1 44.8375 2
3 1 92.9331 4
3 4 44.8874 3
0 1 -4.8604 4
1 3 -8.4317 2
3 4 46.7074 5
3 4 5.9842 3
3 5 10.3062 0
1 2 81.5824 4
3 0 58.0652 5
0 3 34.9762 3
4 1 52.0401 1
5 3 -6.8793 5
4 3 26.1467 1
5 3 64.1117 1
3 0 64.5256 5
0 5 97.5525 4
3 5 8.7287 3
1 0 30.0411 0
0 0 86.9225 4
3 0 64.9064 0
1 1 86.7345 4
0 2 92.1043 1
2 2 41.5481 4
3 5 95.1228 1
2 0 18.6523 4
1 5 54.9016 5
2 5 80.1892 3
0 1 74.5412 0
3 2 9.7135 1
5 0 32.3625 4
5 0 52.5752 0
1 0 91.9358 3
3 2 96.2375 3
3 0 5.4813 4
3 4 20.9449 2
3 4 80.1949 1
2 5 18.6559 3
2 0 10.3804 3
0 2 94.7482 5
0 3 63.8837 5
5 3 54.7501 0
3 2 46.2167 2
1 2 99.6722 5
4 5 27.6625 4
3 1 -7.9053 1
2 1 25.4361 5
2 3 72.4681 3
5 0 52.72 5
3 0 13.2793 4
3 0 -5.8137 3
4 2 83.277 1
1 0 18.8629 1
3 5 20.1755 3
1 5 63.2693 1
4 1 21.027 4
5 4 -7.7107 4
3 3 -5.0344 2
5 2 27.7095 0
5 0 33.0229 4
4 5 31.6889 0
3 3 64.8918 4
3 1 28.733 3
4 4 12.707 2
5 5 90.1959 4
4 5 70.3709 5
3 1 33.4111 5
3 1 76.2912 1
2 3 73.5408 3
3 3 44.6541 2
5 4 52.5683 1
5 3 69.5066 4
2 3 45.2455 0
1 5 24.0319 4
0 4 51.7913 0
5 3 28.5832 2
3 2 97.6657 0
4 4 5.8577 2
5 0 72.7144 3
3 2 64.4655 4
5 0 93.5552 4
4 2 68.6135 2
2 3 65.4226 3
5 2 93.2469 0
0 4 50.0399 1
3 4 92.9959 4
2 0 93.2969 4
3 1 14.1218 5
5 5 26.4296 2
0 2 41.0461 5
4 1 -2.0004 1
4 3 1.7201 1
4 3 56.9932 4
5 2 71.3403 2
3 4 82.7436 0
3 1 46.1395 5
3 1 61.2229 5
4 5 0.1308 4
4 3 29.7733 2
4 2 5.124 5
5 5 75.1355 0
4 4 12.474 4
4 0 49.3341 1
2 0 24.9841 4
1 1 32.0615 2
0 5 78.3846 1
2 4 51.2618 3
3 5 1.6545 5
5 1 93.9819 3
1 1 90.8787 4
4 5 65.8809 4
0 2 88.1149 5
1 4 56.4009 2
5 4 65.9729 2
3 5 84.784 5
0 4 76.7729 4
2 0 15.173 3
3 0 26.9465 3
0 5 45.2171 3
2 2 36.7237 1
5 3 48.6676 5
1 5 -0.1397 2
5 5 34.3176 4
4 1 1.5626 1
4 5 48.5989 4
5 5 27.1468 1
0 1 70.2589 1
3 0 12.2889 1
4 0 46.1354 4
3 0 11.4717 2
1 4 30.4935 1
4 5 81.7967 4
0 0 35.9669 4
5 5 84.6437 3
4 3 97.852 5
4 2 60.6 2
5 4 78.5706 4
1 0 37.672 3
1 4 7.1003 1
1 4 21.0497 1
5 0 91.6519 4
2 4 97.813 3
1 0 51.8036 1
0 2 12.6538 1
2 5 75.5945 0
4 3 -3.7665 3
4 4 67.1568 5
5 1 31.9741 0
1 4 88.3242 3
3 1 -8.3811 0
0 4 14.2624 4
2 0 10.2824 4
