4 0 54 3
1 4 67 0
2 5 52 5
2 3 16 4
2 4 72 4
1 1 70 2
4 1 57 4
2 3 49 2
3 2 36 4
1 2 73 5
4 4 45 5
4 3 -8 0
2 0 26 5
4 4 41 3
3 2 10 3
5 3 48 2
0 3 -5 2
0 0 80 5
4 5 62 2
2 2 15 0
5 0 -6 5
0 3 3 4
4 4 10 4
5 1 23 1
5 3 11 4
5 1 28 2
5 2 10 1
5 2 73 1
4 4 7 5
2 4 19 3
4 5 75 0
1 3 41 2
0 5 -7 4
3 2 91 0
2 2 -10 3
2 2 39 1
2 0 34 3
3 5 96 4
5 1 34 1
3 0 18 1
0 3 95 5
2 5 23 0
2 2 98 5
4 4 18 3
4 2 61 2
4 1 -3 3
1 0 58 3
0 1 60 1
1 5 78 5
4 1 12 0
1 3 3 2
2 4 79 0
3 3 4 3
0 0 34 4
0 3 -10 0
0 2 64 3
3 4 93 0
5 3 65 1
1 3 75 2
4 5 39 4
4 5 40 3
0 1 65 1
2 0 45 4
1 2 4 1
3 5 68 0
4 3 16 3
1 2 52 3
1 1 88 5
4 3 48 2
1 2 27 0
2 1 68 2
1 3 66 5
0 0 81 4
4 1 6 4
1 3 15 1
1 0 28 4
1 4 52 3
4 1 86 1
3 5 18 4
2 4 60 2
3 3 60 3
3 4 3 4
2 4 59 2
4 3 70 1
1 3 94 0
2 3 13 5
3 1 88 0
3 2 22 4
4 3 68 1
1 2 92 3
5 1 85 5
0 5 81 0
5 3 25 2
5 0 97 2
2 2 27 1
2 0 41 1
4 4 76 5
4 5 17 2
0 2 7 0
3 4 11 4
3 2 52 5
5 4 57 0
5 0 78 0
4 0 25 0
1 1 60 2
2 5 3 4
0 5 32 3
1 1 5 1
3 0 40 3
5 4 30 2
5 1 58 1
0 0 91 5
1 0 74 1
5 4 8 4
2 3 4 1
0 4 60 1
2 3 46 5
2 3 69 2
5 0 47 0
1 5 64 1
3 5 25 4
4 2 50 3
1 4 51 0
4 1 26 0
4 0 82 3
3 0 84 5
5 4 19 5
3 5 82 1
1 2 87 2
5 0 23 2
0 4 3 4
1 4 95 2
1 0 39 4
5 2 62 5
5 1 88 2
2 3 71 5
3 5 48 5
3 3 25 3
4 3 26 2
3 4 37 0
3 0 44 4
3 5 0 4
2 2 1 2
1 1 89 4
2 2 98 1
3 5 7 2
0 2 63 0
1 3 82 5
0 5 7 3
0 2 73 3
2 4 11 2
2 4 59 4
0 4 7 5
5 0 54 3
5 2 42 1
1 3 71 3
0 4 34 1
0 5 9 1
3 1 13 2
5 3 96 1
5 0 65 2
1 2 7 2
5 5 36 0
5 1 63 3
0 0 28 5
4 4 13 1
4 2 -8 5
5 0 92 0
4 3 10 0
5 1 76 5
0 2 47 3
1 1 38 4
0 3 1 5
0 3 84 0
1 3 7 2
0 3 8 2
3 5 23 0
4 4 26 1
4 5 -8 4
4 5 12 1
2 1 15 3
2 5 5 1
5 3 1 4
0 3 28 3
4 5 77 0
2 4 13 3
3 5 77 3
4 4 65 1
5 5 89 5
1 0 47 1
1 1 12 3
4 5 62 2
1 1 73 4
3 3 13 5
2 5 9 2
0 0 7 3
5 0 23 0
3 3 74 3
3 2 75 0
2 0 -8 5
5 4 41 3
3 2 27 4
3 1 4 0
3 2 87 2
5 4 91 0
3 4 63 0
5 3 77 4
3 2 27 0
2 4 50 1
3 2 50 0
5 1 66 0
5 4 89 5
2 4 76 4
3 5 67 3
1 4 14 3
1 3 6 0
4 3 62 2
5 3 85 0
0 5 85 2
0 1 95 1
0 2 60 1
4 2 92 0
0 3 20 5
4 3 16 5
3 2 9 1
3 5 75 5
3 2 90 3
3 4 70 0
0 4 41 0
0 4 82 0
4 1 65 1
5 5 48 5
3 0 4 3
3 4 -9 1
3 3 30 3
0 0 10 5
0 5 61 3
0 3 34 4
4 4 85 4
4 3 -5 5
4 2 51 0
4 5 88 3
5 2 25 5
4 5 58 3
3 4 95 5
4 0 0 3
4 5 90 1
2 3 99 2
1 0 75 2
0 4 85 1
5 1 98 3
1 3 87 5
3 5 -5 3
5 0 93 1
5 1 64 1
0 5 41 1
1 5 89 4
5 5 37 5
2 3 23 1
3 0 11 0
5 5 3 1
3 3 -3 4
5 4 29 0
5 4 57 4
0 4 29 5
2 1 24 0
2 1 53 3
1 1 59 0
2 0 1 1
2 1 2 0
5 1 59 3
2 3 10 1
0 5 40 2
2 1 43 3
3 2 23 2
3 5 65 1
4 3 1 2
4 3 86 1
0 1 12 1
5 4 74 2
5 3 91 3
1 4 17 5
4 0 1 0
0 4 75 2
0 5 81 1
0 1 100 1
2 0 54 4
5 4 73 3
1 2 64 4
2 3 5 4
5 0 26 1
5 1 26 2
1 1 26 3
4 0 82 2
4 0 71 4
1 0 88 4
1 4 30 4
1 4 20 0
2 2 92 4
3 4 -5 5
4 5 78 3
0 4 69 1
5 5 75 5
5 3 33 4
1 3 83 1
1 3 90 5
1 0 47 5
4 1 64 1
4 1 94 3
2 3 71 5
2 5 93 1
1 4 -3 0
2 3 53 0
5 3 93 3
2 3 7 3
2 0 84 4
2 1 41 2
5 5 100 5
0 2 32 0
2 4 96 5
0 0 0 4
5 0 92 4
1 0 31 3
5 0 -2 5
4 2 56 3
3 4 48 1
5 4 14 1
3 0 99 0
3 5 97 5
4 1 83 3
1 5 63 3
4 0 53 1
3 5 8 5
3 0 16 5
0 1 48 3
2 5 80 4
5 5 69 2
0 0 -1 1
0 1 2 1
4 4 71 4
2 0 61 3
1 3 36 5
1 3 93 1
3 4 -1 5
4 3 14 5
3 0 37 0
2 5 19 1
5 0 17 1
4 0 18 5
3 3 51 2
3 0 -9 3
3 0 95 2
4 1 99 1
4 5 10 3
4 5 8 4
4 2 11 1
0 4 26 5
1 2 5 4
1 2 63 2
5 1 96 2
0 3 10 5
0 5 77 1
5 0 -8 5
0 0 74 4
3 2 -6 2
5 4 48 4
4 3 4 5
2 1 85 3
2 5 62 5
4 1 18 3
4 3 33 2
3 0 46 5
5 5 39 2
0 4 45 0
5 2 37 2
4 3 93 0
2 5 26 3
0 5 62 0
2 0 14 0
2 5 83 3
3 0 99 5
3 1 27 3
5 5 33 1
5 2 99 0
5 2 21 4
2 5 53 3
2 4 74 2
0 0 48 1
4 4 34 3
4 4 -7 1
1 5 11 1
4 5 40 1
0 5 -8 3
0 2 75 4
0 3 87 4
0 5 -8 5
3 2 -5 3
3 0 -9 2
5 4 28 0
2 3 0 2
0 5 33 3
3 0 97 3
2 1 12 4
4 0 7 3
2 4 92 2
5 3 45 2
5 4 57 0
3 4 32 5
1 5 19 1
5 0 53 4
4 3 75 1
2 5 55 5
4 0 98 1
0 3 64 1
1 2 90 0
5 0 86 4
3 3 -7 2
3 2 55 2
0 5 92 1
2 2 7 2
4 5 18 1
0 0 90 0
3 4 27 1
3 5 62 4
1 0 73 3
3 0 32 1
4 0 95 2
4 0 39 1
3 2 41 3
5 1 43 2
5 4 39 3
1 0 61 0
1 2 57 0
0 5 19 0
1 0 53 3
1 0 78 0
2 0 81 5
4 1 64 1
4 0 76 5
3 5 99 3
3 2 8 4
2 5 84 2
0 5 6 5
1 3 32 4
3 2 16 2
0 4 5 4
3 1 44 2
4 0 44 4
3 4 46 0
1 2 19 4
2 5 -7 1
3 2 69 3
3 3 13 5
0 4 69 3
4 1 6 5
4 5 56 1
4 5 88 0
4 0 47 4
1 4 39 4
0 0 82 3
4 0 54 0
4 5 46 3
1 3 63 4
3 2 98 3
3 1 20 4
1 2 90 5
2 4 35 4
3 5 -8 1
3 3 60 0
3 0 11 3
3 5 16 0
1 0 81 1
5 4 86 0
5 5 80 3
4 3 23 5
2 5 74 4
0 0 47 4
3 5 16 4
4 3 83 3
5 4 98 3
0 4 30 1
3 4 46 1
0 5 21 2
1 1 63 2
2 1 71 0
5 1 7 5
0 1 30 5
4 0 32 1
2 5 66 1
1 2 6 2
1 0 13 4
0 0 26 3
4 3 84 0
2 4 33 5
0 5 3 4
3 2 65 3
1 4 88 3
4 0 34 3
5 0 14 4
3 1 60 5
5 1 5 4
2 2 96 4
3 2 85 5
5 0 100 1
2 2 90 3
4 2 -2 0
3 0 54 2
4 0 64 5
1 0 70 1
5 0 52 3
4 0 68 5
3 4 85 1
4 0 46 1
0 3 64 1
3 3 100 5
2 3 7 2
5 4 59 0
4 3 47 1
4 2 83 4
0 4 55 0
3 5 64 5
2 4 4 0
4 4 52 0
0 5 0 2
5 0 8 1
1 5 32 2
4 4 6 2
1 3 56 5
3 3 26 4
5 4 90 2
1 2 95 3
2 0 73 3
4 5 73 4
4 4 62 0
3 3 86 0
0 0 98 5
0 0 59 2
5 5 89 2
4 5 50 2
4 1 74 1
5 3 100 1
4 4 91 0
4 5 7 0
2 1 1 1
5 4 64 4
4 0 14 4
3 5 98 3
0 4 65 4
0 3 39 0
5 5 71 2
3 5 42 5
3 1 0 2
1 0 65 2
0 2 93 4
1 3 63 2
3 2 75 4
0 2 79 0
1 3 60 5
0 3 47 5
2 0 28 4
2 2 90 4
5 2 31 5
5 1 78 3
4 1 -8 1
4 4 62 3
4 4 31 4
2 3 61 4
4 4 98 2
5 5 37 5
1 5 91 0
0 4 18 3
4 4 -8 2
4 1 29 5
4 0 95 5
0 4 39 1
3 0 54 0
4 4 21 1
0 3 33 4
1 5 7 5
0 5 15 5
4 5 73 0
2 2 16 5
0 1 45 4
3 4 6 2
5 1 16 0
0 5 -9 2
3 3 84 3
4 1 25 0
0 3 90 2
1 2 51 0
1 3 55 3
0 3 4 2
5 3 25 1
1 0 22 0
1 3 52 2
5 2 66 5
1 1 52 1
4 5 16 5
3 1 14 2
1 5 -8 3
1 2 -9 4
1 1 88 3
3 0 30 1
0 3 76 1
2 1 82 3
1 2 70 2
5 0 42 2
0 3 -2 1
5 0 7 0
0 2 79 0
4 4 20 4
0 5 85 0
0 1 29 2
0 4 59 0
1 4 88 2
5 1 13 4
5 2 60 1
2 0 43 1
4 1 44 0
3 1 75 3
1 2 27 0
5 1 73 4
0 3 99 4
0 0 17 5
0 3 90 2
2 3 23 1
3 1 99 1
5 0 68 4
5 1 -6 0
2 3 77 2
5 3 59 3
4 4 -4 3
1 5 56 2
5 4 76 0
2 1 31 0
1 0 56 4
1 2 8 1
2 3 29 5
3 0 41 4
3 5 48 5
1 1 93 3
3 2 33 2
3 0 2 2
5 5 59 0
4 5 68 5
5 3 26 0
2 2 29 5
0 0 97 3
3 2 89 4
1 5 45 0
3 4 48 0
5 5 44 1
4 4 85 5
3 3 11 0
2 0 79 3
2 4 60 0
2 2 88 5
4 4 28 5
4 1 95 3
3 5 12 2
4 1 85 3
2 4 64 1
1 1 75 2
0 2 20 5
5 3 57 4
3 1 -9 0
1 0 90 3
1 3 96 2
4 3 42 0
1 1 89 4
4 0 55 5
3 4 -3 0
4 1 93 4
0 5 -3 4
2 4 29 3
4 0 78 0
1 2 65 5
3 1 9 4
4 3 57 2
1 2 67 2
1 4 62 2
1 0 75 1
1 2 99 4
3 0 93 0
0 3 18 4
4 4 70 2
4 2 94 0
5 0 32 0
5 4 77 3
0 2 100 5
2 2 96 1
1 1 75 2
2 3 20 3
5 2 56 1
1 3 54 0
3 4 50 4
4 5 71 5
2 1 36 2
3 3 82 4
5 0 77 2
5 3 84 4
3 3 46 2
5 2 50 0
4 0 86 0
1 5 44 4
0 1 -4 0
5 0 61 1
0 4 60 5
4 1 98 2
3 2 66 5
3 2 6 2
3 5 86 2
2 5 12 3
0 3 63 4
4 0 24 1
1 2 90 0
5 1 66 5
1 1 69 5
3 3 76 1
4 4 88 3
1 4 55 3
5 4 76 3
1 2 71 2
1 2 46 4
2 0 59 5
4 5 26 4
2 5 90 4
4 2 12 3
3 3 20 4
2 3 60 1
0 2 21 2
4 1 44 0
1 1 -4 2
0 2 70 4
2 3 -4 1
2 1 64 0
4 3 15 1
5 5 26 3
4 0 86 4
2 1 88 2
1 1 62 0
0 4 40 0
4 2 68 4
2 5 15 5
2 0 68 3
0 1 68 5
2 1 16 5
0 5 89 4
5 4 57 4
0 1 0 0
4 3 25 0
2 1 46 1
5 4 73 0
5 3 17 0
1 3 67 4
0 0 3 0
0 3 45 1
1 4 13 3
1 3 79 3
3 0 52 4
5 1 79 5
3 0 22 2
4 0 71 0
4 0 29 2
0 0 6 1
0 4 25 1
4 0 50 4
2 1 0 2
2 3 34 0
4 0 82 1
0 0 -1 0
5 4 37 3
1 4 39 1
2 0 43 2
0 5 12 4
1 2 48 1
3 4 32 3
4 5 12 2
3 1 -10 4
2 0 54 2
4 1 51 5
1 0 18 5
0 3 91 3
3 4 15 4
4 1 34 0
5 2 98 2
4 3 20 2
5 0 -9 4
3 2 43 5
3 5 -3 3
0 0 20 2
0 0 80 4
1 4 11 0
1 3 70 4
4 0 48 0
5 5 48 0
4 3 99 1
1 4 63 3
1 1 6 0
3 4 91 4
0 2 1 5
3 1 16 4
2 1 60 2
2 5 85 1
2 0 29 2
5 2 39 3
2 3 77 0
4 3 9 4
3 1 90 0
0 3 85 3
0 5 30 0
4 2 63 3
2 0 73 4
3 4 66 2
3 0 -8 4
2 1 91 1
5 4 40 1
1 2 26 4
2 2 43 1
5 3 29 3
5 1 96 2
5 0 78 4
3 0 57 2
4 3 21 1
2 1 -10 4
1 4 30 0
0 5 18 3
1 4 93 3
4 0 16 5
2 2 88 0
5 3 77 0
1 5 66 3
4 4 13 5
2 1 2 4
0 5 55 4
0 2 19 4
2 0 15 4
3 0 10 2
3 5 7 3
3 1 -8 2
3 4 1 2
1 3 64 1
2 2 16 2
0 4 79 1
1 5 99 3
0 4 12 2
1 4 60 3
4 4 65 2
2 2 54 1
4 4 46 3
3 1 66 0
2 4 29 3
5 4 14 0
1 1 97 1
1 2 35 3
3 3 28 2
4 0 37 2
5 4 2 3
3 2 79 3
4 4 18 2
0 5 56 5
5 3 76 2
4 0 66 2
3 1 51 5
3 5 56 5
3 5 0 0
4 2 35 2
0 2 63 3
0 1 82 3
4 3 73 1
0 0 43 2
4 0 94 4
5 3 37 4
4 2 76 3
3 5 5 1
5 2 11 3
2 4 72 1
5 5 30 0
5 2 29 3
4 5 69 5
5 5 64 0
4 4 54 5
0 3 39 1
1 0 68 3
2 3 39 1
1 2 94 1
2 5 18 1
3 2 47 0
2 3 71 0
3 2 32 0
2 1 38 3
0 5 20 2
2 2 33 0
0 0 29 2
1 3 39 5
4 0 98 3
2 1 34 4
2 1 82 1
3 0 56 4
4 0 61 3
4 5 65 5
3 1 87 2
3 5 83 3
3 3 7 2
4 5 -5 5
2 0 73 2
1 5 95 5
4 1 84 1
0 0 57 2
3 3 34 4
1 3 53 3
3 5 31 0
0 4 96 1
1 5 -7 5
3 5 13 0
0 1 41 5
1 1 -1 4
1 2 44 4
3 2 37 5
4 2 60 4
2 3 -2 0
5 5 61 1
4 5 11 4
0 1 77 0
1 3 60 3
1 5 -9 5
5 4 -6 2
2 4 17 1
4 5 61 5
0 1 58 3
2 3 -2 2
0 2 18 4
3 3 58 0
2 5 43 2
4 2 80 3
5 4 79 2
1 4 7 3
4 4 49 5
2 5 87 1
5 2 70 5
5 3 31 5
0 0 17 4
2 1 37 3
0 3 69 2
4 5 44 0
1 1 71 4
3 4 73 5
4 4 66 4
0 5 14 4
4 4 10 4
3 2 45 4
5 1 7 2
3 0 41 3
1 5 -5 1
5 1 76 1
1 0 73 4
5 3 43 0
4 4 52 0
5 2 64 0
2 3 10 4
5 4 86 3
2 2 38 4
3 2 72 0
3 3 44 0
4 5 67 2
3 4 37 4
3 4 73 1
3 1 26 2
5 1 15 1
4 4 64 5
4 4 45 0
0 4 65 4
4 1 10 4
5 2 35 5
2 3 76 5
5 4 84 5
0 1 36 0
5 3 -3 3
4 0 64 2
3 0 5 1
2 0 20 4
1 4 51 1
0 4 0 4
4 2 70 2
2 3 57 1
0 3 32 5
4 5 91 2
1 1 30 2
0 3 38 5
0 2 89 3
0 1 15 3
3 1 97 0
0 5 89 1
1 0 33 3
4 2 17 5
2 3 91 5
0 1 70 1
0 4 96 2
3 3 85 3
2 2 82 0
