0 4 82.1516 2
5 0 74.5527 5
4 5 59.4751 5
3 0 87.1532 4
0 3 40.648 4
1 1 30.2886 1
3 2 88.368 3
3 0 22.3321 3
1 3 30.86 3
3 5 12.0983 5
0 3 18.2922 4
5 5 31.0461 5
3 4 35.2674 4
2 1 56.9356 3
5 4 89.1798 3
3 0 94.6303 5
0 1 0.6119 3
3 1 49.2387 5
0 4 -4.0618 0
2 3 16.4337 0
4 2 74.9181 2
5 3 42.562 5
1 4 55.7649 5
5 3 68.6178 5
1 2 -5.7192 5
2 4 81.3461 2
2 0 18.0967 2
1 3 21.8808 2
4 3 40.5321 3
0 0 11.0502 0
3 0 79.9704 5
0 3 75.0494 3
3 2 90.4806 5
1 4 19.9321 1
3 0 48.0666 2
3 1 13.4684 4
2 1 72.6352 2
0 3 79.3344 4
0 0 1.3257 3
5 2 47.5044 2
1 2 4.7961 2
1 0 79.0094 5
0 0 20.356 5
4 1 15.1285 4
4 2 50.6059 1
4 2 16.4956 1
4 5 96.3701 1
5 4 54.692 1
3 4 39.3003 5
3 3 35.9688 2
1 5 17.3212 1
2 1 49.9764 4
3 4 67.9069 0
3 0 30.2612 3
3 2 6.9566 0
1 2 47.0845 2
1 5 4.6208 4
3 3 53.0025 3
2 0 5.527 5
0 1 57.1621 5
4 2 53.278 4
4 1 47.231 2
1 1 3.8366 0
3 4 79.9437 1
1 3 12.1215 2
4 5 95.7493 5
2 1 0.2719 3
2 0 40.574 0
2 3 95.4116 2
1 4 90.3428 4
3 0 13.0514 2
2 1 -0.6057 0
0 2 55.6817 5
3 2 72.4572 1
3 5 73.2198 4
1 0 85.642 3
3 0 51.258 0
3 3 62.476 0
3 2 94.3686 3
1 2 34.2212 5
5 2 82.8389 3
1 3 47.2962 3
4 0 63.7073 1
1 4 77.8876 3
3 3 38.7174 4
4 1 21.0292 2
5 5 -5.7107 3
0 2 5.4699 2
0 4 21.6019 4
3 1 0.4461 4
0 5 85.1865 3
1 3 82.4203 3
1 1 -8.8651 4
4 4 -4.4974 4
1 5 58.2849 5
1 2 62.6455 4
3 0 90.2038 5
3 5 91.3821 1
0 4 13.879 5
3 5 51.9684 1
5 0 59.0798 0
3 0 70.7527 3
4 2 9.3951 4
0 0 74.3209 1
4 2 55.9988 5
2 1 57.6731 5
4 0 71.1498 3
1 3 6.3677 2
1 4 93.3144 2
3 2 40.2748 3
2 2 96.2479 5
3 4 84.4482 3
5 5 94.4697 1
4 2 7.5934 4
1 1 18.2481 3
1 5 41.782 5
5 5 99.5193 0
3 4 8.4534 5
2 4 49.1472 0
3 1 97.8759 4
1 0 19.0877 3
2 0 40.5472 1
4 1 28.2313 5
3 4 33.6554 5
3 5 -6.0815 5
0 1 30.1926 4
3 1 35.8376 0
3 4 74.6039 2
2 5 72.0072 4
2 2 54.1196 2
1 3 76.4478 1
4 3 90.9151 1
0 4 24.8702 1
2 1 74.5264 4
2 5 -2.1683 1
1 2 11.8442 1
5 3 16.1952 4
1 0 9.9062 3
4 5 64.9857 0
4 2 29.3104 4
1 2 -7.2885 5
1 0 17.6227 4
2 2 40.9728 5
4 1 36.5886 2
0 0 -3.001 2
0 1 4.7955 5
0 1 54.5424 4
3 1 66.8756 2
1 1 12.8639 0
5 3 8.6935 4
5 0 72.505 5
1 0 42.7218 2
3 5 22.2609 4
4 1 28.2684 5
1 5 70.2163 4
0 3 15.4234 3
0 1 83.4253 5
0 5 72.9274 0
3 1 71.6701 2
2 5 85.182 3
5 1 2.1394 2
0 2 49.0802 4
5 5 84.7633 5
5 4 18.1838 0
5 5 59.3781 0
1 2 21.3436 4
2 2 67.1552 2
3 1 30.7744 2
1 2 95.4241 1
4 2 16.7357 2
4 1 -7.7708 0
5 4 93.7935 4
2 4 21.8227 0
3 2 13.599 2
2 5 41.5937 0
2 5 98.2115 1
1 1 24.1723 5
2 1 76.978 4
1 4 38.4744 1
1 2 93.5389 0
1 1 37.7016 3
1 1 32.1364 1
0 2 65.6981 2
0 2 63.1485 4
1 1 60.5823 2
4 2 74.8552 3
0 5 -7.1632 5
5 3 17.2571 5
1 1 55.3538 4
2 3 10.6423 1
5 0 68.4518 1
4 4 15.0561 1
1 5 84.8506 3
4 1 76.0941 3
5 2 90.5526 4
4 4 86.468 5
0 1 22.1642 2
5 1 75.6275 0
3 1 99.7687 0
3 0 27.8442 1
3 4 50.7866 2
1 2 76.0215 3
0 0 1.6001 2
5 1 50.6319 0
5 4 51.8099 0
3 3 60.9343 3
3 2 22.0726 3
4 4 49.2837 5
0 5 1.2605 5
0 1 12.2751 1
1 1 96.8504 5
5 5 59.637 2
3 3 0.3783 0
3 5 22.3683 5
2 3 11.3444 5
1 1 89.3378 0
1 4 78.0721 2
5 2 41.8044 3
3 0 40.9135 4
5 2 46.0759 5
3 2 36.1799 1
0 5 26.1513 2
4 3 49.6516 2
2 3 -3.1893 3
5 3 61.6142 1
4 1 65.2917 5
5 2 23.1859 5
2 3 6.9274 0
1 4 99.4456 4
1 2 -2.4956 5
4 1 13.4785 3
5 2 40.8925 5
0 4 32.7545 0
3 2 0.741 1
5 4 32.5952 0
5 2 72.2191 3
1 5 40.585 4
3 4 61.6946 5
5 1 17.5643 0
1 2 23.5046 0
4 4 48.7114 2
0 4 19.1121 2
3 4 36.6865 0
2 5 80.7291 3
3 4 26.7594 1
5 1 29.3103 2
4 1 73.4954 4
1 5 98.9931 3
3 3 65.9817 3
3 4 -8.0997 1
5 1 54.15 2
0 0 81.9541 3
0 4 97.2154 5
3 2 79.5212 3
2 5 48.7191 4
0 5 28.4857 0
4 2 55.2924 1
2 3 17.7411 1
0 5 64.7584 0
5 2 -7.8997 5
1 0 8.1736 3
1 0 46.6034 0
0 2 84.6642 0
2 2 57.8902 4
0 3 72.2585 3
0 0 76.455 4
4 5 48.0289 1
1 3 66.8632 4
0 1 4.1014 2
5 1 65.1516 0
2 1 51.3012 5
2 0 0.1075 4
4 5 46.3248 4
0 5 78.5561 2
1 3 28.8091 2
4 0 81.2006 2
1 4 -8.8179 3
0 4 93.0061 1
2 4 30.8564 2
4 0 81.9808 2
2 1 67.8657 5
4 1 42.5045 3
4 4 12.1466 2
0 1 4.1178 5
1 4 80.866 4
1 1 17.6686 5
1 4 -5.3202 2
5 5 89.2515 1
2 3 22.7129 1
0 2 11.766 1
0 0 40.3475 2
0 1 46.6126 1
0 4 0.7762 3
5 0 -0.5208 1
3 5 37.0137 3
0 3 24.4005 3
3 3 20.5523 5
0 0 82.4165 5
2 3 65.3013 5
1 4 31.7611 0
2 4 35.5214 1
2 0 36.8543 2
1 1 70.376 3
2 2 41.1811 1
2 0 81.1692 5
2 2 8.321 2
1 3 38.4637 3
2 3 41.5178 4
3 2 93.5314 1
4 5 -9.6373 2
3 2 64.7015 5
4 5 -6.5668 4
4 3 68.1049 0
0 1 94.5258 1
4 0 10.1031 5
3 0 19.5354 3
0 5 11.9485 4
1 2 18.046 5
0 2 17.7637 0
5 3 63.0615 4
1 1 26.1585 4
5 2 93.3938 4
1 1 16.4764 2
0 1 48.7693 1
2 2 98.7853 2
3 1 38.4831 3
5 3 54.073 5
1 3 40.4588 2
2 5 54.2326 3
0 5 54.9094 5
1 3 8.4552 1
2 4 7.5719 3
5 0 2.019 0
1 0 8.298 4
0 2 85.4158 0
5 2 82.9418 0
3 1 62.4124 5
3 0 6.1884 0
2 5 39.3534 2
1 5 93.2538 0
4 3 55.2365 4
1 3 8.33 4
5 5 1.3579 4
0 2 70.5714 2
1 4 52.0704 4
1 2 33.8902 5
4 3 36.2983 1
5 4 67.7811 4
2 1 72.385 4
5 4 34.4792 0
3 3 22.8775 1
1 5 50.6443 0
3 5 99.685 4
3 1 1.4632 5
2 2 51.982 5
2 3 25.5248 0
0 1 9.237 1
4 5 38.3689 2
3 5 5.5684 5
0 4 98.6952 4
1 2 46.5709 2
2 4 -2.0586 4
4 1 81.9321 3
1 1 41.8551 1
3 0 28.1502 3
3 0 53.0303 3
4 4 47.9084 3
2 0 18.0424 5
2 4 17.1796 0
3 1 65.7621 2
0 3 95.7879 0
0 2 26.1514 5
3 4 85.0059 5
4 3 72.5496 3
1 0 -4.8647 1
0 0 28.6626 4
0 2 -0.6537 0
0 3 21.8566 4
0 0 64.0303 1
4 0 16.2863 2
5 4 56.4825 0
4 5 89.4382 3
5 3 96.0275 4
4 2 54.1312 3
0 1 27.5134 2
4 5 84.5985 0
3 0 51.3342 2
4 4 23.6825 0
2 4 96.0941 3
2 3 12.8656 0
5 0 37.4549 3
2 0 49.3145 0
4 1 67.9257 2
0 3 97.6333 0
5 0 -9.5379 5
3 3 -0.8625 2
2 1 57.2042 1
2 1 56.2245 5
1 1 24.03 4
4 1 83.9204 5
1 3 86.6276 2
0 4 98.5915 5
0 1 27.759 4
4 5 48.0061 4
3 4 28.7624 2
3 3 64.4713 0
4 2 64.174 0
2 4 93.5802 1
5 4 61.8814 1
1 5 -2.9848 5
4 5 19.5472 1
3 5 -3.652 2
1 3 9.4709 1
3 3 75.1498 4
4 0 12.8268 3
2 3 36.1553 1
0 2 43.1877 4
0 1 40.6998 5
0 3 5.6596 2
2 4 2.0912 4
1 3 32.6331 3
3 4 75.7696 0
0 1 7.6621 0
5 3 22.4073 1
2 2 44.4521 5
5 0 73.7125 1
5 3 60.9928 1
3 1 -2.4129 4
0 1 4.6112 5
5 5 -3.6904 4
3 5 56.2503 4
4 5 76.5449 2
5 2 45.9685 1
4 4 19.9185 2
5 2 71.7892 4
0 2 57.1707 3
1 3 97.8619 1
4 1 34.9745 1
1 4 71.1457 4
1 0 66.6468 3
0 4 -3.7046 0
1 3 -6.1893 5
3 3 -6.8464 5
5 2 91.7101 2
3 3 83.6604 0
2 2 88.4356 3
3 0 6.9566 4
1 0 77.9969 2
5 1 4.1889 0
5 5 72.6714 5
5 0 75.4786 3
0 2 16.6893 3
0 1 68.5593 1
5 1 52.9904 5
1 1 51.2868 4
3 0 75.144 5
0 0 52.2799 2
5 4 42.543 4
0 4 3.3945 2
0 2 20.7129 4
2 2 44.5946 2
4 3 51.5379 1
4 4 49.4975 4
2 3 84.9443 3
1 4 36.0678 1
4 4 36.445 1
0 2 57.9689 5
2 3 49.2438 5
1 2 80.9585 1
0 0 62.4237 2
4 5 22.2981 0
5 5 90.352 3
5 4 20.2463 2
1 3 20.8658 2
4 3 26.868 4
4 2 48.3757 3
2 4 51.8144 0
2 5 43.2306 1
2 1 73.7087 3
2 1 19.0642 4
5 3 47.345 5
2 3 56.3764 3
2 5 22.6936 2
3 2 53.1976 0
4 1 93.408 4
1 0 58.4255 0
0 2 34.4476 3
5 5 18.0297 5
3 2 69.5803 1
0 5 56.9003 3
4 4 -9.3351 1
0 0 56.1803 1
3 0 52.8747 2
2 0 74.003 5
4 3 90.5967 2
0 1 64.2348 2
5 0 56.7769 4
3 1 79.3183 2
4 5 77.4752 0
3 4 13.1526 0
3 4 -0.0948 2
4 3 43.7648 3
1 0 95.2135 0
2 3 74.2353 3
1 1 35.1458 2
1 4 18.6772 4
4 5 19.556 2
0 5 52.6912 5
1 4 0.8837 1
1 4 28.2171 0
1 1 56.0194 1
2 5 3.6679 2
0 4 2.2652 4
5 5 94.6349 4
1 5 3.919 5
1 0 21.7826 3
0 3 38.8739 1
5 1 12.7941 2
2 1 91.808 5
5 1 36.3113 1
1 1 41.1123 5
4 1 75.4115 5
4 1 9.8933 1
0 3 69.0472 4
2 3 13.9413 2
1 2 48.9989 0
0 5 2.7619 0
5 4 -6.5151 0
2 4 98.7775 4
0 3 -9.1565 3
2 0 58.6836 4
4 1 -6.5301 2
3 3 50.4171 1
0 4 55.1774 2
2 1 60.354 0
5 2 30.5278 4
3 5 -4.7179 3
3 1 78.5532 3
1 4 32.6961 2
4 3 53.2354 3
4 2 25.5756 2
1 0 1.0335 3
5 2 0.5147 5
1 4 97.6062 3
3 1 8.7946 4
3 1 85.5028 4
3 2 98.8528 5
1 0 64.7987 4
3 3 81.772 1
1 0 97.0789 5
4 5 47.351 5
3 3 -6.581 0
3 1 9.0444 0
4 3 79.883 2
1 2 51.0314 0
3 0 25.8287 3
1 1 3.2981 1
4 1 91.7248 1
0 3 62.4974 5
3 4 27.4699 3
4 5 50.7304 1
4 0 2.2951 3
5 3 78.9479 1
2 3 1.1479 5
5 4 63.5586 5
0 5 36.369 5
1 5 -4.3363 1
0 1 -3.5094 4
5 2 1.1066 1
1 1 14.9473 3
5 3 10.6046 2
4 1 86.8491 0
4 4 8.2003 2
4 0 90.6085 3
5 2 49.5433 4
0 5 2.9322 1
4 0 38.7175 3
3 5 19.4701 3
3 4 70.9507 3
0 0 30.8304 3
2 4 8.3421 4
2 3 99.1926 3
2 4 71.1794 1
1 5 18.2125 4
1 0 25.062 2
1 1 1.0651 0
1 2 49.0122 5
3 5 90.844 1
5 0 20.5542 1
2 0 28.9989 0
3 5 2.2777 4
5 2 83.0075 1
2 5 51.5176 0
0 4 50.4657 1
0 3 38.3464 3
5 1 93.3319 0
5 0 58.1615 1
1 2 90.0321 4
3 3 35.6996 4
4 0 9.8615 5
5 2 19.8536 2
3 4 5.5937 3
5 1 77.5618 3
4 5 30.1532 0
1 2 72.7166 0
5 5 52.3181 0
2 4 87.0889 3
1 4 -0.0133 3
0 2 44.7606 4
5 4 46.2663 0
0 5 -0.841 4
0 5 51.1233 3
5 1 76.3561 0
0 4 52.2785 2
0 5 22.9388 4
1 1 66.7652 4
2 0 64.7274 5
4 0 69.0229 4
1 0 47.1687 4
5 3 5.6408 1
2 1 -1.4805 5
5 2 66.8881 4
5 2 2.1214 3
1 2 58.5972 0
3 0 8.3865 4
2 4 67.0094 5
2 3 44.3543 1
1 4 15.3077 2
3 0 52.428 3
1 0 41.5344 5
5 2 36.9613 3
1 3 96.688 3
5 2 66.978 2
2 3 83.0061 0
3 5 83.978 5
0 4 0.1928 5
3 3 58.9134 3
0 2 43.3902 3
0 0 47.4769 1
5 2 97.4572 4
3 2 98.8204 5
5 5 87.3043 3
5 2 93.8459 1
0 5 61.5587 4
5 3 73.0122 3
1 3 98.3691 4
1 0 -4.4613 1
1 0 55.9003 5
2 2 27.9638 1
5 3 95.9398 4
5 0 10.3854 3
4 5 71.2888 3
4 0 51.3643 0
2 2 50.6723 1
1 3 3.8425 5
0 5 67.8745 3
4 5 12.8602 0
4 4 -8.635 0
0 4 52.2346 3
1 0 10.8009 4
3 0 55.4541 5
2 5 77.2075 5
3 0 41.2358 3
1 5 39.2002 0
0 2 65.557 3
4 1 21.2275 0
4 4 72.9969 3
5 4 63.7578 2
0 0 48.2207 3
2 0 -6.4344 3
1 5 79.341 0
1 2 27.951 3
2 2 -5.1255 5
0 3 -3.7383 1
4 3 61.0513 3
3 4 9.1246 1
0 0 78.7813 2
5 1 67.9467 2
5 0 61.4987 5
2 4 36.0275 2
1 2 74.8816 0
0 0 62.4232 4
4 4 0.621 5
5 0 30.5707 0
3 5 43.9603 2
5 4 33.9061 3
2 0 16.3938 3
5 3 88.906 0
4 3 90.5096 1
5 3 36.4096 2
4 0 25.5467 4
4 5 -0.3958 0
1 0 59.5827 3
5 4 -3.6179 5
4 4 95.0609 4
5 3 27.304 3
5 5 12.0775 0
1 3 85.6015 1
1 2 67.6061 4
5 0 58.1275 4
1 2 43.8163 2
1 5 67.0342 2
1 0 2.2028 0
4 0 55.4907 4
4 2 80.9417 5
0 1 69.8098 4
3 0 94.3277 2
3 1 60.1357 0
1 0 62.0459 2
0 1 24.4301 2
1 2 -6.1883 4
2 3 20.556 5
0 3 78.8993 3
2 1 57.9294 4
4 0 -3.0788 4
1 2 94.9453 1
4 1 9.3485 2
5 3 61.1559 5
5 3 16.2716 2
1 5 8.666 0
2 0 2.3934 3
4 5 38.2106 3
5 5 13.0032 1
4 4 -3.3547 5
1 0 12.077 0
4 2 -4.639 1
1 5 -6.8538 2
3 1 31.867 3
2 3 53.3427 1
0 1 19.0572 1
0 1 79.8953 5
0 0 59.932 4
4 3 -4.3748 3
5 0 40.6876 0
4 0 67.9149 3
1 5 3.7817 1
1 2 84.8803 2
2 1 80.6378 3
2 3 46.0623 5
0 1 90.6299 1
5 3 31.9364 4
0 3 65.0231 1
1 4 -2.4606 0
2 0 31.15 0
2 4 -3.0041 0
4 1 68.3859 1
3 3 61.8435 0
2 0 32.735 0
4 0 -5.0056 1
0 1 83.4417 4
1 1 7.5216 3
5 5 72.245 3
1 0 28.2376 1
0 4 57.1712 4
1 0 83.9694 3
5 4 87.8094 5
2 3 30.2882 4
2 5 52.7755 2
0 5 56.123 0
3 5 44.5128 4
2 0 78.4493 1
0 0 38.8769 3
3 4 46.0942 1
0 5 13.3338 5
4 1 82.4346 3
0 3 19.2504 0
5 0 53.5999 3
3 1 56.6818 4
1 1 88.2042 1
1 1 -0.5487 5
4 5 65.264 0
4 1 89.1273 3
0 0 25.3388 1
3 4 82.4107 2
3 3 82.4968 3
4 2 43.4795 4
5 3 -7.6388 4
3 5 40.4949 5
5 0 74.717 4
2 5 88.4675 1
4 5 9.5598 5
0 3 32.2484 5
0 5 97.7489 0
0 5 34.5345 4
1 3 18.3825 2
5 2 87.3918 1
1 3 9.3595 3
0 2 67.085 1
1 1 -3.8271 2
1 5 61.0571 3
4 5 87.5669 0
5 3 23.3014 1
0 1 74.0053 2
2 1 47.9377 2
5 2 84.3848 3
1 2 60.8406 5
3 5 44.6042 2
0 3 65.1456 3
3 3 87.1489 5
1 0 3.6607 0
0 2 81.6964 1
3 5 55.6297 2
4 4 51.0045 4
2 4 51.661 2
3 3 61.5919 2
2 1 79.5174 3
5 0 0.2396 4
1 4 91.4343 3
5 2 51.637 3
2 2 94.383 5
3 4 -5.6081 2
5 1 22.1727 3
4 5 25.6327 3
2 5 93.2486 5
0 4 7.1504 0
3 5 86.2707 4
1 4 21.7426 0
2 2 97.0403 2
4 1 0.6618 5
1 3 75.7525 1
4 3 46.2408 2
0 2 3.8965 3
3 1 89.3852 1
2 5 87.5317 0
1 5 -8.5397 0
4 3 76.2021 0
4 4 68.8723 2
5 1 61.5265 5
4 5 75.0566 2
5 5 50.2828 3
4 2 45.5524 5
4 0 96.8568 0
1 0 33.2735 0
2 0 87.2597 3
4 2 27.105 5
3 5 94.5946 3
1 0 83.4059 2
1 5 31.5997 0
2 1 11.6503 1
2 1 78.4117 4
2 4 27.6655 0
0 1 76.8613 2
0 1 37.1721 3
0 2 71.1186 3
2 1 82.9361 4
5 4 60.5127 5
1 2 10.27 0
2 1 86.6633 0
5 4 29.2029 1
2 0 16.1992 1
2 2 70.9755 3
2 0 22.2464 5
5 1 38.9166 5
2 1 74.899 0
2 4 52.0671 4
5 3 21.2298 1
3 1 83.5717 3
5 1 57.8171 2
4 4 72.2265 5
0 2 1.5764 4
4 1 17.0402 5
1 2 74.3267 1
4 1 42.1668 0
3 3 -3.7357 5
1 5 96.4884 4
4 2 66.6939 1
5 4 54.1912 1
4 3 33.1709 2
0 4 32.6563 4
0 2 77.7905 4
3 4 70.9912 5
2 4 68.349 2
2 0 52.9015 2
2 3 31.8303 0
4 1 50.0723 4
0 4 69.2285 0
4 5 86.3883 4
1 1 79.3684 0
1 5 55.6534 2
5 3 -2.1096 5
1 3 13.5985 0
1 3 60.4221 3
5 5 31.1566 1
1 0 52.633 0
5 4 39.3392 3
4 0 -0.9363 3
3 2 41.3765 3
3 4 34.7467 0
2 0 48.7082 2
4 0 -0.847 5
4 2 16.839 1
0 3 38.822 1
2 5 42.6801 5
2 2 27.0737 3
1 2 -0.0728 4
3 2 41.9638 5
4 1 57.1217 0
4 2 97.8892 0
0 1 12.6082 3
3 5 63.6801 5
4 5 93.4445 1
0 2 84.9622 0
4 4 23.9006 0
2 3 87.3094 3
1 2 90.3136 1
4 3 97.3982 3
4 5 12.2379 2
4 0 4.4956 1
5 2 1.2033 1
1 0 33.1785 4
0 4 55.422 1
2 5 -6.7536 5
4 1 -5.8938 3
5 3 11.8905 5
2 0 3.0962 2
2 0 72.812 0
5 0 47.2105 4
2 0 -2.0919 0
2 5 6.2277 3
2 2 14.3571 1
1 2 23.3086 1
1 3 99.3916 5
2 2 69.5218 4
3 1 89.948 2
5 2 57.3949 0
3 0 24.7217 0
4 0 71.3927 0
1 0 55.4874 2
2 4 23.566 2
1 4 36.1456 4
2 1 2.9712 2
2 0 19.0398 2
2 1 30.5087 1
4 0 47.9737 3
3 0 1.8843 3
1 3 35.3379 3
1 2 62.8191 5
3 2 47.1142 2
3 4 79.215 1
3 5 -6.6191 2
4 1 0.6857 2
4 0 55.3695 2
4 4 84.8756 1
4 1 42.0134 3
0 2 30.2924 4
2 1 33.2381 5
1 1 8.1009 4
3 2 42.6082 4
0 3 46.487 0
5 3 42.4832 2
5 2 30.4051 1
1 4 29.0519 3
5 2 64.1381 2
1 2 83.3629 2
3 3 18.9011 1
5 1 86.0691 2
4 4 52.0759 4
3 0 90.3737 5
4 2 91.9666 4
0 1 27.7189 0
2 0 75.3463 1
3 4 43.865 1
3 0 -2.2762 4
0 4 92.069 5
3 1 59.4872 3
2 0 32.6643 4
1 0 76.2501 2
3 2 48.5445 0
3 5 93.9222 1
3 1 65.1186 2
4 0 64.7001 4
2 4 23.8104 3
5 4 78.7633 4
4 5 58.9867 1
1 2 78.8195 2
4 5 71.5105 3
4 1 57.387 3
2 3 19.065 4
5 3 31.8004 1
0 4 17.2137 4
1 4 47.0489 5
1 4 23.8912 4
5 0 53.713 2
1 3 85.0684 1
1 4 30.0564 1
1 5 99.5032 0
0 4 42.3397 3
5 1 61.772 5
0 2 14.5423 1
4 2 69.9976 4
4 4 47.735 4
2 1 24.6259 4
2 3 71.8322 5
3 1 31.7478 4
2 1 -4.6605 3
2 0 71.3348 4
0 5 -3.1306 3
5 4 85.3632 0
1 1 48.8248 5
5 1 17.9769 2
