4 1 13 5
1 0 11 3
2 2 79 2
3 4 36 4
0 0 44 3
0 3 51 3
5 2 -3 5
1 2 -6 2
2 1 57 5
1 5 90 1
1 3 4 1
5 1 -7 2
5 5 1 4
5 4 20 5
2 4 34 2
2 1 41 1
4 1 40 4
0 1 92 0
3 5 23 5
3 3 18 3
1 5 87 1
0 4 16 2
0 0 13 0
0 0 44 4
5 2 63 5
4 2 25 0
2 0 98 1
1 1 63 5
2 3 1 3
1 1 75 5
4 1 73 0
1 4 87 0
2 3 31 3
0 5 71 0
4 3 58 5
3 3 79 3
0 2 3 5
1 3 4 0
1 5 32 0
0 5 13 4
3 5 16 4
3 0 97 3
4 0 8 0
4 2 3 0
3 4 -5 5
4 1 44 0
2 2 4 1
0 0 4 3
3 2 7 5
5 1 38 2
4 2 30 3
5 4 95 2
0 1 95 1
0 5 63 4
2 4 8 4
1 3 16 1
2 1 77 0
3 4 45 3
4 1 40 0
1 4 6 2
4 0 80 1
1 3 64 4
4 5 90 3
4 3 33 5
5 3 2 2
5 0 46 0
2 0 -1 2
5 2 16 3
1 5 90 4
1 3 31 1
4 1 11 1
3 4 0 2
1 0 41 5
4 0 10 3
1 4 38 2
3 5 28 2
5 5 85 0
1 0 34 5
3 2 -4 0
4 1 7 2
2 1 42 1
2 5 89 1
2 1 -5 1
3 0 42 3
2 1 31 2
0 5 -6 1
5 1 2 4
5 1 7 2
0 3 21 2
5 1 25 3
5 2 58 0
1 4 34 2
0 5 80 3
5 4 96 5
3 5 -5 1
0 4 -3 1
5 5 75 3
5 0 39 0
2 0 12 0
3 0 -1 2
5 2 65 1
1 0 30 3
3 1 97 0
2 1 23 0
0 4 67 5
0 5 20 0
3 1 29 5
5 2 39 2
4 3 53 4
3 3 41 4
4 5 4 3
5 3 60 5
3 2 69 1
1 3 98 5
1 1 91 4
1 0 19 1
1 4 43 3
4 3 94 5
5 3 43 1
1 3 18 4
1 3 23 3
2 1 29 3
1 5 11 2
1 5 81 3
4 0 35 5
3 2 54 3
0 2 18 0
3 3 98 2
4 3 -4 2
4 3 63 2
5 5 32 3
2 2 47 4
3 2 99 4
2 2 42 2
5 0 34 2
1 2 53 3
2 4 92 2
4 0 79 2
0 0 23 0
5 3 3 0
4 1 39 2
5 4 54 2
0 3 31 4
0 0 27 3
1 4 3 5
0 5 35 3
0 2 23 1
4 3 29 1
1 3 48 2
5 5 41 2
0 0 62 5
5 5 98 4
4 2 15 1
3 4 90 3
4 5 86 2
5 1 1 2
5 0 99 5
1 3 26 5
0 4 77 4
3 5 29 5
2 5 72 1
5 2 74 5
3 0 -10 0
1 5 25 4
1 0 73 4
5 5 5 3
2 1 -8 2
1 3 -4 2
5 2 87 5
3 3 27 1
3 3 50 5
5 5 47 5
5 5 79 2
4 3 97 1
4 5 57 3
3 5 30 4
3 2 17 4
3 1 96 2
0 4 76 4
5 2 4 5
0 2 27 4
5 2 67 4
5 1 33 1
0 0 2 4
3 2 37 3
1 0 33 0
0 1 86 3
1 0 -3 0
5 3 86 0
3 1 98 3
3 0 40 3
5 1 7 2
5 2 0 5
3 0 20 3
4 5 43 4
5 5 19 5
4 3 60 4
2 1 72 3
2 4 36 0
5 5 68 5
1 4 1 4
4 1 29 3
4 3 33 0
0 4 96 3
1 0 36 4
3 1 58 4
0 2 10 2
2 3 72 2
4 2 94 0
4 4 51 2
0 3 84 0
4 1 43 4
0 2 81 1
4 5 58 4
2 1 44 0
1 2 76 2
2 3 52 2
4 2 33 3
5 1 35 1
3 1 13 2
0 5 86 0
1 3 98 1
1 1 62 1
1 4 60 3
3 4 32 3
5 1 83 2
4 1 58 3
2 0 58 2
2 5 77 1
4 0 68 4
1 3 89 0
5 0 44 4
5 2 60 5
2 4 64 3
1 5 13 1
0 5 -9 4
1 5 83 0
5 0 54 4
5 5 37 4
4 3 65 4
1 2 86 5
0 1 46 5
3 0 32 4
4 3 25 2
0 0 92 0
5 2 99 3
0 1 97 3
4 2 70 2
5 4 99 4
4 5 98 3
0 0 57 4
5 2 43 1
1 2 35 0
5 4 18 0
4 1 82 4
0 1 15 0
3 3 60 5
5 3 31 0
1 4 43 4
1 2 21 2
2 5 49 4
3 1 65 0
4 2 18 3
1 0 5 1
5 2 99 1
5 3 15 3
0 0 7 1
0 5 95 1
4 3 62 5
1 3 43 4
3 4 89 0
3 4 79 5
1 1 80 5
2 5 51 1
4 1 91 4
3 3 61 5
1 3 79 5
0 3 90 5
5 2 28 1
3 4 81 3
4 4 100 5
1 1 70 5
5 5 66 2
2 5 9 2
3 3 95 3
3 5 13 2
1 1 74 5
1 1 80 5
4 5 -3 2
3 2 96 4
0 3 25 2
0 1 17 2
2 0 -5 3
3 4 67 3
0 3 5 0
5 5 38 2
4 3 22 3
1 4 70 0
4 4 92 5
1 3 80 0
1 0 95 0
4 3 77 0
2 3 21 2
1 3 21 4
5 1 44 3
4 3 57 1
3 1 24 5
1 0 39 0
2 1 55 2
3 2 25 3
4 1 59 3
1 5 -2 3
2 0 0 4
3 0 69 1
3 0 79 5
5 2 50 4
1 4 53 4
0 4 13 5
4 5 95 1
3 0 56 5
5 3 1 5
5 1 51 2
4 2 100 4
5 0 57 4
1 4 38 1
4 5 0 0
1 1 47 2
2 3 -2 1
4 5 46 2
3 2 40 0
1 5 23 4
1 2 48 4
3 1 84 4
3 5 27 2
4 5 64 5
2 4 4 1
0 1 3 1
0 3 73 3
0 1 7 4
3 4 32 4
4 2 86 5
1 1 11 1
2 3 55 5
3 5 62 1
2 1 53 0
2 3 10 0
0 3 54 5
2 2 82 2
5 3 65 3
5 1 56 2
1 4 10 0
3 0 14 1
0 2 34 1
3 5 37 2
0 0 70 3
5 2 83 4
2 1 27 1
3 3 53 0
2 1 22 3
1 3 83 4
3 2 63 0
4 0 97 5
3 1 11 4
2 4 -7 5
3 2 72 0
1 5 6 2
4 2 82 5
5 3 63 2
2 5 100 2
1 4 36 3
3 5 29 3
4 0 76 0
4 5 61 3
1 4 -4 1
4 2 6 2
0 5 62 3
2 3 28 5
0 0 61 3
4 2 24 3
1 3 -10 5
3 1 72 4
5 1 33 0
1 0 -2 0
5 5 45 2
4 4 35 3
5 4 89 0
4 5 25 4
3 1 -8 3
0 3 66 4
1 1 60 0
5 3 -1 0
4 0 64 0
4 0 99 2
0 0 93 5
0 5 75 0
5 3 59 5
3 0 -8 1
5 0 40 1
3 0 21 1
3 1 47 2
3 0 -8 4
2 1 5 2
5 2 40 4
4 3 85 5
5 5 32 5
5 3 -8 5
1 3 41 0
5 0 -2 2
0 4 52 2
1 1 89 3
4 0 67 3
5 1 39 3
1 3 34 5
1 5 100 2
3 1 32 1
5 1 81 0
5 1 43 4
1 5 7 5
5 4 70 0
1 1 76 4
5 2 89 5
1 4 21 2
5 0 46 3
4 1 49 1
5 4 57 3
4 0 28 1
2 5 41 0
0 0 34 0
5 0 100 1
5 4 59 2
5 3 91 0
3 0 69 1
4 1 14 3
1 1 36 0
2 5 65 0
3 4 -9 4
3 2 94 2
4 3 54 0
5 2 17 4
3 5 77 3
0 5 78 4
3 1 60 2
5 4 5 1
0 0 71 5
0 4 69 5
1 5 41 3
3 1 27 3
1 2 10 3
3 5 37 0
5 3 36 1
2 0 45 4
3 5 34 4
3 2 30 4
0 0 35 1
2 4 33 1
2 3 100 0
3 4 39 5
1 2 14 4
0 1 33 4
1 1 60 2
5 2 52 4
3 2 96 0
5 2 90 2
0 5 88 1
5 2 17 5
2 2 88 3
3 2 8 3
4 4 9 4
4 5 54 4
5 4 35 3
2 3 25 3
0 2 27 1
0 1 95 2
4 4 -7 2
4 1 2 2
3 4 74 0
4 5 29 5
2 4 60 4
3 2 93 3
5 2 68 0
2 4 -7 3
5 5 60 2
4 0 89 4
2 5 75 4
3 5 66 0
0 2 26 3
3 5 37 1
0 4 52 2
1 3 35 5
3 5 74 3
2 3 78 3
1 1 -9 0
0 0 17 2
1 5 23 0
5 5 12 1
3 5 93 1
3 0 59 1
5 4 31 1
0 5 74 2
3 4 99 1
2 3 17 1
1 0 10 1
0 3 45 5
3 5 20 4
0 2 77 3
4 3 51 2
3 0 64 1
2 4 81 4
5 3 34 0
1 5 85 3
0 0 29 0
0 0 54 0
1 4 82 1
4 1 40 0
5 1 87 4
5 5 -4 1
0 2 52 2
2 0 24 3
4 5 -6 4
5 4 28 3
0 4 85 3
5 3 99 2
3 3 42 1
1 4 81 0
4 1 78 4
0 1 9 4
3 4 15 1
0 4 97 2
2 0 69 3
0 2 52 3
1 0 94 5
4 5 93 5
2 1 72 4
1 2 33 2
0 5 6 4
2 4 73 2
5 5 10 5
2 1 64 1
1 0 68 4
1 2 96 1
2 2 30 2
4 5 72 2
5 0 90 2
1 4 60 3
1 2 72 5
0 1 91 2
5 1 87 1
2 3 14 2
0 1 15 0
0 0 12 1
2 2 40 1
3 3 63 2
3 4 96 3
0 1 65 1
2 0 23 1
4 1 84 5
5 0 4 5
5 0 91 1
3 3 77 5
5 5 77 0
4 0 19 4
4 2 32 5
5 0 71 3
4 0 94 3
0 3 2 0
0 2 43 5
3 3 35 5
1 4 24 0
1 4 38 3
2 4 50 4
2 5 33 3
4 5 55 2
0 1 100 5
2 5 40 1
3 5 46 4
3 1 16 0
4 4 4 3
4 2 75 2
2 3 95 4
0 5 47 1
0 3 96 0
5 5 82 5
0 5 -2 2
0 0 33 5
1 0 98 3
2 4 76 0
4 0 87 1
3 0 8 1
1 3 51 0
3 2 42 0
0 5 26 0
2 1 93 3
1 3 94 4
0 2 13 3
2 5 81 2
3 0 29 3
3 4 49 4
2 2 75 2
3 3 1 1
1 5 32 1
1 3 68 3
2 4 37 2
2 4 83 0
4 1 16 1
1 2 68 3
1 5 16 5
4 4 7 0
2 4 7 5
0 4 -10 1
2 4 80 0
3 5 41 0
1 0 59 2
4 5 -4 2
4 3 81 2
1 0 33 2
4 5 58 4
0 4 65 2
1 0 58 4
1 0 47 3
0 2 98 0
3 5 4 2
0 2 6 3
2 2 45 3
4 1 74 2
3 2 4 5
0 3 62 0
3 5 55 0
0 1 89 0
0 1 0 5
3 2 -10 1
4 1 1 1
5 2 81 1
1 2 51 5
2 2 33 2
4 4 13 0
3 5 -9 1
3 3 32 2
0 2 65 5
1 2 32 2
2 1 26 1
2 2 46 0
3 2 0 4
1 1 -4 5
4 5 93 2
4 0 53 2
5 5 -5 5
3 3 22 5
5 3 75 0
1 2 65 1
2 5 -5 5
3 3 43 2
3 3 49 3
2 3 64 1
3 4 18 1
2 3 24 2
4 3 -8 2
3 5 38 1
3 0 13 3
3 0 57 0
0 0 68 0
2 3 91 0
1 1 1 1
2 0 27 3
3 4 89 4
2 3 88 2
5 4 15 4
2 3 65 4
4 2 12 5
3 3 51 3
0 4 23 3
3 0 50 0
3 4 79 2
0 4 76 0
4 4 68 4
3 5 2 0
4 2 27 4
5 2 99 4
4 3 20 4
4 2 59 3
0 1 64 4
2 4 40 3
2 3 62 4
4 5 1 2
1 2 7 2
5 2 56 3
1 0 34 5
3 5 76 4
2 4 47 3
3 5 29 4
1 2 -9 2
3 5 57 0
5 1 60 0
0 3 27 1
1 5 62 0
5 3 23 4
1 0 36 2
3 4 97 0
1 4 -4 2
4 5 100 1
2 0 46 5
2 2 39 5
4 2 48 4
4 3 58 4
0 2 82 3
5 2 90 2
1 0 -3 4
5 1 -5 1
1 1 26 3
1 2 15 4
5 1 13 0
5 0 46 2
0 4 76 3
5 1 80 2
2 3 40 3
3 3 -7 1
5 3 2 3
1 0 99 2
3 0 22 2
2 1 91 4
1 5 64 4
5 5 38 0
4 4 17 3
5 4 53 3
3 3 55 1
5 4 5 4
2 1 78 0
3 2 100 3
1 3 67 1
0 4 28 1
4 5 63 3
1 3 29 4
2 4 24 0
2 5 36 2
5 2 54 2
5 3 48 0
0 1 48 1
4 1 -2 2
3 2 66 1
0 2 19 4
2 2 83 4
5 1 69 2
1 4 89 5
2 2 81 4
2 4 15 2
4 1 51 0
1 3 83 3
0 0 62 2
2 0 70 2
5 3 95 2
1 4 3 2
3 4 93 4
4 4 65 2
5 5 73 0
4 4 79 5
2 1 4 5
1 2 47 4
4 0 36 1
4 4 54 5
2 5 19 5
0 5 32 4
5 5 11 3
4 2 -10 4
5 0 34 1
0 3 13 4
4 0 -7 3
1 2 -1 3
0 3 61 0
5 3 64 5
5 2 -3 3
3 1 55 3
1 4 -6 0
2 5 37 4
2 2 -2 5
1 2 49 3
2 5 84 3
3 1 68 4
0 0 -10 5
4 2 65 3
3 2 38 1
1 2 54 5
5 1 3 4
0 4 22 2
4 4 25 3
5 5 -10 5
2 3 48 2
0 0 7 2
1 1 76 4
0 1 51 0
1 0 3 1
0 1 21 0
2 0 96 2
2 5 13 0
2 4 43 2
0 2 60 0
0 0 77 4
5 3 19 2
0 3 84 0
5 1 36 5
5 4 -9 4
1 1 92 3
2 1 17 5
0 2 71 0
2 5 68 0
1 4 63 0
3 2 12 2
0 2 14 0
0 2 32 5
5 3 48 1
1 1 -4 0
2 1 2 3
0 4 33 3
1 5 46 1
3 3 9 2
1 2 33 4
4 5 9 2
3 4 73 2
5 0 34 2
1 4 13 2
2 4 8 0
3 1 63 1
4 1 71 1
0 3 98 2
2 4 76 4
3 0 94 1
4 2 79 4
2 5 -1 1
3 0 49 0
3 4 87 2
5 2 2 3
3 2 36 0
3 1 34 0
4 1 47 4
2 0 31 2
0 0 22 2
2 4 -7 0
2 2 51 4
5 1 58 4
5 4 13 3
4 4 66 2
4 1 76 1
4 0 65 2
2 3 36 1
2 1 54 1
0 1 -5 1
3 3 11 3
3 5 3 4
4 2 92 5
1 2 100 1
2 0 35 1
0 0 -1 3
3 2 29 5
4 2 79 0
5 0 41 5
3 5 90 0
0 5 50 5
4 5 42 4
4 0 69 1
1 1 36 3
3 3 100 4
5 0 66 2
4 5 6 3
0 1 20 2
3 1 87 4
1 3 75 4
0 1 46 0
5 3 -6 5
2 4 24 2
4 4 89 2
3 1 55 4
5 0 8 1
3 5 21 4
3 1 -4 2
2 2 97 1
3 5 9 0
5 0 25 0
3 3 51 4
2 5 17 5
4 3 56 3
4 5 45 1
3 3 14 4
5 1 1 5
4 5 10 3
4 1 96 3
3 3 33 4
3 1 97 5
4 0 26 3
3 5 49 4
4 5 9 1
3 0 55 4
1 1 84 0
3 0 40 1
3 1 14 4
4 0 12 1
2 0 26 4
3 5 44 3
4 5 76 5
3 5 59 0
4 0 30 4
3 2 -3 1
4 0 28 5
2 2 3 2
3 2 64 3
2 2 66 5
1 0 25 5
5 2 97 2
5 1 10 1
0 0 23 3
2 0 -9 3
1 4 92 3
0 0 3 4
5 1 -4 2
4 0 61 0
1 1 35 1
1 1 77 4
3 2 66 1
4 5 37 5
2 2 25 4
4 0 13 3
1 0 14 0
5 0 65 0
4 1 0 5
4 0 26 3
1 2 37 4
0 5 2 4
3 1 13 3
0 3 22 2
0 2 97 3
3 3 5 5
0 0 99 1
5 5 33 5
1 0 6 4
5 3 -3 4
0 3 86 2
1 0 70 5
0 0 44 2
5 0 33 5
0 1 -1 5
3 1 63 1
4 2 -6 0
0 0 37 1
1 1 40 4
1 3 24 1
5 1 59 1
4 3 74 5
1 2 8 4
5 4 47 0
4 4 86 0
0 2 52 4
4 2 90 5
2 4 50 5
1 2 63 4
3 0 -2 1
2 2 76 3
3 3 90 0
1 1 63 5
0 3 93 3
5 1 24 0
3 2 47 5
0 4 89 1
0 5 96 0
1 4 80 1
4 1 52 4
4 3 91 5
2 3 59 5
4 0 -9 0
5 3 26 5
5 1 27 5
0 1 -4 5
1 2 33 4
1 5 9 3
5 3 73 2
4 0 7 4
1 0 79 1
3 2 71 1
5 2 61 4
3 1 58 5
3 0 85 4
4 2 3 3
5 3 63 0
4 0 33 3
1 2 17 2
2 2 65 3
3 2 37 1
4 1 -4 1
5 1 39 2
4 1 -8 2
4 0 20 3
2 4 -5 1
2 0 72 2
1 5 4 5
3 4 36 2
2 3 31 3
3 0 69 2
0 0 90 4
2 2 59 1
5 4 -3 0
1 0 44 4
0 2 75 5
4 0 -6 2
2 3 50 0
