4 3 27 4
3 3 82 1
1 3 64 4
0 2 22 2
1 2 65 4
0 1 47 2
4 4 96 5
2 1 32 1
5 3 17 3
0 4 91 5
5 3 28 2
5 2 54 5
0 1 -3 3
5 2 86 1
1 3 1 1
0 1 59 2
3 0 -8 4
1 1 3 3
3 1 -6 2
0 5 15 3
3 2 1 5
0 3 80 0
0 4 72 5
3 5 11 2
4 4 77 3
4 3 46 2
1 2 85 3
2 3 65 4
4 1 99 4
5 0 47 1
5 0 17 2
0 5 75 4
1 1 65 1
5 0 16 4
3 2 30 1
1 1 27 2
4 0 24 2
3 0 38 0
5 1 31 1
2 4 53 3
1 4 94 5
0 5 58 3
1 3 67 3
0 2 65 3
5 0 11 1
3 3 37 3
1 1 97 0
5 3 73 3
2 2 24 4
5 2 17 5
5 2 9 0
2 0 6 1
3 4 51 4
3 4 96 5
5 2 29 1
0 2 28 2
0 4 21 2
3 1 88 5
0 0 44 2
2 0 62 5
4 0 28 0
5 1 30 1
5 2 62 4
1 3 -6 2
3 0 -10 0
1 0 50 2
3 5 54 5
5 3 -8 2
4 1 33 2
4 5 38 3
5 1 20 5
0 2 2 3
4 5 93 1
4 1 66 0
1 0 27 2
2 0 34 3
1 2 63 3
1 1 75 5
4 0 -9 3
5 4 68 0
2 5 37 3
4 2 3 3
3 1 0 4
4 2 25 0
1 2 -5 3
0 5 62 0
2 5 74 5
3 1 51 4
3 0 29 2
1 0 11 0
4 1 89 4
0 2 45 1
2 0 84 5
1 4 12 2
0 1 66 0
5 1 88 4
2 4 21 5
4 3 0 1
0 4 -8 1
5 3 -8 1
1 0 31 4
1 0 50 3
0 4 11 5
5 2 68 5
1 3 38 0
2 0 24 0
3 0 26 2
3 5 83 2
5 3 73 2
1 4 16 2
5 2 -9 3
3 0 36 3
2 4 87 2
3 2 54 4
5 2 69 2
0 4 67 5
0 4 46 2
5 0 90 3
3 4 38 3
0 3 80 2
4 2 98 3
4 1 37 4
4 0 95 2
2 1 23 4
3 1 98 4
1 0 81 3
1 4 -5 1
1 4 2 4
1 4 80 3
2 3 86 4
2 3 9 2
0 3 25 2
4 5 84 4
2 5 26 5
5 4 69 4
2 1 100 0
1 5 -2 4
2 0 11 3
1 1 40 2
5 1 20 1
4 2 18 0
0 3 -2 5
4 5 11 3
5 1 80 3
4 4 42 4
5 4 8 0
0 1 27 5
2 0 24 5
2 1 97 1
2 4 -8 0
4 4 11 3
3 5 98 3
3 3 34 0
3 3 -4 2
3 1 27 3
2 1 68 0
5 4 71 4
2 1 90 2
3 0 30 3
5 1 86 4
4 2 14 3
1 2 8 0
4 0 55 3
2 4 -10 3
3 4 4 5
0 1 46 5
0 3 90 5
3 1 74 0
1 1 38 2
5 5 76 2
2 0 29 1
1 0 -3 2
3 0 10 3
5 2 24 3
5 3 -9 0
2 3 11 3
3 5 74 1
5 0 29 0
3 2 77 0
0 5 63 1
4 1 89 5
3 5 61 4
5 3 -10 0
4 0 77 3
4 4 2 2
0 2 17 2
2 1 96 5
4 2 98 3
3 1 41 0
4 0 86 3
5 0 10 0
1 2 56 0
5 1 85 3
4 3 47 3
5 3 18 2
5 4 93 2
3 4 95 1
3 4 13 2
3 4 2 1
2 3 76 2
4 5 95 1
4 3 63 2
4 2 56 1
0 3 79 1
3 2 95 0
0 0 19 0
1 4 27 5
0 5 19 4
3 0 37 1
3 4 84 0
3 2 60 4
2 1 1 4
4 5 25 4
1 3 81 2
4 0 4 3
2 1 28 0
2 3 36 4
4 4 91 3
2 3 10 1
1 3 14 2
0 5 98 2
0 5 -5 3
1 2 1 1
0 4 74 4
1 5 21 2
2 5 17 3
2 4 8 5
0 2 50 3
5 1 87 0
2 1 62 2
3 3 21 5
0 3 75 0
2 3 23 0
0 2 27 1
1 3 7 3
5 5 26 1
5 1 1 0
2 1 33 4
5 0 42 5
1 2 9 1
5 2 56 5
4 3 62 4
5 1 -1 0
2 2 60 3
2 4 71 0
4 4 4 0
3 4 -7 0
5 0 68 0
2 4 17 5
4 0 70 3
5 1 33 4
0 1 14 1
0 0 19 4
0 2 20 1
4 5 41 1
2 3 75 4
1 4 65 1
4 3 8 5
5 5 34 0
2 2 43 4
3 3 47 5
1 3 21 5
5 3 48 0
2 2 7 0
0 4 -9 4
3 4 21 3
2 1 52 5
0 1 1 4
5 3 35 5
3 1 -1 4
4 4 31 5
4 4 38 4
2 0 22 2
4 4 48 0
5 3 55 4
1 0 25 5
1 5 67 0
5 4 93 1
0 0 44 2
0 0 36 0
2 2 1 1
4 3 17 4
1 0 0 1
0 0 37 0
3 3 11 4
1 2 76 0
0 1 25 4
5 1 96 3
1 1 75 5
4 2 40 2
5 3 50 4
2 1 32 0
0 0 -8 3
3 0 94 5
2 2 18 0
3 3 71 4
1 3 51 0
4 0 46 0
4 2 65 5
2 5 38 5
3 2 89 3
4 1 3 0
5 3 23 4
0 1 27 1
3 5 31 2
3 1 33 2
2 0 63 2
0 0 11 1
5 3 98 4
0 4 54 2
4 1 69 2
3 4 31 0
0 5 48 5
0 0 78 4
4 1 91 3
4 5 28 3
5 2 11 2
1 3 11 1
3 4 46 2
5 2 94 0
4 5 95 3
0 1 65 0
3 3 30 3
2 4 5 2
0 5 44 3
4 1 55 4
1 2 86 1
4 0 52 5
4 5 64 4
0 4 -6 5
2 4 36 1
3 0 31 4
2 1 -5 4
3 5 45 5
2 4 58 2
0 4 47 2
4 3 78 1
4 0 74 1
1 5 -5 3
1 3 75 1
5 4 12 0
1 2 69 5
0 4 7 0
3 2 -1 4
5 3 98 0
0 3 56 0
0 5 44 4
3 2 4 4
4 2 54 5
5 0 -9 5
5 1 4 3
4 4 47 2
4 3 -7 2
4 5 71 5
5 1 68 1
4 0 16 0
4 1 93 5
5 3 58 0
2 1 8 2
3 4 25 0
5 3 15 3
2 4 94 4
2 3 6 3
3 4 92 3
0 5 -9 1
5 4 0 3
1 3 68 2
4 3 39 3
1 4 -2 0
4 3 87 3
1 2 48 1
1 0 57 3
1 3 32 3
5 3 84 5
4 1 89 0
3 5 64 5
4 4 19 3
0 2 44 3
1 0 80 1
0 5 90 4
5 1 1 5
4 4 79 5
0 5 53 3
2 1 86 3
5 2 6 4
5 4 18 4
3 5 37 1
1 4 -4 2
1 5 6 5
5 0 24 0
4 5 11 0
4 3 69 0
2 3 15 4
4 2 87 3
2 3 26 5
3 4 3 1
2 1 -6 1
5 1 71 2
1 3 15 5
2 3 74 3
4 0 98 5
4 2 18 4
3 5 57 1
2 3 82 4
1 5 0 2
2 3 85 0
0 1 -3 5
0 1 30 4
0 2 55 5
3 5 37 4
2 5 48 3
2 3 15 2
2 1 95 3
0 4 37 3
2 4 17 0
2 4 78 5
5 4 16 3
4 0 5 5
2 4 78 5
3 3 70 2
2 3 65 0
4 5 30 0
3 0 -2 4
1 3 48 0
4 1 1 5
3 1 88 1
5 1 71 2
0 2 -2 4
4 2 49 0
4 2 54 4
2 4 47 3
2 5 22 1
1 4 14 1
2 2 50 1
2 1 75 0
3 2 53 0
2 0 59 4
0 2 31 1
5 4 -6 2
5 5 85 1
3 1 98 1
2 0 19 3
3 4 91 3
2 5 82 0
1 1 9 3
4 5 99 4
3 1 64 0
1 5 -2 1
2 2 68 3
0 3 82 3
4 0 -1 2
5 5 79 3
2 4 20 0
0 2 18 0
0 1 93 2
5 3 24 5
1 4 62 4
4 5 79 5
0 1 98 1
4 1 35 1
2 3 49 5
1 1 -6 5
5 1 45 5
4 4 93 2
2 4 27 3
2 5 18 2
1 2 94 3
2 2 99 0
1 1 97 0
4 4 32 0
2 3 18 0
3 5 31 2
0 5 79 0
0 1 53 2
1 0 42 1
1 0 12 5
4 1 45 2
0 1 32 2
5 1 17 2
0 5 73 2
0 2 10 3
0 3 30 0
0 5 -8 4
1 1 5 1
1 5 52 1
5 3 62 2
5 2 36 2
3 2 94 0
5 5 99 2
4 4 11 1
4 3 49 5
0 4 21 0
2 2 23 2
5 2 72 0
2 5 78 5
2 0 71 0
5 0 59 3
5 4 69 3
2 2 97 1
2 2 62 3
1 5 10 3
5 2 54 1
2 1 21 1
5 4 35 5
5 0 17 5
1 2 95 3
1 1 93 3
1 1 30 1
5 4 60 1
4 4 29 5
2 2 44 1
4 0 -5 4
5 3 33 5
0 1 85 0
2 4 3 0
5 2 -9 4
3 4 99 0
1 5 58 2
0 5 20 3
5 2 12 4
3 2 77 5
0 2 -6 2
2 4 75 0
3 3 63 1
3 1 34 5
4 5 25 5
5 0 88 4
1 2 99 4
5 2 2 2
3 4 86 1
0 5 41 5
3 1 58 2
3 4 66 0
5 5 37 5
1 0 28 4
4 0 95 2
3 0 52 0
3 0 64 4
3 1 -9 4
4 2 91 4
1 4 14 2
5 2 -8 3
0 0 58 5
3 1 32 0
0 5 -7 1
2 0 68 4
4 3 44 5
1 4 56 3
0 5 -8 3
2 4 19 1
3 2 55 0
5 1 53 0
5 5 40 3
5 5 36 5
4 1 42 2
0 2 38 0
4 3 90 5
2 2 30 1
1 1 24 4
2 3 86 0
2 2 16 2
4 3 18 3
5 1 19 1
4 4 -8 5
0 3 39 0
2 4 53 4
4 2 -3 1
2 5 42 4
3 4 87 1
2 4 76 4
0 1 9 3
1 2 89 5
4 5 52 4
2 1 53 4
0 1 3 0
1 2 97 3
2 4 27 3
3 0 24 0
1 5 -1 4
0 2 87 3
4 1 29 1
0 0 47 5
1 2 16 1
1 5 92 3
0 2 13 4
2 0 -10 0
0 3 -9 3
2 2 -6 3
0 4 44 3
4 3 25 1
0 1 23 5
4 4 15 2
0 3 41 4
4 3 60 3
4 1 28 4
5 5 58 1
0 1 8 0
2 4 31 1
0 0 69 4
0 1 65 2
1 1 45 1
5 0 53 5
1 0 15 5
1 1 86 1
5 0 63 3
4 1 27 4
0 1 1 0
1 1 95 4
4 1 54 4
4 2 16 5
4 4 82 5
4 3 70 5
2 1 60 1
5 0 86 3
0 0 84 3
1 3 81 3
1 0 38 1
0 3 40 2
4 1 71 1
0 2 24 4
2 3 46 3
4 1 12 0
1 0 86 2
4 0 5 5
3 5 -3 0
4 2 22 0
0 4 75 4
0 0 93 0
1 4 53 4
2 3 36 5
3 5 96 1
3 3 10 5
0 4 25 2
3 4 10 3
5 2 39 0
0 1 35 3
3 0 2 4
1 0 8 0
4 0 10 4
4 3 74 5
5 0 71 4
5 4 -1 0
3 4 -2 1
4 0 88 4
1 5 37 5
0 4 11 3
0 4 58 2
1 5 14 4
5 5 88 1
5 0 12 3
4 3 13 3
4 5 58 1
0 0 -4 0
1 5 3 4
3 0 69 4
2 3 14 5
1 2 38 0
5 2 10 3
3 4 18 1
5 1 46 1
1 0 65 1
1 1 92 3
2 3 76 5
4 2 7 5
4 4 14 1
2 3 96 3
1 4 41 0
3 0 75 3
4 2 14 2
5 1 37 1
5 0 88 1
1 3 25 0
5 3 31 2
1 3 19 2
5 2 22 5
3 0 6 1
4 2 -5 0
1 2 29 1
5 1 9 1
5 4 80 3
4 2 77 4
2 2 51 1
4 2 -1 1
1 0 57 5
2 5 13 0
4 4 86 4
2 5 23 4
4 3 32 1
5 4 30 3
3 1 14 3
4 5 65 0
1 2 -7 4
0 3 52 2
0 3 5 3
4 0 5 4
4 5 60 1
3 0 1 1
1 1 85 4
1 1 51 4
4 2 46 1
2 1 -1 0
0 4 -8 5
4 1 55 3
1 1 64 2
0 4 40 2
2 5 72 5
2 1 49 4
2 2 84 1
1 2 1 5
4 2 34 1
1 1 91 2
1 4 3 4
0 0 57 4
3 4 9 2
4 0 10 5
1 1 30 1
2 1 88 4
0 3 1 3
5 4 61 0
0 3 38 2
3 3 16 0
2 3 48 2
5 1 51 3
2 1 -8 3
2 5 75 4
1 3 0 0
0 0 13 2
2 1 15 1
4 2 71 4
2 2 -5 5
5 1 57 1
0 4 56 4
2 0 10 2
5 0 19 5
5 5 70 1
5 0 33 4
0 0 10 1
1 2 82 1
4 1 26 3
1 4 60 3
5 4 3 5
5 5 34 0
1 0 96 0
4 0 6 2
2 0 8 3
5 0 68 5
2 3 73 5
2 0 28 2
3 4 52 4
0 3 42 1
5 4 11 0
4 4 51 5
1 1 26 4
3 4 21 1
2 2 20 1
5 4 95 2
1 1 2 0
1 5 71 5
4 5 27 5
4 0 93 3
4 1 41 5
0 0 96 1
5 3 -8 1
3 2 21 1
0 3 38 1
5 4 35 5
3 2 82 2
0 4 45 5
0 3 22 5
2 0 -5 0
2 3 93 5
1 0 93 5
4 5 71 0
5 3 -2 3
4 0 84 0
1 3 -7 5
5 5 29 2
3 2 97 5
4 2 90 3
2 4 63 2
1 5 1 4
3 4 9 4
5 3 48 0
0 2 6 5
5 5 27 1
3 5 99 2
2 0 -7 2
0 5 60 2
4 0 34 5
5 0 64 1
0 4 67 4
5 5 100 3
3 4 48 1
2 0 6 5
2 5 32 2
3 4 30 3
5 1 51 3
5 4 73 5
5 3 13 1
0 5 73 5
2 5 33 2
4 2 40 4
0 2 53 3
3 3 28 4
1 4 45 5
4 3 37 1
3 5 90 3
4 5 84 5
5 5 29 1
0 5 -10 4
5 2 86 2
0 1 3 4
3 0 3 2
1 5 12 2
4 3 57 2
3 5 12 2
5 3 30 2
5 0 36 0
5 4 98 2
5 3 48 3
2 4 12 3
1 0 22 2
4 3 63 3
0 2 6 3
4 2 13 2
2 2 80 1
2 1 38 3
0 0 87 2
3 3 38 1
2 4 65 2
3 2 13 5
4 5 38 5
1 3 84 5
4 1 85 2
3 3 55 5
1 0 70 2
3 4 -9 1
2 4 22 2
3 1 49 1
0 2 88 1
3 0 46 2
2 5 -5 5
4 4 12 4
1 4 20 2
2 3 58 5
0 0 68 2
1 0 84 3
4 2 57 2
1 3 60 5
1 5 14 2
4 3 8 1
0 5 72 1
2 4 39 5
5 3 97 1
1 0 68 2
2 4 61 4
3 5 19 3
5 5 82 2
1 3 35 0
5 3 18 3
4 4 87 3
4 3 -8 4
5 2 33 0
3 4 47 3
0 5 11 4
0 0 25 5
5 2 7 0
2 2 28 3
2 5 16 5
3 0 25 1
3 4 40 1
0 5 95 5
4 1 80 2
5 1 48 5
5 2 75 3
0 1 45 2
2 3 52 2
4 4 7 4
3 0 80 0
3 5 70 3
5 4 61 4
1 0 48 0
5 5 -7 3
4 3 61 2
4 1 -10 5
3 1 10 2
4 5 28 0
3 0 -4 0
2 4 -4 4
1 4 92 0
5 5 59 3
5 1 81 3
1 3 5 1
5 2 8 4
0 4 41 2
4 5 18 0
3 3 43 3
1 3 10 4
5 3 17 0
4 5 31 1
0 3 89 2
3 5 31 1
1 0 98 3
1 5 32 3
4 2 71 4
5 2 46 5
4 5 54 0
3 4 52 2
5 4 87 5
2 5 91 3
3 5 41 0
3 5 -6 3
4 0 41 5
5 0 -6 2
1 3 98 4
2 1 83 5
2 4 95 3
1 2 4 0
1 3 63 0
4 1 84 0
3 3 -8 0
3 1 88 1
3 2 98 1
3 1 81 4
0 0 42 0
4 1 86 3
2 5 78 4
5 5 16 4
1 3 10 4
4 0 1 3
0 1 46 0
1 5 42 2
4 0 74 1
4 2 48 0
3 5 76 4
3 0 35 3
2 1 35 5
2 0 66 2
0 1 94 0
4 2 54 2
4 0 93 0
2 1 85 3
0 5 39 1
5 1 -2 0
3 1 -10 0
3 5 58 1
0 3 97 2
2 3 -2 1
1 4 82 0
4 1 13 3
0 4 80 4
5 2 15 1
1 3 18 3
2 2 93 2
5 2 71 2
1 2 16 4
3 5 51 3
2 5 30 1
2 5 20 3
5 2 54 3
5 5 65 2
2 3 13 4
5 2 -4 4
1 2 87 1
3 3 97 1
5 0 28 4
5 3 76 5
2 3 -2 0
4 4 96 4
0 5 -5 1
1 4 48 4
1 1 32 4
1 1 0 3
4 3 66 5
2 0 58 0
0 0 100 3
5 5 -5 4
4 1 69 1
0 3 64 2
3 0 77 4
1 5 -8 4
4 4 65 1
4 1 86 4
3 2 75 4
5 2 65 4
3 0 13 5
4 4 12 5
3 3 82 1
5 2 94 0
3 5 25 5
0 1 60 3
5 4 53 2
3 3 29 1
1 0 78 1
5 5 95 4
0 2 49 1
5 3 5 1
2 0 40 3
4 1 73 5
3 1 70 1
