2 1 26.6748 3
4 2 70.6356 2
1 3 48.1436 4
3 2 77.2733 0
1 4 98.9601 1
3 0 12.0716 1
2 2 99.4114 4
2 3 -0.1207 0
2 1 -9.7451 3
5 5 -5.1422 2
2 0 27.5961 0
0 1 59.6197 1
0 2 -2.4068 4
5 4 -9.3768 4
4 4 93.0800 2
1 3 80.4119 4
3 4 79.0101 4
3 0 87.2867 0
5 4 67.0038 3
0 3 1.4845 2
3 5 33.9010 0
0 2 69.5464 3
4 2 20.8368 0
1 4 65.6147 5
4 1 -7.3052 0
5 2 23.6751 4
2 5 50.4043 3
2 4 59.5299 2
2 3 53.4745 2
4 5 66.7532 3
3 4 -9.3302 4
1 5 1.1035 1
2 2 85.5839 0
5 3 64.9924 4
5 4 2.4225 5
2 0 82.6282 3
2 3 16.6454 0
1 0 42.6086 2
2 5 5.9716 1
1 1 68.1121 5
5 3 63.3540 2
2 5 13.2224 3
4 0 84.9741 0
4 2 34.1437 3
5 2 22.1767 0
1 1 6.7563 4
4 3 19.2785 1
1 3 -7.5770 4
4 3 54.1583 4
4 5 82.6454 3
1 1 50.3878 1
3 3 14.1201 0
4 5 -6.2964 0
2 2 13.6091 5
5 0 35.7734 2
3 5 73.5573 5
1 2 10.6627 5
3 2 69.1771 0
0 0 85.3627 3
0 2 39.9342 4
4 1 80.3575 4
4 0 51.0123 4
2 2 60.0800 1
5 4 47.8906 0
3 5 40.9490 3
0 2 15.8119 1
4 1 23.3513 2
5 3 21.8967 3
3 2 51.9618 5
4 3 3.1949 3
4 4 90.8471 3
0 2 69.2721 4
0 0 34.1590 3
4 3 7.4487 5
1 4 87.0191 5
4 0 80.6156 0
5 0 69.3894 3
4 0 19.8702 4
2 0 34.2691 3
2 2 1.3023 2
2 5 10.7943 2
1 2 76.1318 4
1 2 68.6543 0
4 4 55.2834 0
2 4 88.5299 5
1 5 54.1593 5
0 4 41.3665 1
4 1 27.4408 4
5 5 93.4493 3
3 4 -0.9013 4
4 5 92.3976 1
3 2 80.9386 5
2 2 4.2923 4
3 5 52.1483 4
2 1 85.3203 5
0 1 52.8990 1
3 5 89.7920 5
4 4 93.7282 0
2 3 36.4623 3
4 1 31.5045 5
4 4 67.4278 4
5 0 62.6586 0
2 4 21.7148 2
1 2 -8.2088 5
0 1 65.3562 3
5 5 98.6481 1
1 1 79.8282 4
5 2 93.2952 2
1 5 7.7777 3
5 3 72.1176 5
3 0 83.1969 4
4 1 89.9893 1
1 3 47.8446 4
5 3 -3.6411 5
4 2 -2.5868 4
0 3 66.7281 5
1 5 69.567 4
5 2 34.0895 3
5 4 55.9404 2
3 0 72.8342 2
4 3 65.5368 4
2 4 75.2549 3
1 5 49.5734 0
4 3 6.9582 3
0 0 82.3352 0
4 1 35.8899 3
3 1 -9.185 3
2 2 89.0955 5
3 5 45.7224 2
2 3 63.2061 4
3 2 26.0556 2
3 2 0.9864 1
2 3 37.4049 0
0 0 32.5056 3
2 4 76.5586 3
4 1 22.0287 0
2 0 35.6196 2
2 2 1.7163 1
2 2 18.6013 4
4 4 41.954 2
0 1 78.1843 1
1 4 34.7189 4
3 0 46.3815 1
2 3 85.3989 5
0 3 -7.8132 1
3 1 -4.986 4
2 2 6.9271 1
4 5 35.2333 1
0 5 26.6063 0
4 4 70.9473 1
0 4 75.4545 2
5 0 13.385 5
4 0 54.227 3
5 0 80.604 3
4 3 85.4807 4
3 1 82.477 2
1 4 19.5599 1
2 3 57.0332 4
0 2 24.955 0
3 1 28.9331 3
5 3 22.9071 4
0 4 25.4055 5
5 1 53.0341 5
0 2 54.2926 5
4 0 5.4391 3
0 1 68.895 2
2 1 61.5741 0
1 0 28.9152 4
4 1 26.5336 2
4 0 41.5508 2
1 0 15.0093 4
5 3 63.1487 3
2 4 38.0465 2
4 2 95.1234 0
5 2 -2.6637 3
5 2 99.2773 5
4 5 7.4864 0
4 4 73.0076 1
4 2 76.5379 4
3 5 46.5733 2
0 4 36.2313 1
5 1 8.5147 3
0 5 60.7108 5
4 3 68.8075 2
1 3 36.1989 3
2 4 13.0766 3
1 5 -9.7263 3
1 4 13.5 5
5 0 30.8684 4
0 3 49.4971 1
2 1 87.4989 2
2 4 24.365 4
4 4 81.9573 3
1 1 4.6869 5
1 1 61.914 0
3 4 45.2846 4
0 1 87.2294 1
3 5 81.0277 0
0 5 79.3807 3
2 2 86.0213 5
4 5 60.1538 0
5 4 20.8625 3
3 4 25.5257 2
0 5 77.0168 3
3 2 24.5262 4
4 0 98.7716 4
4 4 65.404 3
5 1 40.9046 0
2 4 -2.8718 3
4 0 51.3609 2
2 4 98.6323 5
5 3 8.4413 4
1 4 18.9932 4
3 3 12.5899 0
1 0 65.3773 3
0 1 16.1575 3
5 0 9.8447 5
5 4 -6.9357 2
5 0 50.19 4
0 1 92.1238 5
4 4 60.7933 5
0 4 74.3718 0
5 3 -9.2253 3
3 5 73.6468 4
0 0 -4.8217 4
1 1 42.9152 1
4 4 5.8376 4
4 1 14.6294 5
4 5 92.2667 3
5 2 56.8219 3
0 1 68.5233 0
3 3 26.0694 4
4 3 84.8477 5
1 1 27.2151 5
3 0 78.0403 3
1 5 1.1717 1
5 1 1.0165 2
2 5 -5.3021 2
3 5 89.5575 2
1 5 0.2976 3
4 4 64.3052 5
1 4 20.1233 2
2 0 24.2298 4
4 1 1.5138 0
2 0 23.9426 3
0 5 91.1721 0
1 1 97.5555 2
0 1 34.0656 3
0 2 59.0564 3
4 4 -1.7887 0
4 5 38.1702 3
4 3 49.15 1
1 5 97.0875 5
2 2 36.8987 2
2 3 97.3959 4
2 0 90.6477 1
3 5 84.1847 2
0 0 37.5207 1
4 2 42.7742 3
4 5 12.9144 0
2 4 93.9394 2
3 5 90.8696 4
5 5 6.2032 3
1 0 45.9948 4
5 1 68.1737 1
4 0 26.4569 2
5 5 23.473 1
1 1 9.2555 0
3 5 31.0133 4
2 5 71.2753 4
1 4 37.6146 3
0 3 90.142 2
2 3 83.1215 5
2 3 9.4355 0
2 5 59.5408 2
4 2 61.5332 5
3 2 71.4796 4
0 3 -2.9994 0
2 0 94.3135 1
0 4 63.0845 3
4 4 -2.1014 2
0 1 76.6509 2
2 5 42.7464 5
0 5 54.9879 4
1 5 43.5539 3
2 0 70.9538 1
4 5 84.5371 4
3 2 63.0882 1
1 0 79.3099 3
5 2 96.6169 5
0 4 69.861 4
3 5 80.1087 0
4 1 35.7178 3
3 0 55.9762 3
3 3 37.9058 0
0 1 99.712 5
3 1 20.5673 0
1 1 4.7003 5
1 2 57.509 4
0 0 88.9609 1
5 3 96.9144 4
1 3 43.7044 4
5 0 0.3166 3
4 0 26.0138 5
2 2 79.5678 0
2 2 -7.0408 1
1 1 75.455 2
0 3 23.445 3
2 3 86.985 1
3 0 2.1048 3
1 3 72.6769 3
1 0 52.4373 2
5 5 31.9531 4
5 2 29.1617 1
5 1 43.4564 3
3 2 79.3082 2
4 0 -7.1042 4
2 0 97.0083 5
2 2 -3.01 5
1 2 75.7436 5
2 4 33.9263 1
1 4 90.1665 1
4 0 23.0759 1
1 0 17.796 2
2 3 70.4337 5
0 2 65.5302 2
4 1 6.3699 0
0 2 66.6351 4
3 4 46.8764 4
2 1 -3.012 5
0 2 -8.464 2
2 1 38.4893 5
3 3 0.4234 1
0 5 48.117 2
4 0 -3.4248 5
5 4 42.8466 1
0 2 12.6743 0
2 0 93.2151 2
1 3 42.9519 3
1 5 1.4273 0
3 4 -1.4622 3
0 0 57.6653 3
5 4 25.2092 2
1 2 73.7085 0
3 5 50.2708 0
1 3 80.4165 5
1 1 91.6947 5
0 2 93.6272 1
5 5 11.5794 3
0 0 10.3155 0
1 4 37.4911 2
5 5 93.6619 5
0 5 25.9085 1
1 2 71.499 0
2 1 -6.9961 3
3 0 1.3406 0
2 2 71.2389 4
1 0 0.4993 3
3 1 12.6387 5
4 1 4.1597 1
2 0 -6.5342 2
1 4 4.3541 5
1 0 30.9682 1
5 0 0.5166 5
5 4 73.3259 0
0 1 18.1629 2
1 1 53.3464 1
1 5 9.174 1
4 3 95.0893 0
1 1 16.7583 4
2 2 81.5644 3
5 2 26.6582 1
2 1 45.0657 2
2 4 38.699 0
1 2 54.2015 3
3 1 19.4385 5
0 5 79.1264 2
1 3 72.539 5
5 3 58.7613 1
2 5 53.0133 5
5 2 9.5082 3
1 2 34.5242 0
2 5 9.532 3
3 2 79.5482 4
0 2 43.6718 3
1 2 76.6288 5
4 0 58.1547 3
3 2 1.5749 3
2 1 17.4135 4
5 2 7.5179 3
2 3 37.7732 2
5 1 27.187 4
4 5 65.834 3
1 5 86.8766 4
4 2 72.2731 1
2 1 86.5173 5
3 3 91.6157 1
2 0 27.263 0
1 5 40.3433 5
5 3 94.5992 5
5 4 92.4342 2
2 1 93.4205 2
3 4 26.1376 5
3 1 63.5631 0
3 0 33.2626 4
1 2 52.2057 4
5 1 57.7502 4
5 0 35.6809 2
1 5 94.0975 0
0 3 88.6631 4
5 1 66.4102 0
0 1 -7.4566 1
3 1 31.7494 3
5 1 75.2517 0
0 2 48.9936 3
3 4 89.422 0
4 1 32.5257 2
4 1 2.9607 0
2 3 76.213 4
2 3 33.6547 2
5 2 82.2161 5
4 5 8.0893 5
2 2 72.5718 1
1 4 1.9773 1
5 4 84.6632 4
5 2 -8.7517 3
4 2 45.619 5
0 5 2.0821 5
3 5 90.2148 5
2 4 40.6181 4
3 3 98.8532 0
3 5 87.7907 1
1 2 14.2741 0
0 0 95.1526 0
1 2 76.3794 4
0 0 34.1487 5
1 4 56.1795 5
4 0 73.756 0
1 1 15.4786 2
1 3 90.9406 3
3 5 78.0118 5
2 4 77.4023 2
0 4 50.0045 5
2 0 70.1207 0
3 3 56.0545 0
0 2 89.9581 0
0 3 -8.8536 2
4 5 68.1415 5
5 0 74.8825 0
2 5 88.8854 1
0 1 48.2601 3
3 0 34.4618 4
0 5 96.1298 4
4 0 17.1093 1
0 1 18.3599 5
2 2 50.8869 1
0 1 25.1177 0
3 0 66.4895 4
5 0 43.423 4
0 1 91.2859 3
0 0 25.6318 3
0 5 87.2136 3
0 1 86.4596 5
0 4 65.003 0
1 2 89.6833 5
0 1 96.7714 4
4 5 -0.2909 0
0 1 82.4421 3
5 2 24.8825 3
5 0 74.9868 4
1 3 42.4081 4
2 3 31.8621 3
1 4 -2.1078 4
0 0 90.9768 3
2 4 96.7688 5
3 0 76.0703 2
1 1 60.5557 0
2 2 86.4676 0
5 1 -0.9359 2
1 2 -4.3461 4
5 3 96.2393 1
3 0 34.7172 2
2 2 8.3943 2
1 5 44.6533 2
0 0 5.2824 2
2 3 69.273 0
5 3 54.2124 4
5 4 20.3509 4
2 3 32.9469 2
4 4 98.0172 4
1 0 -6.6312 0
4 5 67.0832 2
3 3 28.2655 5
3 1 30.2182 4
2 1 83.6912 1
3 5 69.6852 3
1 3 34.4628 5
2 3 30.3654 2
3 0 42.4052 5
0 0 22.3466 5
2 0 82.2715 0
3 4 61.311 3
1 2 -5.5422 5
4 3 75.5832 0
0 0 96.5256 3
3 4 55.9456 5
2 0 43.4448 4
1 0 41.8884 1
1 4 69.2127 0
2 5 7.7472 1
1 4 6.2892 1
4 1 21.2299 4
2 3 25.9416 1
4 1 29.3707 4
4 4 22.6876 0
2 0 -5.7085 4
2 3 56.5874 0
1 2 87.8898 0
5 0 92.9614 2
5 0 80.8647 2
1 2 96.39 3
1 1 74.2758 4
4 1 91.5889 0
3 2 2.9426 5
5 2 95.2153 4
0 4 73.5088 4
1 0 4.0388 4
0 0 -7.3897 2
0 4 21.6468 5
2 1 23.1411 4
2 1 76.5308 4
0 5 18.8901 3
4 3 77.9854 2
5 5 4.1782 0
1 0 60.5715 5
4 4 14.56 3
1 2 44.7494 4
5 5 96.4874 5
1 3 51.4142 0
5 1 0.7082 5
4 5 89.5391 3
2 1 80.4221 3
4 4 -8.4885 2
4 2 95.3604 3
2 4 52.9382 5
0 4 73.5517 1
4 5 -9.9271 3
4 3 52.3083 0
5 2 29.5215 1
4 4 78.1103 3
0 3 -2.6655 0
3 2 36.2416 1
1 3 73.1761 2
3 0 -0.8706 2
1 3 35.5812 1
3 5 51.6153 2
4 4 -3.5555 2
1 5 -7.7455 2
1 3 69.5175 4
4 1 60.4163 3
2 2 23.1423 3
1 2 78.2978 0
4 2 64.2843 1
5 1 89.105 1
1 2 46.3512 0
2 0 39.9806 1
2 0 69.2161 2
1 3 56.0388 2
4 2 24.6858 2
4 0 32.259 3
4 3 -8.3559 2
1 2 39.7396 1
1 1 62.2875 4
2 5 55.9762 2
1 1 83.3156 2
5 4 91.3785 1
4 3 14.8996 2
0 1 56.5611 3
1 5 57.896 0
3 1 0.913 2
1 4 5.2718 1
0 2 -0.4286 3
4 1 89.569 2
5 1 54.9374 3
3 4 13.0908 0
3 1 98.4823 2
0 1 3.3221 1
4 1 45.0123 2
4 2 -9.1651 1
0 3 0.4742 4
0 0 53.41 5
1 1 31.1039 1
3 4 43.5935 4
0 0 -3.6052 0
1 5 53.9944 2
3 0 31.4461 1
2 3 68.7096 5
2 5 44.1452 4
5 2 28.9287 4
2 0 69.9804 4
4 1 14.9595 2
2 5 78.4182 1
1 5 15.7766 3
5 5 41.5595 4
0 2 26.4647 2
3 5 21.6734 1
3 0 76.0608 0
4 2 93.9479 2
1 5 57.5707 0
0 5 39.6496 3
3 3 68.2648 2
0 2 9.4475 3
5 3 -2.6414 0
4 1 50.9152 5
5 2 42.4469 0
3 5 -1.8403 5
4 0 7.1468 1
0 5 2.5265 3
5 4 64.7728 3
0 3 59.2119 3
5 3 12.4948 1
1 1 11.8265 3
0 4 29.1309 1
0 1 31.6406 5
4 5 21.2932 4
2 3 14.2737 3
0 0 21.4674 1
4 2 11.1822 0
0 5 16.9325 2
1 4 72.7576 4
5 1 86.1072 5
5 0 12.7897 2
3 2 55.9382 5
4 3 31.7988 1
1 3 73.0462 4
5 2 1.361 5
4 1 78.1592 3
3 2 52.7137 2
1 4 5.3407 0
0 2 63.4029 0
3 2 8.0034 3
3 2 10.2388 3
1 2 -3.0025 1
3 1 99.2766 2
2 1 95.846 1
3 2 63.9905 2
3 4 41.6188 3
2 4 38.5416 2
4 3 7.5717 2
4 2 67.8974 0
0 2 34.7476 1
2 0 95.4431 4
1 4 36.0687 3
4 2 84.4623 1
5 0 85.3005 1
3 3 68.2058 1
4 1 71.3665 5
0 4 38.4935 1
2 5 86.5069 1
0 1 53.3081 2
3 5 30.8373 0
1 1 76.6164 2
3 3 50.5114 5
5 5 70.2914 0
2 2 96.9712 5
4 3 84.3766 1
2 0 85.0421 2
5 5 -4.2866 0
1 1 61.4703 4
1 0 22.1865 4
5 1 75.1588 1
3 5 70.425 1
5 0 91.9111 5
5 2 24.8322 5
3 3 34.0221 5
3 0 33.4967 3
5 1 63.7993 4
3 1 -9.5221 0
1 1 -7.0227 0
5 5 46.9792 4
2 1 32.6468 2
4 1 12.5052 1
3 3 64.3265 3
0 4 8.3024 5
4 4 34.6019 5
5 5 -0.5627 1
3 0 83.7003 5
5 2 56.7249 2
3 4 4.6389 4
2 3 20.7925 5
0 0 85.3796 1
2 4 30.655 0
4 1 31.162 5
0 0 1.9109 2
2 3 2.0697 2
4 5 66.0015 5
5 0 49.4983 0
1 4 70.7123 4
5 5 70.8828 2
2 5 -2.5049 2
0 2 16.6189 2
3 3 88.2987 2
0 5 13.4935 2
1 4 59.7736 0
2 4 61.0299 3
2 3 25.1691 4
0 1 -5.3731 5
0 0 91.4392 4
2 3 21.0015 0
3 3 50.3806 0
0 4 -5.9078 3
5 0 34.5278 4
4 5 51.463 5
1 3 67.1899 3
0 0 30.2395 3
3 4 97.5543 0
0 4 52.8415 3
3 2 53.7057 5
4 1 63.0395 1
3 0 42.4139 0
5 2 85.1321 2
4 1 31.2416 2
2 5 49.303 4
2 3 25.9864 5
1 4 30.6579 2
1 1 53.6353 4
4 1 21.0518 3
3 5 5.6229 3
5 3 26.8666 0
0 5 26.3276 2
3 3 50.2858 4
1 0 79.6266 1
0 1 76.7562 2
1 1 89.1045 3
1 3 72.9345 3
4 4 79.2231 1
2 2 -2.3404 2
5 5 -3.2647 2
1 4 30.7678 2
3 0 96.5109 0
4 3 80.0003 0
4 4 91.6243 1
5 0 60.2799 1
4 5 82.9072 3
3 3 40.1469 5
0 0 86.6702 4
2 1 25.0943 5
5 3 61.7721 3
1 0 75.8256 0
0 3 89.814 1
0 0 81.0008 5
2 1 11.2808 5
2 3 13.8267 5
0 2 71.2745 3
5 5 39.1739 3
0 4 81.7641 5
3 0 64.5641 4
5 3 1.917 2
5 4 37.7953 3
3 3 34.7392 0
4 4 69.5772 3
4 1 11.4249 2
0 0 57.6493 2
1 1 92.9786 2
1 5 31.7848 5
2 1 75.8364 4
1 5 10.0529 0
4 0 73.6263 1
4 5 -8.5386 0
2 5 21.2965 5
1 3 -4.4924 0
2 3 76.745 4
0 0 89.866 2
0 5 67.2309 0
0 3 67.9723 1
3 0 -6.6197 0
1 3 28.3514 4
5 1 63.6367 3
2 4 40.1286 4
1 1 25.0509 4
4 5 12.7718 3
0 4 10.558 2
4 3 41.9193 0
2 3 16.6713 5
4 3 98.3446 3
2 5 81.493 1
0 1 0.0781 3
5 1 79.9015 3
3 2 6.0878 4
1 2 33.213 2
2 4 89.1806 5
3 5 4.1389 0
0 0 65.8127 5
5 5 5.5375 4
3 5 -4.5408 2
5 5 31.4689 0
2 0 54.8151 4
2 2 12.9319 1
3 0 34.0709 5
1 5 -3.7278 5
5 5 11.7962 1
2 3 82.9517 1
3 4 68.4045 1
0 0 89.7782 0
5 0 54.8266 4
4 4 15.8276 4
3 4 2.5354 0
2 4 96.3894 1
4 5 98.0637 1
2 5 94.7023 0
2 4 86.8859 4
1 4 65.1237 4
5 1 -4.5694 2
5 1 59.6693 3
3 0 16.6686 3
3 1 48.7169 5
0 4 76.7757 0
1 1 64.1817 3
4 0 28.3669 4
2 3 88.3542 2
3 0 85.8996 5
1 0 99.2859 0
0 2 64.8969 1
5 5 16.8958 4
3 3 92.2855 4
3 4 45.4222 1
0 4 54.2983 0
5 2 5.3924 3
4 1 42.1808 3
5 2 61.2403 5
0 3 79.3524 3
3 5 85.3451 4
3 3 33.7941 1
5 4 49.6962 1
3 1 37.5686 4
5 5 29.3289 0
5 5 33.6163 5
1 3 91.675 1
4 1 10.2483 3
3 3 46.6196 5
4 0 52.6864 5
1 3 60.7939 0
3 2 8.5909 4
5 4 64.3576 5
4 4 -9.9257 2
4 4 16.6021 2
4 4 1.679 2
2 4 42.4283 3
1 3 25.4988 4
3 3 22.6024 4
1 4 30.6293 5
4 0 24.8797 0
5 2 3.7278 3
0 3 26.2628 4
4 1 52.8823 1
4 2 85.4143 2
0 4 48.6165 0
5 0 82.5665 2
4 3 -5.6684 5
2 0 -9.5201 4
1 2 19.6747 5
5 1 47.5138 3
4 3 28.4539 3
0 5 15.6206 0
1 4 11.5795 0
0 5 86.4907 2
5 0 -2.9811 4
3 5 -6.0258 2
1 4 72.9659 0
3 5 60.7441 2
1 1 7.8256 1
3 4 13.1903 0
5 4 -8.2755 1
0 0 76.0705 3
5 1 -7.8206 1
2 1 89.5168 5
5 3 5.2782 5
4 3 29.9828 3
5 5 21.7108 0
5 2 44.43 5
0 5 73.8904 2
3 5 95.7134 2
3 5 75.467 3
2 0 69.2397 4
3 1 29.8076 2
2 2 14.0757 2
5 0 20.8756 5
3 4 97.2701 5
3 2 92.0226 4
1 5 72.2292 2
4 1 76.5204 4
5 1 62.7486 2
5 4 93.917 5
1 3 81.5337 1
3 3 81.2857 4
2 1 6.9683 5
3 3 30.141 3
0 4 89.1201 2
1 1 75.0454 5
3 4 51.6938 5
5 2 23.0843 5
3 4 65.956 4
0 2 -7.3843 5
2 2 77.9681 2
5 0 55.5469 4
2 3 40.9829 5
0 0 40.3674 2
1 4 73.4336 4
0 5 41.4185 1
5 3 89.7684 4
2 2 59.843 2
5 5 96.6443 0
1 4 91.7914 0
3 1 26.8591 2
0 2 -5.7703 1
5 5 59.9628 2
2 0 62.3727 4
0 2 13.0689 1
0 1 89.9741 4
2 5 65.5331 5
1 1 72.5656 4
2 1 -1.3464 5
5 0 2.2843 1
5 2 53.3715 2
1 3 29.3767 3
2 1 50.6497 5
3 1 78.6737 2
0 5 -4.3776 2
3 1 48.1383 4
5 5 28.5107 2
2 0 18.5498 3
0 4 80.6177 5
0 4 15.5365 0
0 3 63.2118 2
2 2 24.3931 5
1 5 39.9131 0
3 1 42.1297 4
0 3 40.119 1
3 2 32.3798 1
0 5 24.9207 3
2 3 69.1056 5
1 3 18.3061 0
1 3 -6.8378 2
4 0 46.228 5
3 3 7.5762 4
4 0 36.6286 1
0 4 81.5484 1
0 1 91.5242 4
2 0 37.9409 3
0 2 26.9146 5
2 5 57.71 4
4 1 90.9454 1
5 5 69.5932 3
1 5 78.4212 1
1 2 75.9809 4
4 4 95.2997 2
4 2 83.523 0
5 2 61.5234 0
1 2 56.8587 1
3 2 30.2895 5
1 4 9.3275 5
1 0 17.0948 1
3 2 74.382 3
3 3 10.3286 4
0 0 69.0169 2
4 0 72.3336 5
2 1 88.483 4
5 1 61.1586 1
3 4 30.9763 0
0 5 61.8491 1
5 4 43.219 0
5 5 1.7923 0
3 1 65.1652 0
5 3 56.5452 3
2 0 90.0672 1
1 4 2.2697 3
1 5 57.5822 5
0 5 45.3762 1
4 1 7.2404 4
4 1 33.6777 0
2 3 13.9614 3
3 3 2.5299 0
2 1 52.1368 5
3 3 -9.8923 5
2 2 83.5487 5
4 5 -1.0927 1
0 2 20.158 0
0 1 -9.3534 5
3 5 78.7608 1
4 3 51.0447 0
1 5 93.4145 5
2 0 8.7111 2
4 3 39.7848 3
0 1 61.3431 0
2 0 56.5046 5
1 2 34.8896 5
3 5 28.2784 5
0 4 68.2082 1
1 3 49.5874 0
0 0 87.7532 4
