3 5 10.5045 2
1 3 15.9261 3
4 5 59.7134 2
5 2 89.8653 2
4 5 24.7816 5
5 5 54.7137 0
0 5 65.1280 3
4 0 39.7143 5
0 2 68.5161 4
3 2 88.9634 0
1 4 58.6512 0
5 3 49.3759 4
1 5 38.2619 2
0 1 53.5235 5
5 3 29.0899 1
1 3 33.0630 3
4 2 48.5043 1
2 3 -2.6719 4
0 5 15.1928 0
1 5 49.7134 0
0 0 37.4681 3
0 5 26.6097 0
5 5 70.3604 0
5 2 66.3089 3
2 5 8.3404 5
4 0 86.6492 5
0 1 44.4966 3
1 2 71.5607 4
3 1 53.0466 0
0 2 99.7462 0
0 4 72.7643 4
2 3 67.7679 5
4 4 75.6429 2
3 5 5.7441 2
5 1 12.4999 2
5 5 68.5470 5
1 3 44.3380 5
3 2 73.0099 4
5 3 1.3208 0
1 0 49.0129 4
4 3 31.6704 4
1 0 40.2700 5
5 3 56.4354 2
2 0 45.2517 1
2 1 49.3847 0
2 5 43.4993 5
5 5 34.9851 2
2 4 74.9070 1
3 5 -8.6577 1
4 2 55.8287 5
1 3 52.2059 3
1 4 68.7797 0
5 2 55.8932 1
2 2 80.9479 5
2 0 95.4982 5
0 5 27.6777 2
4 1 15.0086 3
3 1 36.5957 0
1 4 21.6723 4
0 1 57.6445 2
0 3 90.3038 1
5 1 5.3028 1
1 4 1.0874 2
5 1 18.1617 5
3 3 69.8705 1
0 0 55.2259 3
0 4 1.2434 0
4 0 91.0626 3
3 0 76.9093 1
0 0 -7.4675 4
3 2 61.6504 0
1 5 74.8371 0
2 2 31.1879 2
0 5 -2.4186 2
4 0 -1.4947 4
1 4 1.4672 5
3 5 82.4484 0
5 3 90.1755 4
1 3 3.5092 2
0 1 15.9497 2
3 5 8.2073 0
2 4 10.4953 3
1 2 82.1240 1
0 0 26.5361 2
4 1 24.2589 5
5 3 15.0135 5
3 2 56.8684 2
1 2 31.7236 3
1 0 71.8675 3
2 5 12.6138 4
2 3 76.6569 5
4 4 56.4094 4
5 2 2.5694 5
4 0 35.5955 1
0 4 84.9870 1
0 5 91.5256 0
4 3 41.2270 4
5 5 42.8921 2
4 2 91.0300 4
5 4 54.5775 2
5 1 43.341 4
0 2 98.2479 1
4 1 82.1376 3
3 1 62.6734 5
5 1 13.1942 5
2 0 60.6487 0
0 1 41.0416 3
2 3 72.0766 4
1 3 65.1861 3
3 2 5.9665 3
0 2 91.9945 3
3 5 24.7257 4
5 0 0.7101 4
5 2 95.1802 3
4 5 84.4191 2
2 2 78.2548 2
5 4 33.0269 5
5 1 70.7745 4
1 4 27.1147 5
1 2 50.2374 5
0 0 -8.6842 0
4 0 65.405 2
1 5 21.1627 1
0 0 58.1337 0
4 5 88.3364 1
4 5 3.3969 0
0 4 4.2898 5
5 4 78.352 1
0 5 10.2689 2
3 5 92.98 5
3 2 74.6295 5
5 2 18.307 0
2 0 32.1079 2
0 2 95.1166 2
1 3 -2.3662 1
4 3 9.6286 3
0 1 49.4695 3
1 4 60.7672 3
5 2 1.3616 0
0 4 70.03 3
0 3 6.374 5
0 0 63.1066 2
1 5 26.2814 3
4 0 46.6921 3
3 3 34.4304 5
0 4 14.8432 3
5 3 3.3324 4
2 2 65.0019 3
0 5 99.6717 5
0 2 48.8089 2
0 3 73.6498 2
5 1 9.428 0
3 5 11.0103 5
3 0 59.3679 2
3 0 87.3736 3
5 1 5.3937 1
0 5 99.6022 1
3 3 -3.0708 4
5 2 44.9653 3
0 0 27.3214 2
5 0 34.6059 1
5 5 47.5432 5
4 1 71.5157 1
0 0 70.9006 3
5 0 41.8342 4
0 1 67.1426 1
0 1 59.5928 2
0 3 57.2348 4
0 0 2.5598 4
4 1 -3.0579 1
3 2 79.2673 5
5 3 25.6658 5
4 4 5.1062 1
0 4 9.0792 0
0 2 5.536 3
1 5 30.692 1
3 1 91.8243 0
1 0 77.0158 5
4 3 75.5428 0
3 0 -9.3015 1
0 5 61.6931 2
3 5 78.8153 3
5 1 12.6776 5
2 4 39.5461 1
1 4 66.0841 4
1 5 44.9876 0
5 2 28.2639 0
4 1 11.1093 4
0 4 29.8091 4
4 1 41.0638 5
5 1 20.4069 1
0 1 65.3768 3
3 1 7.5736 0
0 5 30.0612 1
3 2 26.7724 3
0 0 71.4459 4
1 1 76.4041 3
4 0 -2.2055 1
5 3 55.1977 2
3 1 72.1795 2
1 0 25.8745 0
1 5 35.3855 1
3 1 -1.9117 4
3 0 87.9538 1
1 4 40.049 3
2 1 40.3514 1
5 2 97.3111 1
2 1 -6.4696 4
0 2 5.0152 3
3 3 8.8321 2
1 2 56.4 5
4 1 53.5934 4
1 0 35.2866 4
3 1 55.0739 3
2 0 70.302 5
1 1 26.0026 4
1 4 94.0878 4
0 3 97.8202 0
3 5 74.5467 0
3 4 33.3752 5
0 3 44.4814 0
4 0 66.2476 3
1 1 29.4246 1
5 0 -8.2477 5
2 1 67.3635 4
5 4 -7.3145 3
3 1 86.1619 3
1 2 58.9492 5
5 0 84.6421 0
3 5 26.6197 0
2 3 72.8177 5
4 4 53.2752 1
5 0 58.2501 2
5 0 46.621 5
2 0 2.2063 2
3 4 -5.5038 2
1 5 51.467 0
4 5 75.0933 1
2 1 49.3597 5
3 5 93.3063 4
5 1 72.8491 1
2 2 88.7726 4
5 3 20.486 0
2 2 39.7652 4
4 0 41.718 4
5 4 88.9396 3
4 2 77.9894 5
0 1 88.1094 3
0 0 32.9751 1
2 0 2.0301 2
0 5 6.2749 1
1 4 94.7315 0
2 3 96.6532 4
1 3 28.137 3
5 5 -7.6369 1
0 0 85.8973 1
4 5 26.9465 4
2 5 61.0656 2
3 4 63.2441 4
4 3 40.3808 4
1 2 8.8911 2
1 3 30.9093 2
0 1 28.8433 3
1 4 91.6545 5
4 2 10.0509 1
5 5 89.5182 1
1 1 2.8609 2
4 1 38.4978 2
1 1 51.8736 0
5 2 97.5825 1
2 3 49.3853 1
4 2 3.3639 0
3 3 74.537 3
2 1 -9.5276 5
4 4 26.4409 5
2 3 88.5575 4
5 1 77.9534 5
3 2 65.8062 5
3 0 5.3366 4
0 2 -7.2725 4
1 3 29.3133 2
0 4 60.5444 4
4 1 75.9412 2
1 0 -0.8051 3
5 5 95.3386 4
3 1 43.9512 4
4 4 93.7742 5
2 3 6.2741 3
2 3 31.0114 2
2 2 23.8894 3
4 0 13.7265 3
5 3 78.4054 2
1 5 96.7397 3
5 3 5.3524 4
4 0 5.8003 2
3 4 98.5302 0
4 3 -0.2707 3
5 2 35.5965 4
3 5 52.4708 1
1 1 81.5512 2
4 3 -5.3544 2
4 2 44.3511 5
3 1 -7.0476 0
1 2 23.0186 5
5 3 3.6595 5
2 3 9.731 5
5 1 -6.8713 2
3 0 55.878 2
4 3 52.2132 2
5 5 42.3645 5
0 2 46.3778 4
0 2 7.9132 0
1 2 40.7148 5
1 2 7.964 2
2 3 59.9872 2
0 2 22.0831 5
0 4 11.3196 5
1 0 55.8639 1
4 2 85.9687 5
2 2 65.3988 5
2 0 48.7862 2
1 0 5.0644 2
2 3 35.3194 1
0 1 7.001 1
1 4 57.4771 4
4 5 50.6224 0
3 3 90.7634 0
1 0 42.747 2
5 2 5.2915 3
4 4 73.9949 2
1 5 23.5153 5
0 1 4.1586 5
1 5 14.9232 1
1 1 97.9221 3
5 0 -1.4491 3
3 0 11.5986 0
5 4 55.2494 3
0 2 -5.239 2
5 0 73.0005 0
4 1 54.6363 1
1 5 28.6687 0
1 5 93.6029 4
2 2 7.6613 4
5 4 16.6005 4
0 0 80.1545 0
4 1 68.7393 2
1 4 -9.5238 5
0 1 91.2525 5
3 2 66.7946 1
3 5 95.3523 1
2 3 36.6501 4
1 3 2.413 2
0 3 2.1348 1
3 2 67.5204 4
5 0 -0.9527 3
0 3 21.1973 4
5 2 65.5751 3
1 4 34.801 3
1 0 88.423 3
5 2 9.7227 5
3 5 1.5689 3
4 5 64.4171 0
1 3 34.0687 4
0 5 91.7819 1
0 2 97.2728 2
1 4 82.8432 3
0 1 82.192 5
3 2 74.1299 4
4 2 73.1933 5
3 2 42.3409 4
3 3 46.2556 1
3 0 3.4409 3
3 1 59.1208 1
0 0 71.1578 0
3 5 -7.0576 1
3 4 64.7125 1
2 4 58.5556 0
5 4 74.4329 3
1 2 62.8303 3
4 2 49.6682 4
4 0 94.7839 0
3 0 32.1993 2
3 3 40.5622 0
1 4 62.5352 2
5 1 44.0628 1
2 5 32.7989 0
4 5 43.9609 4
5 4 52.9431 3
4 1 45.7354 3
2 3 55.015 3
4 5 28.804 2
2 0 -6.9038 0
1 2 28.3764 5
4 0 74.1713 5
2 3 0.7085 2
2 3 28.6396 5
1 1 15.8084 2
4 0 90.1428 0
2 0 27.1354 0
4 2 -5.8885 5
3 4 46.6236 3
2 0 66.5554 4
0 2 31.5511 3
2 4 0.7498 3
0 5 64.2622 2
3 4 79.2603 5
2 1 57.6311 2
3 1 44.6647 0
4 1 21.6091 0
2 4 34.223 1
4 5 95.3735 5
4 0 55.1051 2
0 4 78.1304 3
3 1 28.2048 0
5 2 45.5103 2
3 5 49.3942 1
3 3 17.6391 4
3 5 73.9786 1
0 5 67.3665 1
4 3 13.4248 5
3 2 93.0879 4
4 3 92.81 5
5 0 47.4497 2
3 1 16.4411 5
5 2 82.8534 3
2 0 59.732 3
2 2 61.0647 2
5 4 15.9743 1
0 1 11.1108 1
2 3 43.3921 3
3 5 89.6221 1
1 2 5.0074 2
2 5 50.5777 5
0 5 43.4426 0
0 0 24.5295 2
0 3 88.6451 5
5 0 33.6585 5
1 1 2.3126 5
4 0 47.4153 4
4 2 44.6096 0
1 4 3.4505 2
2 4 71.096 5
5 1 92.905 1
1 0 9.267 2
3 3 17.9737 4
0 3 48.6817 5
0 2 50.032 3
5 1 95.9647 1
2 3 68.7238 2
0 5 96.3486 4
0 5 62.8446 0
5 5 16.3643 4
3 2 60.2844 5
2 5 3.4259 1
3 3 -9.1347 3
2 2 -0.0725 1
2 1 84.5358 1
3 5 24.8903 5
3 0 20.144 0
3 3 71.0636 2
5 3 86.4437 0
1 5 18.7067 0
2 3 56.2328 4
5 2 39.8588 0
0 5 60.5752 5
3 5 4.9701 3
1 5 23.6102 4
0 0 7.3605 4
5 5 73.9479 4
5 3 77.1907 2
3 3 86.0856 1
2 1 65.6214 2
2 1 -0.7161 2
1 3 86.4029 4
1 0 94.292 4
5 4 58.929 0
3 1 18.7961 1
0 3 57.9804 4
2 1 -0.2033 2
1 4 2.9086 5
4 3 75.0695 3
5 3 3.0364 5
1 1 94.0658 2
2 5 44.3585 1
3 1 56.0091 2
5 5 10.8299 1
3 1 -6.835 2
1 4 39.6074 1
2 4 65.2694 3
0 0 41.577 2
5 3 65.5538 5
3 5 36.562 4
2 0 0.4807 0
0 2 92.4171 3
2 4 93.3254 4
5 5 79.0838 0
2 4 58.1624 2
3 5 30.7991 4
0 4 9.7309 1
4 3 92.336 3
1 0 24.9049 4
3 1 18.6447 2
0 1 44.9132 2
5 2 91.8861 2
2 4 81.2548 2
4 2 37.9353 1
2 5 99.4022 1
4 5 60.0317 3
0 1 6.3483 1
1 0 41.7272 1
5 3 38.0073 3
0 3 29.2172 5
4 3 40.3536 0
5 1 3.602 0
1 2 9.872 1
5 4 80.4829 4
5 4 13.3636 0
4 4 9.8626 0
1 3 64.4599 2
0 2 64.9444 5
0 3 31.0914 0
2 1 -6.8238 3
5 5 42.7841 5
2 4 62.3807 2
0 5 58.4601 3
2 5 99.9803 4
1 1 84.9607 5
2 2 77.7962 5
0 4 94.709 3
0 3 18.068 1
3 0 -7.7437 1
1 3 75.7442 2
5 5 6.9548 2
3 3 70.9478 2
5 4 4.4415 5
0 2 46.3919 3
3 3 42.4084 4
4 3 -0.0755 3
2 4 10.4991 5
3 0 -5.5518 2
3 5 14.6653 5
5 1 92.3734 4
5 5 47.7146 2
3 3 -1.2899 3
2 1 98.2605 5
2 1 47.5401 2
4 0 50.6094 0
4 0 46.1717 3
0 3 62.6941 4
2 2 18.0346 0
4 0 2.5329 5
3 1 76.4795 3
0 0 35.7877 5
2 2 54.5929 3
5 3 58.6191 2
2 1 13.2175 0
5 4 18.5249 5
0 3 48.7814 0
3 0 -8.5365 5
3 3 66.0987 5
5 4 69.8503 2
4 4 29.6802 5
5 5 33.4497 2
0 1 4.8625 1
0 0 66.5636 1
0 1 42.9229 1
5 1 37.9367 5
4 1 -0.5297 3
1 3 36.4067 0
1 1 71.2659 3
3 3 -7.8409 3
4 1 12.1472 4
3 0 26.7235 0
5 5 37.4967 3
3 5 53.6527 5
4 2 -5.9281 3
3 4 55.0143 4
5 3 15.5096 0
4 0 36.4205 2
4 0 19.4634 5
3 3 2.8635 4
5 2 39.3158 3
0 1 21.6812 1
3 2 38.1922 4
1 4 89.9977 2
4 5 62.2654 1
2 5 68.2524 3
5 5 70.8043 3
1 4 12.7929 5
5 0 63.3762 1
1 1 7.1946 3
0 3 93.736 3
2 1 13.0376 0
0 2 86.8997 2
5 1 9.2186 4
0 0 27.1508 0
4 1 3.2757 1
3 2 99.3029 2
0 4 19.424 1
5 4 56.4718 0
5 0 91.9295 3
3 0 97.2126 4
4 0 80.5971 0
4 0 8.3751 0
1 2 7.2736 2
5 3 73.8161 3
5 0 6.9725 2
2 1 3.5282 1
3 3 74.6141 0
1 3 27.5452 4
1 0 19.2617 5
3 2 59.2384 1
1 4 36.3894 1
1 3 35.475 3
3 4 77.4068 2
0 3 6.0143 0
5 4 93.8007 0
2 2 34.1816 1
3 0 33.2593 0
5 5 6.6047 4
0 5 97.8052 5
4 2 36.1236 5
5 4 86.0901 5
5 2 90.0154 0
2 4 57.1441 1
5 3 39.0808 1
4 4 76.7176 5
3 5 27.9776 5
3 1 86.9072 0
0 4 26.7942 5
5 5 86.7863 4
4 2 13.5108 4
4 2 47.3469 5
1 0 -6.932 4
4 2 16.5474 2
5 3 98.565 0
5 0 82.5742 2
5 4 28.9921 0
5 0 39.3611 4
5 0 39.8462 1
5 4 52.2157 5
5 4 82.8945 1
2 2 21.2989 5
4 5 5.3969 3
4 5 17.2397 2
4 4 11.1811 2
3 0 6.1209 3
3 0 0.1473 3
1 3 13.6263 0
2 5 47.8881 4
4 4 75.6707 2
4 3 60.0107 3
5 3 70.4889 3
1 1 45.6364 3
5 3 4.2324 5
4 4 2.9864 1
3 3 -6.4132 1
4 2 91.3867 0
4 3 2.137 2
4 2 -5.569 1
0 2 23.5417 2
2 2 43.4518 1
1 4 36.3933 2
2 1 10.1385 5
3 0 3.4561 2
0 0 35.9333 4
2 4 39.7612 2
3 3 81.7906 4
1 1 45.524 3
3 5 39.3982 5
2 0 77.9793 5
4 3 32.5959 3
2 4 -4.9598 5
3 5 20.5113 0
1 5 -7.2716 5
5 2 51.7149 0
5 4 -0.6333 4
4 4 73.3377 4
4 1 72.5614 4
0 0 62.408 4
1 0 20.2459 1
1 5 82.2809 4
3 0 78.7613 4
2 3 54.7782 3
0 2 38.0719 3
0 4 24.9121 2
0 0 97.7765 4
1 2 5.8438 2
0 1 23.7474 3
5 1 -3.5195 2
1 0 68.4631 2
3 0 25.2046 3
2 2 31.3064 0
0 1 16.3585 4
4 1 44.2277 4
3 0 19.6216 2
3 4 34.7784 3
0 3 59.6895 0
2 4 95.9822 5
0 1 73.9276 5
1 2 52.507 3
0 5 45.0476 1
2 4 98.384 1
4 3 95.7487 4
3 0 -9.8899 3
4 2 61.8365 1
0 0 92.6857 3
2 4 17.5978 5
3 2 82.6683 1
4 4 20.9442 1
5 4 51.939 2
0 3 66.8272 1
5 4 99.8703 3
1 4 45.5302 2
5 2 59.8687 5
3 2 17.0521 2
2 1 40.5779 4
2 0 90.542 1
5 0 56.9665 0
0 5 9.089 4
5 5 43.7874 3
4 0 76.6036 5
5 0 49.2514 5
3 5 3.5757 3
4 2 32.5426 5
0 0 40.8962 1
3 0 14.3673 0
2 5 91.3539 2
1 0 79.7909 5
2 5 14.3262 3
2 0 20.8832 5
5 4 12.9995 1
5 3 2.2041 2
4 4 44.3412 4
1 5 71.2696 5
5 4 52.1654 0
4 1 72.0571 1
2 4 84.1027 4
5 2 11.1037 5
0 5 64.5508 4
2 5 51.6128 3
0 3 60.5063 5
0 2 37.5803 3
2 0 64.8191 3
3 2 46.8983 0
5 1 -4.8339 3
4 3 24.7866 3
1 2 -1.001 4
0 5 14.8191 5
3 0 90.8695 1
1 2 24.1886 5
5 0 -6.934 3
0 4 77.6943 2
2 1 1.8625 1
2 0 80.3797 4
1 0 75.3324 4
3 0 58.7884 4
0 0 97.1978 0
3 2 87.9092 5
0 1 -3.1798 3
0 2 57.1813 3
0 0 64.5321 4
0 2 83.4922 3
0 4 72.716 1
4 5 58.6409 3
3 3 77.4681 4
4 0 27.3578 5
0 3 46.8934 4
1 0 1.2959 4
5 0 55.2175 1
4 1 60.11 2
2 3 42.9539 4
3 1 16.7468 0
0 1 24.2834 3
4 5 72.9811 2
4 4 75.3045 1
3 2 56.3662 2
2 0 46.9449 5
5 1 -3.6951 4
4 0 36.4267 1
1 5 89.935 0
2 1 63.4646 5
5 3 55.9739 2
4 4 95.9371 4
2 3 26.1481 0
3 0 44.5524 0
5 1 66.2543 3
4 1 16.2921 5
2 5 31.3503 3
1 0 29.9099 0
2 0 51.0161 1
2 3 11.3844 4
2 0 97.284 1
1 2 9.1561 2
5 1 27.3799 4
1 1 11.5586 1
2 0 -7.6907 5
1 3 62.0356 0
2 1 23.558 1
2 2 62.7 4
4 3 86.6227 0
0 1 87.0995 1
1 1 48.581 5
2 2 55.9504 5
1 0 73.9391 4
1 4 22.3601 1
2 1 -4.1415 2
1 4 96.5223 3
1 5 -1.0452 3
5 4 -2.864 4
3 5 72.625 2
3 4 41.0694 2
5 2 47.8023 3
5 3 42.1134 4
3 5 91.3304 4
5 0 12.792 1
3 1 33.549 2
3 3 52.8507 2
2 4 -0.6765 0
2 3 47.0703 1
4 0 41.1778 4
2 3 39.6266 3
3 2 78.4955 2
2 3 -7.281 3
1 2 60.989 2
0 2 82.6864 4
4 5 -1.4025 2
1 0 3.0447 2
0 4 12.0337 1
5 2 17.5026 5
5 2 10.9707 4
1 5 71.3803 2
0 2 21.003 2
3 3 80.4047 5
0 3 61.95 1
3 1 14.9619 5
1 3 15.7096 4
4 3 69.4761 3
2 0 24.4382 1
3 5 35.9457 3
3 4 -6.6886 1
4 1 23.6129 5
0 3 79.1442 2
2 1 36.1062 5
3 5 49.1364 2
4 0 52.4335 0
1 1 97.4968 2
4 5 77.906 4
4 3 97.8189 1
3 0 48.794 1
3 0 26.1725 3
5 2 0.2566 0
5 4 9.54 5
4 3 -7.0478 1
0 3 21.2199 1
2 5 47.6835 3
0 2 47.0385 1
2 3 33.0216 0
1 4 36.0255 5
0 3 95.0606 1
1 1 24.0733 5
5 3 7.4659 4
2 4 12.327 5
5 3 20.2985 0
1 3 -2.9633 3
4 1 47.8442 4
3 3 40.8965 0
5 0 21.6703 3
2 5 82.6903 2
3 4 80.5773 1
3 1 9.7536 4
5 3 40.3611 5
1 5 52.5477 3
5 0 16.3665 1
2 5 49.1511 5
0 5 69.9192 1
3 3 99.1629 4
0 2 -1.5813 0
4 2 35.1106 1
2 1 45.6671 3
0 0 60.2753 5
5 3 31.9271 5
3 1 33.6342 0
2 0 68.001 1
2 5 72.3544 3
3 0 -0.9197 5
1 5 94.502 1
3 2 82.5719 1
0 4 1.0567 2
0 4 71.5591 1
0 5 73.9948 5
2 1 38.4724 1
1 5 -6.2111 5
4 1 38.6264 0
5 4 60.5113 5
5 0 32.968 2
3 0 55.8026 0
3 1 92.1703 2
1 1 0.0525 3
0 0 27.0828 1
5 5 -3.0511 0
5 1 69.6413 0
3 4 1.8452 2
2 4 58.9465 4
1 4 33.457 3
0 1 13.5158 2
2 1 -8.3506 5
2 0 32.8105 3
1 0 62.3758 2
5 4 30.5878 0
1 3 23.1688 4
3 0 68.3784 4
1 2 95.4938 4
2 5 66.5947 5
5 1 26.5251 5
5 2 97.5824 5
3 0 26.8616 4
4 3 32.0609 5
5 1 45.3762 5
0 1 -7.6665 0
2 1 71.1705 1
4 0 -3.4085 2
3 2 12.2213 3
1 5 -5.8303 5
4 3 71.3181 2
1 2 24.9293 0
4 3 61.2851 2
0 1 83.1628 2
2 1 12.6399 0
5 1 78.1597 5
5 1 56.887 3
4 2 10.19 5
0 0 85.6853 0
1 0 59.7804 1
1 1 0.0935 4
4 1 15.9941 0
3 5 41.3782 1
5 1 16.9417 1
4 1 23.3411 4
3 5 12.1541 3
0 2 33.8069 1
3 3 36.4967 4
5 3 73.6357 3
0 3 37.0137 0
2 4 49.0917 4
5 1 18.3021 3
2 3 21.1548 4
4 3 -2.0866 1
5 3 11.5287 1
0 0 84.7821 5
5 2 44.0599 3
3 5 31.0459 3
2 5 98.6274 0
3 0 99.172 0
3 4 7.8599 3
2 5 28.3437 5
3 5 65.7338 5
0 5 32.3866 3
5 1 16.6588 0
2 5 67.7215 0
5 5 60.9867 2
4 3 93.8692 1
2 1 56.2364 5
1 0 2.8404 0
5 5 90.8571 3
5 4 97.156 0
4 1 86.3607 1
3 2 66.102 4
4 5 87.5316 4
2 5 35.277 5
0 0 59.9798 2
1 2 72.3603 5
3 5 23.891 1
3 0 0.6558 5
3 4 35.8527 2
5 3 8.7698 2
1 5 4.7765 3
1 4 94.3332 3
4 1 10.4202 0
5 1 79.0096 1
2 3 38.4803 4
0 5 8.2739 2
0 3 3.715 0
2 0 54.4211 3
3 5 73.6587 0
0 2 72.6979 0
5 4 76.8128 0
0 1 47.4568 0
3 4 47.2082 2
3 3 73.2603 4
3 2 30.7864 2
2 1 93.509 5
3 3 57.189 2
2 0 -9.6607 5
3 5 81.8963 1
0 4 3.5184 4
2 5 72.6584 1
2 3 58.0187 5
3 4 35.4439 1
0 5 95.3302 2
