0 2 55 0
1 4 25 3
2 3 60 3
0 5 8 4
2 3 34 0
5 5 54 3
4 2 79 4
1 4 6 3
4 1 79 3
4 1 55 2
4 4 47 1
2 3 64 3
3 0 60 3
0 3 -4 2
3 4 74 5
3 4 53 2
0 2 28 2
5 4 68 0
3 5 7 0
5 5 38 5
1 0 18 3
1 1 52 0
5 0 97 0
2 2 13 1
4 1 64 0
4 4 10 0
1 5 97 4
1 0 39 4
4 3 84 4
3 4 78 3
1 3 5 0
0 1 88 0
0 3 85 0
0 4 83 5
2 5 57 2
5 2 43 3
4 3 10 5
2 2 72 1
3 5 52 5
3 4 38 3
0 5 83 0
0 2 68 0
0 5 71 0
5 0 67 5
3 5 12 1
0 2 74 1
5 1 33 0
4 0 34 1
2 2 66 5
5 4 85 1
2 0 43 1
1 5 73 0
1 3 58 4
0 2 50 4
5 3 21 3
2 1 92 2
4 1 15 3
5 1 98 1
2 2 10 2
2 4 60 4
2 1 46 1
2 3 86 5
5 1 15 1
5 2 67 4
4 1 44 3
3 2 97 2
5 0 64 3
2 5 2 2
5 3 66 1
5 3 98 0
2 1 57 2
2 2 70 0
2 2 14 0
4 0 59 4
5 3 67 1
5 1 89 4
1 5 67 5
5 4 94 0
0 4 21 4
5 2 57 0
4 4 96 4
4 0 25 0
1 1 67 1
3 3 46 5
4 5 72 5
5 3 -5 1
3 2 88 1
1 3 15 2
1 3 12 2
2 4 93 5
0 5 78 5
3 4 22 2
2 3 37 4
2 0 33 4
1 3 -9 0
4 2 9 4
2 2 91 5
2 5 70 0
3 4 87 0
5 1 89 5
4 0 47 5
1 1 5 4
1 1 10 5
1 2 65 1
1 1 22 3
0 4 27 2
1 2 98 0
5 4 76 4
2 3 -9 5
3 3 63 5
4 1 49 1
4 4 18 2
1 2 -5 0
2 1 65 2
0 5 99 5
0 5 87 2
4 3 88 2
2 4 71 0
1 3 2 4
2 2 56 3
3 0 -8 5
0 0 47 5
2 2 39 5
3 4 43 1
1 0 46 5
4 5 88 5
3 2 -2 3
3 4 37 4
3 3 91 4
2 4 39 0
1 4 -7 3
1 1 77 0
0 1 75 4
5 5 85 1
2 3 34 3
1 3 69 2
3 0 82 3
0 0 -10 5
5 2 19 2
2 5 71 5
4 5 95 1
2 4 49 4
3 0 0 3
1 4 84 1
4 0 56 0
4 4 24 4
2 2 8 2
1 1 17 4
5 5 55 2
3 0 75 5
3 2 62 1
2 5 33 1
0 4 94 1
4 3 33 1
2 0 78 2
5 0 2 0
4 4 93 2
1 2 27 2
2 1 51 1
3 0 24 0
3 3 30 2
3 4 -3 5
4 0 93 1
2 2 25 5
4 2 11 2
2 3 91 1
1 5 89 5
0 0 93 2
2 5 83 4
3 2 52 1
2 4 67 3
2 0 2 4
1 4 43 4
5 1 39 1
3 2 41 5
5 0 77 0
1 0 95 4
2 5 28 4
3 0 20 4
1 0 34 1
3 2 2 1
3 0 53 0
0 1 23 5
4 2 -9 1
3 0 83 3
5 0 97 4
2 4 48 3
3 3 84 5
2 2 3 2
5 4 100 5
0 3 55 4
3 5 53 0
4 3 67 0
2 0 100 1
5 1 91 3
1 0 86 2
2 1 52 5
0 2 72 5
2 3 43 1
5 3 36 2
3 4 -2 4
0 3 0 5
4 2 87 2
2 0 33 2
3 4 41 0
1 3 73 0
1 2 58 2
4 5 88 2
4 2 47 2
2 0 67 3
2 2 47 4
1 1 90 3
4 0 62 1
0 5 76 3
2 5 31 4
2 1 86 1
5 0 4 3
0 3 28 0
1 5 56 2
5 4 -1 3
2 5 5 3
5 1 70 5
5 4 65 1
0 3 36 2
1 2 35 4
1 5 31 3
0 1 20 4
3 4 19 0
0 4 7 0
3 2 58 4
4 1 81 4
2 2 56 4
0 5 68 0
4 5 -8 5
3 1 7 4
5 1 45 1
2 2 69 4
0 4 56 0
5 4 23 2
5 2 63 3
3 5 6 4
0 4 11 4
0 4 95 3
0 3 90 1
3 1 22 5
4 3 24 4
2 1 69 0
1 2 99 2
4 0 37 3
5 0 90 5
1 5 16 3
5 1 55 4
1 4 20 0
4 2 87 0
0 3 65 1
3 5 -6 4
3 2 49 4
1 0 71 4
2 2 2 3
0 2 93 5
5 2 62 4
5 0 33 3
2 5 15 1
0 1 5 1
1 5 55 3
0 2 53 3
0 0 93 4
2 4 -5 0
1 2 90 5
0 5 60 3
0 1 7 1
5 2 96 3
4 4 13 2
2 3 67 1
2 3 18 2
0 0 57 4
5 0 49 2
2 0 92 2
4 1 76 2
0 5 16 0
2 2 46 5
5 5 39 2
5 2 -3 3
1 0 -4 1
0 0 4 1
1 2 13 4
3 2 4 1
0 5 7 4
0 0 -4 5
4 5 61 1
2 4 68 5
5 5 38 2
3 4 -9 1
0 0 7 4
5 4 29 2
5 4 91 0
0 2 78 0
5 5 21 3
1 4 21 5
2 1 26 0
4 4 27 0
5 1 74 3
5 1 12 3
5 4 39 0
0 5 32 2
3 5 19 4
1 1 76 3
1 2 31 1
5 1 57 1
4 5 90 3
3 3 72 2
0 3 14 4
0 5 73 4
4 1 20 1
5 4 37 5
5 4 52 1
4 5 85 4
5 2 33 1
5 2 54 0
0 5 93 5
0 5 83 2
5 3 49 5
4 2 99 1
4 5 9 2
2 3 -5 1
3 1 53 5
0 0 34 0
3 4 -6 3
5 0 59 2
1 4 70 0
1 4 8 4
0 1 73 3
0 2 84 3
0 3 55 0
3 3 63 4
5 4 -1 1
5 0 -1 5
2 4 58 4
3 0 24 2
0 5 -6 2
4 1 65 5
0 1 5 2
5 2 92 1
3 3 43 3
0 0 17 2
4 3 57 4
0 4 21 2
0 2 86 0
0 4 17 5
0 2 -1 2
5 4 25 0
3 3 21 0
4 0 28 3
4 0 25 0
4 0 44 3
3 3 30 2
5 4 60 2
1 1 44 5
2 4 97 0
1 1 62 0
3 4 17 0
0 5 42 5
1 2 -3 5
0 3 79 0
3 2 -8 5
5 5 89 2
1 3 12 1
1 2 84 5
5 3 15 4
0 2 83 1
3 0 18 3
5 5 14 3
2 1 -3 3
1 1 28 3
0 3 30 4
1 0 62 1
4 4 25 0
3 1 26 0
1 1 84 1
5 2 80 0
1 5 91 1
0 4 91 4
3 5 -2 5
2 1 74 0
0 0 59 0
3 0 96 1
1 1 79 0
3 5 42 2
3 3 43 5
5 1 1 0
3 1 15 4
1 2 58 4
5 0 7 4
4 1 76 4
2 0 31 3
0 3 70 5
0 4 -7 1
0 2 39 4
5 4 95 0
2 3 82 1
2 5 -8 4
2 0 44 2
0 1 52 5
5 3 70 1
5 1 98 0
2 3 2 3
1 5 58 3
3 2 93 3
2 5 49 4
4 4 3 2
5 5 45 4
5 0 31 3
2 5 -2 3
3 3 86 5
4 5 99 1
5 0 -9 4
5 5 74 1
2 5 10 1
3 1 66 0
0 1 5 2
4 0 12 2
0 2 9 3
3 3 83 4
2 2 99 2
1 4 86 0
4 3 56 1
3 2 75 3
1 0 74 2
3 5 85 5
0 5 -4 0
1 0 32 3
0 5 -7 4
3 3 25 2
4 5 2 0
4 5 97 2
5 4 47 4
5 1 5 1
0 2 8 0
3 5 61 3
3 1 71 0
5 2 80 0
3 5 8 2
0 1 83 3
1 5 96 1
2 2 57 4
5 1 12 1
3 0 33 1
4 3 11 4
4 0 92 5
4 4 31 2
2 1 57 0
4 1 47 0
2 3 77 3
0 1 54 1
4 0 79 2
4 5 74 4
2 0 84 2
0 1 80 3
2 1 92 0
0 4 30 0
0 1 20 3
3 1 28 2
2 4 87 3
3 4 33 0
5 0 91 0
0 3 66 5
0 2 -1 2
3 1 100 3
3 4 2 4
2 3 23 5
2 4 90 1
5 2 85 3
5 2 21 0
0 3 24 0
1 3 88 4
2 2 79 3
0 1 85 5
5 2 2 0
5 2 32 1
2 2 58 3
1 0 26 4
3 0 51 4
3 5 44 2
0 0 -3 5
0 1 53 2
4 3 20 3
1 1 -5 2
4 1 72 1
4 2 29 2
2 1 98 0
2 3 43 4
0 1 47 0
1 1 58 3
4 5 89 5
3 4 21 3
4 1 94 5
5 1 74 4
0 4 76 2
0 1 -2 0
0 4 90 1
5 2 5 1
2 2 -7 2
2 5 -4 5
0 3 3 5
0 4 93 3
3 0 24 3
1 5 86 1
4 5 87 2
5 4 98 2
5 2 7 5
2 5 49 0
0 2 82 3
5 1 39 3
4 1 46 1
0 0 0 1
0 4 93 3
2 3 99 5
1 4 73 4
0 2 17 4
0 4 29 1
1 4 21 3
0 3 5 3
2 5 38 2
4 3 86 0
5 2 16 4
4 1 29 3
0 5 36 1
0 5 96 3
1 2 30 5
0 4 73 4
4 2 48 3
4 1 98 4
2 1 12 3
0 3 55 1
5 3 74 1
4 1 32 4
1 5 -9 4
1 1 77 2
3 5 -9 4
3 5 43 3
0 1 47 0
0 3 45 0
4 4 33 5
3 5 91 0
2 4 57 4
1 4 71 2
4 1 46 0
2 3 70 1
3 4 38 5
1 0 89 3
5 4 80 0
3 3 9 0
0 2 61 4
3 2 64 5
1 5 71 1
2 4 47 3
0 4 39 3
4 2 65 3
2 0 9 3
2 3 86 2
4 2 43 3
1 2 17 0
5 3 64 4
2 0 57 4
4 3 37 4
1 1 2 5
0 5 39 0
2 5 34 3
5 3 78 4
2 4 -2 2
5 1 87 5
1 0 47 3
4 5 30 4
2 4 78 4
0 3 15 5
5 2 20 5
4 3 65 4
0 2 17 3
2 5 63 1
1 4 39 1
5 1 -9 2
5 3 35 2
5 2 0 5
5 4 87 4
1 5 12 2
0 2 17 2
0 0 43 4
0 3 38 4
5 1 71 0
0 0 40 5
4 0 40 2
3 0 90 3
4 4 90 5
4 2 35 4
3 5 26 1
5 4 88 0
2 4 65 5
2 3 21 3
1 1 84 5
3 5 38 2
0 4 94 0
3 2 -7 2
5 4 57 2
5 4 12 1
4 5 22 1
5 2 -7 1
2 4 86 2
0 5 0 2
3 0 68 3
1 5 40 5
4 2 86 5
0 2 1 3
4 2 8 0
0 0 66 2
5 3 75 4
1 4 76 0
2 4 67 0
4 4 36 0
4 1 79 0
1 5 35 0
3 4 22 5
0 3 54 0
4 5 36 3
4 5 80 2
2 3 10 2
4 3 81 2
0 5 -2 0
2 1 95 3
0 5 42 1
1 2 45 4
5 2 27 1
4 3 99 1
3 0 58 2
3 2 75 2
1 0 29 0
1 3 61 2
1 5 73 3
4 1 49 4
0 4 3 2
0 5 82 3
4 3 51 1
3 5 53 5
0 5 92 4
4 5 47 1
4 2 30 4
2 0 63 2
1 3 91 5
4 3 6 4
3 0 -6 3
2 0 -9 5
2 0 -9 2
0 1 19 3
4 3 46 5
1 4 18 3
4 1 71 4
4 4 95 3
3 2 46 5
2 0 31 4
0 5 81 4
2 4 39 0
4 1 99 5
3 0 96 0
4 1 92 4
3 3 87 2
1 2 33 3
4 1 62 4
5 0 54 5
5 0 14 3
5 5 97 3
1 3 20 2
4 4 11 0
4 3 94 4
2 2 86 3
0 2 33 1
0 5 56 2
3 5 22 5
1 3 7 2
3 2 92 0
0 4 54 3
5 0 76 1
1 5 41 0
2 3 2 0
2 2 65 2
2 5 68 3
1 4 -8 2
3 5 84 5
3 3 39 2
4 3 36 5
3 3 25 1
3 2 60 0
3 0 68 0
1 0 86 0
3 3 27 5
0 3 -1 3
5 5 -4 0
4 5 83 1
5 2 13 1
5 5 27 1
4 1 1 5
3 5 65 4
2 1 65 3
3 0 89 1
4 3 -9 4
0 4 55 0
3 1 45 4
2 3 14 5
2 3 87 2
2 2 1 2
0 2 98 2
5 0 1 0
0 1 51 3
4 4 8 5
2 4 33 1
2 4 87 0
0 5 -1 1
4 0 3 2
5 5 37 4
1 3 70 1
5 1 3 1
1 3 79 5
2 1 -7 2
1 4 56 5
5 3 39 2
5 3 68 0
0 0 55 4
3 3 57 5
1 2 76 5
4 4 78 1
0 3 4 3
1 3 53 4
1 3 11 4
4 0 20 2
1 3 99 3
3 4 35 5
3 4 25 3
0 3 -2 3
4 4 32 0
1 4 94 2
3 3 59 2
2 1 92 4
2 1 26 3
0 4 -6 5
3 3 35 5
0 0 63 2
5 0 -3 5
0 2 74 1
1 5 -5 1
1 3 88 2
1 4 17 5
2 4 63 3
3 0 72 0
0 3 82 3
0 3 5 0
1 5 -2 3
1 3 99 3
3 2 53 2
3 1 29 2
0 0 18 3
4 2 6 1
0 1 50 5
5 3 14 1
1 5 71 2
5 1 -8 2
2 4 50 1
0 3 2 1
3 0 16 0
1 4 73 0
0 3 82 4
3 5 7 4
2 5 81 4
2 4 37 2
0 0 21 2
2 1 44 0
4 1 9 1
4 5 63 3
2 3 48 0
4 1 63 0
0 0 20 2
1 1 29 2
5 5 25 1
0 4 52 0
3 0 30 4
4 5 42 4
4 0 9 5
3 4 66 0
0 0 88 3
3 1 18 5
5 2 38 0
4 0 14 4
3 2 12 5
0 4 10 3
0 1 16 3
5 4 20 1
1 3 -2 2
5 2 44 2
0 3 62 3
1 0 5 1
2 5 37 2
4 2 81 3
3 5 -8 2
2 3 32 2
4 3 25 5
3 1 51 5
1 5 63 5
1 3 56 2
2 2 40 3
3 0 62 3
2 0 43 2
4 5 59 5
0 0 -1 2
5 5 23 5
5 5 15 4
2 3 16 4
4 1 87 4
1 2 70 3
0 3 33 2
5 1 47 2
4 4 57 1
2 4 89 2
3 2 46 4
2 3 82 1
4 0 14 1
3 5 -6 0
1 3 32 5
2 4 6 1
3 5 88 5
4 2 76 3
3 0 89 3
1 4 63 3
5 3 -5 4
5 1 -1 2
2 4 89 0
3 1 0 5
5 0 56 4
5 2 100 5
1 4 48 4
0 3 97 1
3 0 -2 0
2 0 57 1
1 1 80 2
3 0 75 1
5 4 8 2
1 5 16 1
5 5 95 0
1 5 6 4
1 4 -8 1
0 0 13 4
0 1 2 3
5 1 35 4
4 5 -4 0
3 2 -7 4
0 0 -3 5
5 5 36 3
0 3 82 4
0 4 -8 3
1 2 86 5
0 3 74 3
4 4 95 1
0 5 52 2
2 2 97 5
0 4 31 5
4 2 42 4
1 5 44 1
2 5 60 5
0 1 90 3
5 5 41 0
4 3 14 1
2 0 43 4
5 2 24 3
3 5 56 2
5 0 -8 0
0 0 94 2
0 3 36 2
2 4 -7 1
0 0 76 3
5 3 3 2
5 2 29 0
1 5 17 1
5 3 85 3
4 5 26 5
3 1 32 4
4 3 29 0
2 4 80 5
1 3 79 5
0 2 -4 1
4 1 98 1
3 5 41 5
1 3 10 2
3 4 40 3
5 1 -9 3
3 5 20 3
4 0 -6 5
2 3 66 3
1 4 31 1
2 3 70 2
0 1 98 1
1 4 35 1
1 4 58 2
1 5 53 3
3 1 10 1
1 1 86 3
1 3 32 1
0 5 25 0
4 4 73 0
2 0 31 5
5 0 48 3
5 4 -1 4
1 5 5 2
1 0 71 3
3 1 77 2
4 5 -5 4
1 3 80 0
3 0 21 1
1 0 6 4
3 3 31 1
2 2 28 4
0 3 77 4
3 4 -6 3
2 0 39 5
3 3 42 0
2 3 10 1
2 0 73 4
2 2 55 2
3 4 29 5
3 2 95 5
4 3 16 3
5 4 33 5
3 5 -3 2
4 0 2 4
2 5 -5 2
4 1 93 5
5 1 24 4
3 5 33 2
0 2 98 1
3 5 25 2
5 3 44 4
2 5 39 4
4 4 16 5
4 4 34 0
3 4 34 4
4 4 48 1
0 4 24 2
2 4 -3 1
4 0 84 1
1 4 77 1
1 2 29 1
5 3 10 2
3 2 78 2
3 5 89 5
3 4 -4 3
1 3 3 1
4 5 -8 5
2 4 34 1
3 3 36 3
2 0 34 2
4 3 71 3
2 3 -8 0
5 3 73 2
2 4 78 4
3 0 70 3
0 1 66 3
2 3 33 5
3 1 -9 5
3 1 94 0
3 1 34 3
1 5 62 0
1 3 -2 3
5 2 -3 4
1 2 65 1
4 0 72 0
1 3 67 2
3 1 79 0
4 2 -7 1
2 4 2 2
2 0 48 1
5 5 16 4
1 0 76 5
3 3 9 4
3 2 55 2
3 0 37 0
3 4 52 5
5 2 30 3
5 0 94 3
0 1 74 0
4 1 27 2
4 3 46 0
5 1 8 2
2 0 90 5
2 1 24 5
5 3 35 5
1 5 -1 3
1 4 78 4
4 2 84 2
5 0 94 2
5 2 46 1
4 1 85 2
4 2 51 3
3 0 0 1
1 1 64 1
2 4 68 2
