3 2 43.0589 4
2 4 66.2979 5
5 0 71.8471 2
5 2 96.7098 1
0 3 45.3966 1
0 2 84.496 0
3 2 92.21 4
1 2 -2.2963 1
4 0 98.2268 2
0 2 17.9174 0
0 4 34.0007 3
1 1 17.743 3
3 3 67.4051 3
4 4 81.6932 5
0 4 33.5276 3
4 1 38.4645 1
4 3 36.7675 3
3 2 48.4521 0
1 4 16.0014 2
1 0 1.0747 0
0 5 0.5829 1
1 2 16.7772 1
5 2 26.2782 0
3 5 45.5914 3
0 5 60.7819 0
4 0 -4.4511 2
0 5 -0.7098 1
5 5 89.5925 4
5 4 82.1756 3
3 5 53.3411 2
5 5 14.33 1
5 5 87.5569 5
0 5 39.1483 0
3 1 50.4693 2
0 2 53.4085 3
4 1 14.6308 2
3 0 1.2957 1
2 0 73.2236 1
2 5 11.7199 5
2 0 53.3391 4
5 2 61.0659 3
1 2 92.6887 0
3 0 33.8825 2
3 4 17.0216 1
5 4 79.1799 3
0 0 17.4151 0
2 5 29.5523 5
5 5 64.8794 1
1 4 49.2564 5
2 4 70.9269 2
5 3 41.5345 1
1 1 90.8003 2
0 1 24.4931 1
0 5 56.5389 5
2 2 36.1117 2
4 3 34.879 1
4 4 92.8504 2
1 4 3.7383 0
3 2 86.0739 4
5 3 -7.6039 2
0 3 73.2672 5
3 5 4.1539 2
2 0 10.3315 0
0 4 2.5811 2
0 5 86.907 5
4 3 37.2492 4
1 2 7.7923 0
0 5 71.2178 3
0 2 14.4976 2
5 4 6.6335 2
3 4 61.2249 0
5 4 23.0031 2
0 2 1.6734 3
2 1 80.7241 1
5 2 73.3267 1
2 1 67.3973 4
1 3 7.5103 2
5 5 87.7187 0
3 2 65.8732 4
0 4 77.1146 3
1 0 59.6678 5
0 4 -0.7883 2
5 5 -5.5258 4
1 3 43.2295 4
5 4 40.2082 3
3 3 41.7016 5
3 1 39.7949 0
4 4 0.9996 0
3 5 34.2072 1
1 5 63.5404 0
4 5 57.7037 0
5 1 51.2995 4
0 1 31.3907 3
0 1 6.1309 0
2 2 58.8918 1
1 5 29.8579 4
0 0 17.2326 1
3 0 35.0231 2
5 1 90.1756 5
4 4 41.8631 2
5 3 12.5551 0
2 5 53.5456 3
4 5 8.1726 5
5 1 86.4809 3
4 2 13.2337 0
0 5 80.896 3
0 0 72.835 3
4 0 -7.8415 5
3 1 94.2153 2
1 3 11.62 0
2 5 -0.3879 2
1 4 97.6865 4
1 0 0.1434 2
4 4 82.2497 4
3 2 77.4533 3
1 4 83.9148 4
1 5 81.0836 3
3 3 29.1225 0
4 4 53.3313 4
5 1 -9.3486 3
0 4 51.5774 3
1 2 -7.6638 4
1 1 12.5854 0
4 1 97.7823 2
4 2 35.7346 3
3 2 73.8975 4
0 4 92.2035 0
3 2 -5.8661 1
0 5 46.5001 0
1 0 7.7246 4
0 5 -8.5792 2
5 2 60.3119 1
3 3 11.1173 4
0 0 5.0956 4
1 2 -2.2164 1
0 4 83.8981 2
2 2 59.0518 0
2 4 32.0166 1
1 5 19.0365 1
4 2 35.3122 5
2 3 59.8487 0
4 4 -9.8038 5
0 2 73.9354 0
0 4 96.0571 3
5 4 21.4688 1
0 2 1.9513 2
1 3 33.2638 2
5 0 17.8068 5
4 3 87.0412 0
1 3 89.4789 3
5 4 62.8065 1
2 4 -9.2338 5
2 2 51.566 4
3 2 64.0664 2
0 1 92.3268 5
1 1 11.9025 1
4 3 0.077 3
0 5 22.6865 2
4 4 44.7119 1
1 0 37.3438 2
4 4 11.7262 1
0 0 6.6517 3
5 0 31.2463 5
3 5 -5.9015 2
2 0 67.2777 1
2 0 6.6186 3
3 5 50.8216 4
5 0 -0.1076 4
1 3 99.0802 3
4 3 85.9954 0
1 5 22.28 2
0 3 -6.1592 3
4 4 2.449 1
1 5 7.7049 3
2 0 13.7531 1
3 0 23.0749 4
0 3 51.2402 1
1 4 -4.0508 5
2 3 14.7466 3
5 5 67.1909 1
3 3 93.3133 0
2 4 2.1559 2
1 3 -6.365 1
0 3 33.2596 2
1 1 -2.915 3
0 1 56.8893 2
3 3 63.2998 0
3 1 43.304 2
0 4 -4.9715 4
4 1 -8.1525 2
5 0 66.497 2
0 0 33.3154 2
5 0 61.4504 4
0 2 57.6269 3
0 0 16.9176 3
2 5 16.2668 1
3 2 38.3529 2
2 3 72.8032 5
4 1 64.5487 0
0 3 25.7523 1
5 5 56.9297 0
4 4 23.3608 4
2 5 24.1331 0
5 2 70.3018 1
5 5 70.7221 0
2 4 25.7018 0
3 0 57.395 1
4 0 34.8793 4
3 3 83.4492 2
5 1 63.8865 5
0 5 22.6248 1
0 0 64.336 3
0 0 15.4381 3
0 4 53.2175 5
2 2 68.5089 4
1 2 57.7469 0
3 0 84.5793 0
5 0 11.8179 2
4 4 31.5723 5
3 4 66.5812 4
0 3 29.2723 4
1 5 13.871 2
0 2 84.482 5
4 1 -1.9042 3
2 0 -8.4184 0
1 5 38.3461 2
1 0 86.5559 0
4 3 87.0121 1
3 3 44.3594 1
4 5 -4.1868 1
0 0 64.9499 0
1 4 30.8399 5
5 0 1.5884 0
3 3 39.8149 1
2 1 32.6796 3
1 5 2.3479 3
2 4 47.6431 0
0 1 20.7367 5
3 5 51.8355 1
3 3 57.193 3
2 3 -0.2148 2
1 4 33.234 0
0 0 -2.5866 0
2 4 39.5126 3
3 1 23.6766 2
0 5 -8.5515 4
4 3 20.3472 3
3 3 33.2882 5
2 5 32.8733 0
5 0 -6.5072 5
4 5 80.531 4
0 2 78.5096 4
4 2 7.8154 3
0 2 67.1305 3
5 1 51.2876 4
2 1 63.048 3
2 4 70.7965 4
3 0 32.9276 2
1 5 97.5112 1
0 3 49.2733 5
2 1 30.8742 5
0 5 41.4852 3
3 0 79.5265 1
3 4 97.3749 5
2 5 32.4351 2
2 2 17.3144 3
5 4 38.8418 2
4 2 60.6742 3
4 1 46.0539 4
0 2 89.9684 0
2 0 62.1083 1
5 3 86.7316 5
1 3 61.3755 3
5 5 34.6002 3
1 3 9.5588 3
1 1 50.9806 3
5 1 73.1471 4
1 5 43.4874 2
3 1 82.48 1
0 5 2.958 0
3 2 57.7351 5
2 2 29.5152 0
2 3 20.6795 1
5 2 -1.0639 3
0 2 59.5771 1
2 5 8.4861 3
2 0 87.8073 4
1 3 84.6269 5
4 5 42.9368 1
2 5 74.8841 1
5 0 57.1611 0
3 5 48.1873 2
4 1 16.7525 2
1 3 9.5199 5
0 4 16.8688 1
3 1 81.6578 3
3 5 3.4128 3
2 3 98.2699 5
0 2 10.409 4
4 5 78.9857 0
5 3 54.438 2
4 3 74.3033 3
2 2 96.8138 2
2 2 71.5883 1
4 5 29.0266 0
1 0 -9.8224 5
0 5 4.756 4
0 5 28.2104 2
3 3 35.5565 3
2 0 -4.5457 3
4 0 12.4265 0
0 4 54.6684 1
2 0 79.6181 4
3 0 23.1274 5
0 5 1.7753 1
0 4 63.0209 3
5 5 88.9693 0
2 1 53.6624 2
4 0 13.5588 5
1 5 87.8607 1
1 4 30.6925 1
5 5 60.7667 0
4 1 72.656 0
2 5 -6.4374 4
5 4 76.057 3
3 5 65.7064 5
5 1 47.0184 0
2 3 -6.2102 4
4 0 68.6009 3
5 1 83.1288 1
3 1 22.9435 5
3 1 68.9897 4
2 1 82.8342 0
3 3 57.0355 3
4 5 33.7347 3
0 4 75.5178 5
0 2 -2.6365 4
0 3 91.4742 0
0 4 50.6664 3
3 0 56.2505 3
1 4 -9.9812 4
5 2 36.0218 5
1 5 -1.4179 5
4 4 2.7012 4
5 3 13.9049 5
1 0 36.2919 4
5 4 66.4424 2
0 3 -7.1241 2
5 5 93.8318 0
1 4 -2.1954 3
4 5 41.7767 5
0 1 44.5029 0
0 5 91.996 5
0 2 24.4857 2
1 3 21.1947 4
2 0 90.6452 4
5 1 89.2537 2
3 4 37.0482 3
3 4 65.5773 2
5 5 93.3952 2
2 4 70.185 1
1 2 -4.1779 0
1 5 11.8912 4
0 3 77.4569 2
0 5 59.333 1
4 3 84.5502 0
5 5 55.4483 1
4 5 88.9715 4
1 0 91.3647 1
2 2 -1.1496 0
3 2 72.2707 1
1 0 94.3676 2
0 3 68.3597 1
5 5 71.312 5
5 4 0.0072 5
0 1 53.4662 3
1 4 29.3768 2
3 3 98.1173 1
5 2 88.3721 0
1 0 75.2516 4
4 4 84.15 1
5 1 80.1064 1
5 0 34.6651 3
4 5 76.7204 5
3 0 46.8733 1
0 0 -7.8756 2
2 5 99.4389 5
4 3 81.2466 0
3 2 16.586 1
0 1 84.7576 3
1 3 97.7269 1
3 5 5.5368 1
5 1 46.2891 1
2 2 98.4313 4
2 1 89.1092 4
5 5 81.2618 1
2 4 49.6744 0
4 3 33.4714 4
4 3 13.0852 0
5 5 71.5944 2
4 1 94.874 1
5 4 72.1167 0
1 5 16.2715 3
4 2 78.1036 4
3 3 39.0136 5
2 0 56.455 3
4 1 3.8366 0
2 3 31.112 5
4 5 41.1206 3
2 2 53.8442 3
1 2 20.384 3
4 2 -5.0005 2
2 5 97.0628 0
3 5 -3.1374 3
2 5 3.2974 2
1 3 10.8722 3
1 4 34.0402 0
2 0 -4.5998 3
5 0 96.808 1
3 3 95.7807 3
5 5 49.4319 2
3 0 3.0034 2
4 0 44.9684 0
4 5 10.023 2
3 5 50.6119 5
1 4 85.2989 3
5 3 97.4917 5
4 2 43.3343 3
4 0 72.5654 1
0 2 41.6685 4
0 4 0.2711 3
0 5 94.6889 0
3 0 27.615 1
0 1 15.9798 5
5 5 42.8266 0
2 3 39.2752 4
3 2 73.5871 5
0 5 15.3983 5
1 1 91.7397 0
1 4 41.8203 4
1 3 -5.1457 4
3 4 74.0794 3
1 4 67.2846 0
2 2 98.4256 3
4 5 74.0273 2
5 1 68.857 0
5 5 46.6468 5
5 1 33.426 3
1 1 61.7797 0
1 5 16.8645 0
2 2 -6.0461 1
4 5 -0.3452 4
5 5 87.8184 5
2 5 0.6054 1
3 5 18.1423 0
3 5 19.0975 1
1 2 5.2521 0
0 1 85.9592 0
5 0 13.1306 5
5 4 -0.3585 2
4 1 72.0025 5
3 4 10.4987 3
0 4 81.3959 3
2 2 60.9596 1
5 5 92.9862 0
5 2 10.3148 2
5 5 30.5884 3
0 0 47.0046 3
4 2 39.5612 5
5 0 86.7335 5
2 5 65.623 4
3 5 49.8902 5
1 0 -6.1451 4
5 3 7.0361 2
3 1 11.6934 1
0 3 48.6036 0
3 3 44.2357 0
4 3 96.53 2
5 4 79.4006 5
0 2 27.0517 1
0 0 73.8375 2
5 1 72.3369 3
0 3 77.4581 4
2 0 68.5855 3
1 1 57.9181 0
4 1 34.2459 4
1 2 50.2204 3
2 3 86.4741 1
0 5 13.5289 5
4 5 9.9891 5
4 4 7.5258 0
3 4 55.0059 3
2 1 74.9353 5
3 1 77.6517 0
1 4 9.1008 1
5 3 11.7906 1
2 1 34.2346 2
3 1 14.4515 2
3 1 0.9021 5
2 4 19.813 5
0 2 99.0028 4
5 0 46.2209 4
0 5 78.405 5
2 2 88.2203 1
2 4 91.84 3
3 3 59.8024 3
0 1 28.1956 4
1 2 67.2666 2
1 1 77.0961 1
4 0 23.7699 2
3 3 28.1545 3
1 1 23.9795 2
4 2 -8.0291 4
2 2 63.1972 5
0 4 -9.2033 4
1 2 44.3319 1
3 0 73.9632 5
2 4 52.875 4
2 2 14.4039 0
3 1 93.7179 0
1 2 20.0726 3
3 3 52.4282 3
4 4 80.8934 5
0 2 94.1551 0
4 2 90.679 1
5 4 70.1073 0
5 0 0.2487 3
1 0 58.8874 5
0 2 51.7522 4
4 0 59.1178 3
5 2 21.9415 1
1 4 25.5187 4
3 0 6.5298 3
5 1 -1.6613 3
3 4 92.3687 0
0 0 36.3251 1
5 5 26.7015 1
4 5 16.7817 0
4 1 39.4949 4
2 2 82.1447 2
5 0 46.1173 3
5 3 44.9499 1
1 5 55.9551 1
5 4 40.578 2
2 4 12.6613 5
4 0 54.4999 3
4 3 71.2292 0
2 3 63.4414 3
4 3 11.8645 1
1 0 69.9337 0
2 4 73.5272 2
3 2 46.8766 3
5 5 65.6975 5
4 2 30.6223 4
0 4 41.3287 4
3 0 83.5245 2
4 1 70.103 3
5 4 67.7497 1
3 1 38.6852 3
2 1 52.038 4
5 0 20.609 4
4 4 -5.9006 3
5 3 20.4372 3
2 1 -0.5332 1
0 3 37.6781 2
2 4 92.6846 4
5 3 46.6262 2
1 2 70.3545 2
4 1 73.885 0
0 5 28.6921 1
1 3 49.1579 3
5 1 18.5624 2
2 5 30.429 0
1 1 32.8562 3
0 4 78.8449 1
4 2 9.9341 1
4 3 96.3488 1
3 3 62.453 0
1 2 59.0463 4
2 5 8.689 0
4 5 4.1055 5
5 3 11.4438 5
0 1 93.1944 4
4 4 8.2711 1
5 5 53.5119 1
5 4 83.2572 4
1 4 48.0227 4
2 5 36.8914 5
0 5 14.5343 2
0 4 14.2024 2
2 4 51.2159 3
2 5 65.4475 1
4 5 98.0673 3
4 0 43.2637 5
3 1 50.384 4
3 0 64.5667 5
3 4 11.8809 5
4 3 84.3675 0
4 1 90.45 3
5 2 56.2994 1
0 5 28.1025 3
4 1 95.2953 2
2 3 -7.2757 3
0 1 16.9108 0
2 0 49.9781 1
4 4 60.7472 5
4 5 27.0667 3
5 1 31.6074 5
5 1 22.3225 3
4 3 59.5367 3
1 3 21.2367 0
0 1 18.6147 1
4 5 68.4074 4
5 5 41.3023 0
0 4 51.3213 0
2 1 29.007 4
2 0 77.0474 0
2 1 -5.453 5
3 3 61.8569 0
2 1 51.6533 2
1 3 69.4133 4
0 4 60.4497 5
1 5 5.2657 0
5 4 83.6201 5
4 2 46.6296 0
0 4 79.9564 5
5 4 20.5146 0
3 2 15.5407 0
4 2 -2.6161 2
3 3 72.4018 5
4 4 75.3143 5
2 4 77.5338 4
3 3 17.7894 2
3 3 9.2593 4
4 1 51.959 5
1 2 8.1754 5
2 3 20.4741 2
2 1 97.6812 0
3 5 78.8265 5
0 0 84.2732 0
3 4 37.9515 4
2 2 -1.5312 4
5 2 32.6573 4
0 3 2.7255 1
5 0 17.9852 5
4 3 5.2215 5
0 5 88.443 5
5 1 27.4346 3
3 4 57.5399 0
2 4 34.7797 2
3 4 -1.5142 4
4 2 81.0645 2
1 5 -8.3816 1
3 4 55.9703 5
3 3 21.2575 0
5 0 2.6877 0
3 4 92.514 4
2 4 0.8307 4
0 4 84.9142 2
1 5 66.9487 3
2 4 33.1365 1
0 1 0.3749 5
2 4 32.6304 1
4 0 89.6724 1
1 3 52.1916 2
4 3 9.8316 1
3 5 30.9823 2
5 4 81.51 2
3 1 32.4857 3
5 0 67.9436 5
2 3 10.9043 1
3 3 90.7771 5
0 1 93.9199 3
0 1 56.1929 3
1 0 19.4749 4
5 3 64.672 2
2 3 56.1705 3
0 3 -0.5533 1
1 5 91.8983 5
0 0 35.5878 0
5 5 26.2778 3
1 5 19.3788 5
1 4 82.2721 0
4 2 11.6214 3
3 1 37.3975 5
2 0 76.2534 4
5 1 69.9691 3
4 5 73.3099 1
5 2 2.6433 3
5 1 1.4004 2
1 1 98.9776 4
2 4 63.2858 2
3 5 46.5476 0
5 1 76.2532 4
0 5 40.9734 5
5 1 -3.5654 1
4 3 94.2882 1
4 2 87.6791 5
1 1 38.731 2
2 2 -2.4177 2
1 2 87.8016 2
2 1 -9.7166 5
0 4 7.0939 2
5 3 50.1255 4
2 0 29.9756 3
0 2 -7.9398 5
2 1 50.1025 1
2 0 59.4889 3
0 4 13.4349 3
1 3 25.1434 5
2 5 65.5667 3
3 5 15.8822 2
3 1 11.0482 1
0 1 79.8689 0
4 4 65.6522 2
3 0 95.4804 0
3 4 52.4277 4
4 1 5.9159 2
0 5 10.1878 5
4 2 86.7028 3
3 0 68.4314 2
4 5 32.6079 4
4 3 3.4118 2
2 4 77.6122 0
3 5 55.0408 5
4 4 38.1144 1
1 3 66.1322 0
3 4 40.391 2
1 2 9.7206 0
3 1 54.5341 4
3 3 64.2997 4
5 3 76.4079 3
3 0 18.136 0
2 2 44.2923 0
2 2 69.0679 3
0 5 91.8613 0
1 2 78.5202 3
3 4 17.2813 0
5 5 1.7776 3
4 3 33.9125 5
1 3 13.2803 4
5 4 71.0772 2
2 4 18.902 3
1 5 55.0539 0
1 5 7.2184 0
2 3 70.8528 3
0 0 -3.308 2
2 1 66.7338 5
0 1 6.2912 5
1 1 95.134 1
3 4 20.6157 2
1 1 66.2052 1
5 0 20.6295 2
1 4 85.3318 0
3 0 22.3386 5
1 0 1.7308 2
1 4 91.9798 1
5 4 24.1828 0
4 3 51.9687 0
4 0 59.355 0
1 0 86.6207 2
2 4 82.8762 4
5 5 61.8904 1
5 0 78.9567 2
1 5 30.4563 2
4 4 32.3798 0
2 3 1.9098 4
0 5 40.1176 1
4 2 30.6457 0
3 3 19.881 1
1 5 17.2655 1
2 1 40.89 0
5 0 65.9105 3
4 1 16.3735 3
4 1 60.3607 4
0 0 -0.1557 5
0 1 49.5917 1
5 5 7.8888 4
0 5 75.5986 3
0 2 10.2886 1
1 2 16.6267 2
3 0 66.043 1
4 1 82.2052 3
1 0 91.4535 5
0 5 0.6232 5
4 5 88.2022 4
3 4 2.954 0
0 2 48.0073 4
5 0 70.5414 0
0 2 38.7719 2
1 4 85.7108 4
3 4 71.5381 4
2 4 -9.7346 1
1 3 12.3796 3
5 3 41.0931 3
1 3 15.8007 3
4 5 52.9171 4
3 1 34.6428 3
3 1 70.746 1
3 1 72.7075 4
5 4 48.2608 4
2 2 0.1152 2
4 2 40.1443 2
2 4 -2.5275 5
0 5 93.8002 4
3 5 78.9821 5
1 3 -1.8365 2
5 3 42.3332 3
1 4 60.951 1
1 5 73.4577 0
3 0 83.6273 5
3 0 9.5464 5
3 0 90.4289 3
5 0 42.2824 0
3 0 18.1322 3
1 1 75.6651 4
2 4 73.3837 1
2 0 24.3172 4
0 5 71.4431 2
5 2 37.1186 5
2 1 74.6269 0
5 0 34.0692 1
4 1 99.4316 2
4 5 51.7152 4
4 4 98.5347 2
3 1 20.1263 0
2 4 15.1624 2
1 3 9.9459 4
0 1 40.6633 2
3 2 74.0309 5
4 1 3.6751 1
0 3 36.7719 3
4 2 20.4157 4
0 2 98.2775 4
4 2 19.3065 0
4 3 81.5417 1
1 4 41.0312 3
1 1 29.4085 0
0 5 -7.5929 3
5 4 36.7673 5
1 0 20.2871 5
2 4 96.5443 3
2 4 39.364 2
1 2 27.0941 4
4 0 80.8918 2
3 5 12.1448 3
0 1 65.4188 3
1 0 86.1731 3
4 2 91.2072 5
3 5 99.5423 2
4 1 28.1535 1
4 5 45.9806 0
3 3 28.3999 3
5 1 44.0477 3
0 2 19.5486 3
2 1 84.4175 3
1 2 -8.4328 0
0 1 92.4993 2
5 0 52.951 3
4 4 -7.346 3
0 3 85.5613 5
2 1 63.3863 2
0 2 31.4621 1
0 5 -4.1416 0
2 5 -5.5372 4
1 2 10.6358 4
5 1 18.7854 5
0 2 83.3508 1
4 1 97.6554 1
2 4 81.3807 0
3 1 43.2677 5
4 2 71.9681 5
3 0 19.6262 2
5 2 49.1779 2
2 0 68.422 1
3 0 51.093 2
3 3 15.3501 1
5 1 42.6489 5
5 0 5.3277 1
1 4 0.231 5
3 3 20.3329 4
0 2 24.4585 3
4 0 65.2096 1
1 1 65.4916 2
4 3 58.7785 2
5 0 73.6995 2
5 0 94.8114 1
1 4 79.6673 5
3 5 95.7235 0
1 1 55.9778 1
5 1 76.722 5
3 5 27.0203 3
3 0 2.6757 1
4 1 96.3458 1
2 4 55.9222 3
3 3 2.479 2
4 1 25.4891 5
1 1 36.7988 1
4 5 94.8919 0
0 4 53.016 4
1 1 84.3215 0
2 5 94.076 3
0 1 67.8832 4
5 2 -6.4796 0
1 3 32.0679 5
1 4 50.5888 3
4 2 26.7343 2
1 5 91.8741 2
4 4 78.4091 0
2 5 -9.7167 3
1 3 78.098 4
2 1 21.8825 2
2 4 47.5523 2
2 1 87.4095 4
0 5 11.1967 1
5 1 55.3289 5
3 4 89.1767 1
4 0 32.2981 4
3 2 -0.4529 4
1 5 36.5887 0
3 1 66.7004 0
1 2 21.2132 2
5 0 91.1683 5
4 0 67.3225 0
1 5 -3.2573 0
3 2 52.64 2
4 3 -0.6438 5
0 1 20.8002 1
4 3 69.638 3
3 2 19.6457 0
0 5 54.6407 3
2 0 59.5826 3
1 0 29.3292 3
0 5 1.241 2
5 5 96.3829 0
4 0 20.7388 1
1 4 11.429 5
0 5 53.4567 2
4 2 68.6478 3
0 1 58.5606 2
2 4 91.3038 3
3 2 57.0991 2
4 2 -6.8893 4
1 0 98.8831 2
0 3 9.8115 1
3 4 5.2943 4
5 3 0.7003 4
3 5 76.3683 4
3 3 96.048 3
5 3 92.7069 0
5 3 42.7053 3
5 5 86.1728 2
1 5 48.2259 1
3 0 60.5274 4
2 3 76.9608 1
3 5 76.0033 0
0 4 94.8038 2
3 1 -9.1482 1
3 0 88.4679 2
1 0 96.6547 5
0 5 18.1197 1
4 2 12.6545 3
2 2 77.4794 4
4 5 50.3076 3
2 0 7.8921 1
2 5 75.8307 4
2 0 29.2702 5
3 3 26.2135 3
0 5 75.4831 4
2 2 79.5252 0
5 2 53.6768 1
2 2 82.4157 0
4 1 75.7552 0
4 5 51.0883 2
2 3 99.8365 3
1 0 -5.4072 4
5 2 68.5654 0
4 4 47.9164 2
3 2 65.5688 2
3 4 4.8043 1
1 5 -9.831 2
4 3 72.5126 1
2 4 17.7615 3
5 0 98.4177 0
1 5 31.487 4
4 3 9.3532 3
1 5 88.062 1
3 2 26.9868 0
1 5 -0.5247 3
1 0 49.9819 4
0 1 32.1802 2
2 3 41.9617 3
4 3 -3.8419 0
2 3 37.2772 2
5 1 -6.8752 0
1 3 6.6106 5
5 0 69.6776 2
4 4 14.6216 5
5 0 67.949 2
1 4 30.0428 4
