1 3 98 2
1 1 65 1
0 3 42 0
1 2 52 1
0 3 -1 2
2 3 0 1
0 1 29 2
0 4 31 5
3 3 32 5
3 5 18 2
2 0 96 1
2 0 13 0
2 0 65 4
5 2 100 3
5 4 35 0
2 2 85 1
5 5 0 3
3 0 1 3
5 2 46 0
2 0 64 3
3 3 29 0
5 5 59 4
3 2 95 1
5 4 -1 3
3 5 27 1
3 5 38 1
5 2 88 2
5 1 12 3
5 1 83 3
1 0 17 0
5 4 27 3
2 5 5 2
1 3 33 3
2 1 3 5
0 5 13 2
2 4 55 4
5 1 83 1
2 0 28 2
3 2 66 3
1 3 -6 0
1 3 87 1
0 1 23 0
4 0 81 5
3 2 86 0
1 2 -7 3
4 5 66 3
2 0 47 1
0 4 46 5
3 2 6 0
1 0 78 2
4 3 14 0
1 1 27 0
3 0 79 5
3 3 34 4
5 5 3 0
2 1 36 4
1 2 69 2
0 2 82 3
2 0 25 2
0 4 8 2
3 2 51 0
0 1 50 1
3 2 64 5
4 3 83 1
0 0 1 1
3 3 46 0
4 5 53 3
5 0 -8 2
0 5 36 2
4 2 41 1
3 2 87 5
3 5 8 2
1 3 22 1
1 2 26 3
2 2 16 5
5 2 42 3
2 4 81 1
4 3 10 4
3 2 22 0
1 4 97 3
0 5 78 0
1 3 -10 5
5 3 65 5
1 5 61 1
4 4 54 1
0 5 84 4
5 0 86 0
4 3 81 3
5 2 59 1
1 2 98 2
5 3 84 5
3 3 64 0
3 0 53 4
1 2 33 1
1 2 67 4
5 4 65 4
1 0 0 0
0 4 16 5
0 5 16 4
2 3 93 0
4 4 30 4
2 2 37 0
2 3 62 4
2 1 68 1
5 3 91 5
2 1 64 5
1 5 82 4
4 0 63 2
1 4 71 5
4 3 50 1
1 5 68 5
5 1 59 2
3 0 50 5
2 4 7 3
1 5 78 0
0 4 81 4
4 3 -1 5
3 0 27 3
1 2 -6 0
4 3 52 4
2 5 96 1
5 3 45 3
2 0 27 2
2 3 57 2
5 3 85 1
5 1 5 3
5 3 93 2
1 3 95 2
2 5 36 1
0 3 79 3
3 1 45 3
5 0 66 5
0 2 84 2
1 4 8 3
0 2 40 3
4 1 53 1
5 3 28 5
2 0 87 2
1 0 91 1
3 2 30 1
0 2 62 1
0 2 65 1
5 4 16 1
0 5 40 2
3 2 17 5
1 4 -9 3
0 1 36 4
1 4 59 5
0 3 98 1
0 4 8 1
5 4 55 5
5 5 42 1
3 4 98 0
5 5 86 3
3 0 55 1
3 1 82 1
3 1 65 2
5 1 48 1
5 3 43 1
5 1 94 0
3 3 86 1
1 0 50 2
2 3 48 4
4 0 88 4
2 2 54 2
4 4 68 4
5 2 61 1
2 3 65 4
5 5 40 0
3 5 48 4
0 3 -4 2
5 1 72 2
0 1 68 5
3 3 16 2
2 1 30 2
2 2 3 5
2 2 95 5
5 0 60 0
3 1 24 5
3 0 27 0
2 0 52 4
5 0 11 0
4 5 59 3
1 0 19 3
5 5 47 3
1 5 71 4
4 3 17 2
3 5 91 5
1 0 34 0
1 2 81 4
5 3 77 4
3 5 97 4
2 1 11 5
3 3 75 2
3 2 32 0
2 3 55 4
5 4 33 2
4 0 82 4
5 5 2 1
5 3 8 4
3 5 0 3
4 5 44 1
5 2 61 1
5 4 5 3
2 5 8 3
1 5 34 1
3 1 -4 1
0 0 17 4
5 2 0 0
2 1 38 5
1 5 9 4
1 3 44 4
0 2 16 2
4 5 63 1
3 2 60 3
5 4 18 5
5 1 90 3
3 4 42 1
1 0 43 5
5 2 59 5
1 2 69 0
4 2 61 0
2 5 1 5
3 1 87 3
4 5 39 1
0 1 64 1
4 2 69 3
1 5 77 1
4 0 33 5
1 1 80 0
3 3 84 2
3 5 31 1
4 0 13 1
0 2 -9 2
1 3 2 5
4 0 18 3
2 1 37 3
1 5 23 3
5 0 75 3
3 3 78 0
4 0 22 0
4 4 48 5
5 2 45 2
5 0 36 1
5 1 27 1
5 5 28 5
1 3 19 2
3 1 72 1
4 3 17 4
4 3 89 0
5 5 20 2
5 2 -6 4
2 2 9 2
3 3 18 2
0 2 -3 3
5 5 -9 5
2 5 58 4
4 1 23 0
2 0 45 2
0 0 10 3
5 1 -6 3
3 1 43 3
1 5 21 1
0 2 51 4
4 0 49 1
1 2 7 2
0 3 0 0
5 4 2 1
4 5 1 2
0 4 24 2
3 2 2 1
4 1 10 4
2 0 68 2
2 4 31 5
0 1 91 0
3 4 81 5
0 4 4 3
3 5 -2 2
2 3 89 5
2 5 71 5
0 2 42 3
3 5 10 5
5 2 17 3
1 3 96 1
0 4 2 2
3 2 98 1
3 4 60 3
4 2 20 4
5 4 91 2
5 5 93 3
1 0 37 3
3 3 61 5
3 1 3 0
0 5 -4 3
3 0 92 2
3 3 84 0
1 4 65 3
3 2 54 5
0 3 50 4
0 5 4 2
3 2 50 2
0 2 69 5
2 4 11 2
3 4 51 1
2 2 76 5
2 2 18 5
1 0 4 4
0 5 83 3
1 2 8 1
3 3 54 2
5 1 95 0
0 2 62 4
0 0 22 0
2 1 88 4
2 0 21 1
1 5 97 1
2 2 28 4
0 2 72 1
3 4 3 4
0 2 -6 3
2 2 39 1
3 3 48 5
5 3 85 0
2 1 12 5
5 1 100 4
1 2 5 2
3 2 80 4
4 3 38 4
1 0 59 1
1 4 16 2
0 0 61 1
1 5 45 5
3 4 97 0
5 2 84 4
4 5 81 0
5 4 16 5
0 1 6 0
3 1 74 4
0 0 67 1
3 5 -7 1
1 3 21 3
1 2 13 2
3 1 32 3
2 2 90 0
2 2 25 0
4 1 10 0
3 4 -2 2
3 1 13 0
4 5 30 4
1 2 44 4
3 4 38 1
3 2 69 1
0 4 99 4
0 1 8 3
5 2 87 5
1 4 19 2
2 1 91 2
0 0 55 4
1 4 -2 4
2 2 80 2
0 1 14 0
4 0 83 1
1 5 7 0
0 4 95 4
0 5 33 3
3 5 85 1
1 0 45 2
2 5 82 4
3 0 74 5
2 3 22 2
4 5 90 3
0 4 6 3
0 1 47 0
2 0 31 3
5 0 53 1
5 2 51 0
2 3 58 5
5 0 57 5
3 2 81 5
4 2 1 2
2 0 38 0
5 3 58 0
0 2 62 1
1 0 96 2
2 3 80 2
1 4 2 1
3 2 10 5
5 0 71 3
1 3 50 2
3 5 -3 3
2 5 44 1
1 2 -5 3
5 2 19 5
3 0 54 4
0 1 35 3
4 0 -4 4
5 3 69 1
3 4 20 3
1 2 42 4
2 0 -6 1
1 4 22 0
0 5 14 0
4 3 56 1
1 1 -5 0
4 2 64 3
5 5 95 3
2 4 99 3
1 5 22 2
3 5 9 5
4 0 -6 2
4 5 86 2
0 5 77 5
3 4 85 4
5 5 53 2
3 2 28 5
2 3 32 0
5 0 92 4
4 4 -3 4
0 3 78 5
1 0 17 0
2 3 44 0
0 5 22 1
4 1 93 4
5 2 56 4
4 0 5 2
3 5 8 4
5 2 7 1
4 1 16 4
4 1 29 0
0 0 13 5
4 0 22 3
1 4 72 3
3 4 89 3
2 1 22 2
5 4 -9 3
5 3 86 3
4 4 89 1
4 0 10 4
5 5 75 0
2 4 88 1
3 1 87 5
1 1 46 4
2 1 12 0
3 1 69 4
3 3 85 0
2 2 8 4
4 0 94 4
4 0 17 2
2 3 64 4
0 2 42 3
2 5 95 2
0 0 62 1
1 0 98 2
0 0 20 1
0 1 -9 2
1 0 -5 5
5 2 36 4
3 2 11 4
5 5 3 0
4 1 86 3
4 2 76 2
4 1 -8 5
1 5 50 3
4 5 91 1
1 5 53 3
4 0 77 5
4 0 85 0
5 0 54 5
1 1 5 2
4 2 87 2
4 2 41 5
1 3 90 4
5 4 91 0
2 0 2 4
3 0 99 1
0 0 -7 3
2 3 25 1
4 1 19 5
1 4 52 3
5 5 98 1
5 1 52 0
4 4 71 2
0 0 21 2
2 5 88 4
5 5 67 2
2 3 72 0
0 0 38 3
1 1 52 0
2 3 4 4
1 1 94 4
0 0 4 2
4 0 53 1
0 3 -8 0
4 5 75 0
0 3 41 3
0 3 34 2
4 1 41 2
0 1 -2 3
4 3 52 3
2 5 97 3
1 2 87 2
3 4 24 1
5 3 -7 3
2 2 8 0
2 5 64 5
5 3 82 5
2 1 50 4
4 4 66 3
2 2 -10 2
1 2 47 1
1 0 18 1
5 1 46 3
5 3 11 4
5 5 33 1
0 0 77 2
3 5 56 5
4 5 49 2
5 4 85 2
3 4 10 1
4 0 89 3
4 3 38 2
5 3 91 5
3 3 85 4
5 3 85 5
2 2 67 0
3 3 -10 5
2 0 84 4
2 3 2 0
2 4 25 5
1 0 22 3
2 3 53 3
5 0 35 3
1 1 81 5
0 5 91 5
1 3 41 0
0 4 50 2
4 3 64 5
2 0 83 4
0 2 29 2
2 2 45 2
2 1 68 0
0 3 71 1
2 5 36 4
0 5 39 5
4 4 -1 2
4 5 76 2
3 3 21 1
1 4 -8 0
4 2 15 2
0 3 1 3
0 4 6 5
4 1 -7 3
1 5 22 0
2 3 -7 5
4 4 3 0
2 3 7 4
4 4 32 4
0 5 21 2
3 0 50 0
4 0 64 4
3 3 68 0
1 2 13 5
5 0 3 0
2 4 87 1
3 4 -8 4
4 0 71 1
5 1 93 0
0 0 12 2
4 3 46 0
3 0 73 5
1 0 54 0
0 3 98 0
4 5 70 1
0 1 -4 4
2 3 -3 0
2 1 58 1
2 3 31 2
5 5 73 5
1 4 80 1
1 1 46 5
3 1 11 5
4 3 13 0
3 5 47 0
4 4 77 4
5 5 77 1
2 0 94 2
2 4 70 5
4 0 68 2
2 4 24 2
0 0 58 5
5 1 5 1
0 4 30 1
1 5 80 4
2 4 24 0
1 4 22 4
1 3 2 1
0 1 -9 0
2 4 5 4
1 3 97 1
5 4 50 5
3 1 58 3
2 0 64 3
4 1 84 1
5 5 -5 2
2 0 30 2
3 1 8 0
5 0 32 0
0 4 13 0
0 0 30 5
4 0 60 5
1 3 28 4
2 5 74 2
0 2 98 2
1 0 67 5
5 0 14 2
4 3 10 5
5 1 86 4
5 2 91 3
0 1 50 5
4 5 80 5
1 2 23 4
1 3 18 3
2 5 70 4
2 1 42 5
5 3 39 3
4 5 80 3
2 3 81 5
2 2 78 5
1 5 82 5
2 2 -5 3
5 2 16 2
2 4 29 4
2 1 97 1
5 5 25 3
1 4 95 1
2 1 78 0
5 2 -6 1
1 3 34 1
4 3 19 5
4 5 11 0
5 3 18 3
2 3 47 0
5 2 77 0
0 1 95 5
1 2 35 5
5 0 10 5
2 5 55 0
5 0 23 5
5 0 -5 5
2 1 -6 2
2 1 5 0
2 5 36 3
2 4 87 0
5 0 50 3
0 4 17 0
1 2 38 3
1 4 15 5
4 5 47 5
2 3 67 0
4 1 37 0
0 2 22 3
1 5 26 1
5 2 29 0
2 2 2 3
1 1 -1 4
3 3 4 4
2 1 8 0
0 2 71 5
2 0 86 3
4 2 57 4
4 1 -9 4
0 3 83 2
0 1 77 1
4 2 -3 3
5 3 38 1
0 3 13 3
5 4 40 5
2 4 -5 3
0 1 15 5
5 3 74 1
1 3 33 4
5 5 57 2
5 2 -6 5
2 2 8 2
0 4 0 1
5 1 96 3
2 0 -2 2
5 1 62 5
0 5 67 4
0 3 78 1
2 1 86 2
2 4 93 3
0 4 27 2
1 0 66 3
4 0 -8 5
5 2 -8 4
5 5 46 0
1 0 -8 1
3 0 3 5
1 0 55 4
0 5 6 2
5 5 -4 3
1 1 16 2
0 5 5 1
2 4 17 3
2 0 14 0
5 4 47 2
0 2 17 0
2 2 91 4
1 4 51 5
3 4 18 3
2 5 60 3
0 3 76 5
2 2 -7 4
1 4 89 4
0 2 13 5
4 2 76 0
5 2 19 0
0 0 -2 2
4 0 76 3
0 3 19 2
1 3 82 1
0 4 -9 1
4 3 55 0
1 2 40 1
2 1 71 1
3 0 -4 5
4 2 28 1
1 1 30 5
1 2 89 1
0 3 72 3
0 5 97 2
5 1 11 2
5 2 87 1
1 2 85 1
2 0 52 5
5 1 47 4
3 3 53 3
5 0 79 3
2 5 49 5
0 4 87 4
0 5 87 3
0 1 69 1
5 5 -3 5
1 3 4 0
1 5 94 3
3 3 31 3
3 1 14 2
5 1 92 1
3 2 42 1
3 1 58 3
0 1 73 2
3 5 63 2
2 3 -9 2
2 4 -6 0
3 1 28 4
5 2 85 1
2 1 68 0
4 3 88 5
1 5 3 3
5 3 87 1
2 1 10 0
4 1 65 4
4 5 100 4
0 4 47 2
2 2 10 1
1 2 23 1
4 3 97 3
2 1 98 5
2 4 75 2
1 3 16 0
2 4 6 4
0 3 75 2
5 3 97 0
3 4 -5 0
5 2 46 5
5 0 79 4
3 2 6 4
0 1 45 0
4 1 59 4
5 4 89 5
3 3 23 0
2 2 86 0
3 0 42 5
1 2 64 2
1 5 82 2
3 1 66 3
5 5 22 0
4 4 89 3
4 3 80 3
5 1 58 0
1 3 49 2
4 2 45 2
3 0 76 4
0 2 -6 2
3 2 -1 5
2 4 67 0
0 2 54 5
1 3 83 4
2 1 79 2
1 1 58 0
3 5 62 1
2 0 -6 2
5 5 10 3
4 1 99 2
1 1 72 0
3 3 -8 2
4 2 85 3
1 5 30 0
1 2 -3 4
3 1 55 1
0 3 13 2
2 1 93 0
2 5 34 0
1 2 2 2
4 1 8 2
3 1 19 0
3 3 90 0
1 0 22 4
1 4 5 2
5 5 51 4
3 4 88 2
3 4 80 2
2 0 61 1
3 0 7 4
1 3 44 5
4 3 68 5
1 5 0 0
2 0 22 2
2 2 76 0
5 0 57 3
5 1 -6 2
4 4 72 1
3 0 51 2
3 2 74 0
1 2 77 0
3 3 73 2
5 4 -4 1
4 4 30 4
1 1 65 4
0 4 59 1
2 5 21 3
1 0 1 2
4 2 89 4
1 5 51 5
5 4 9 0
0 5 91 3
1 3 63 0
5 1 90 0
2 5 6 0
2 5 83 3
2 5 -8 0
5 2 27 2
2 3 25 3
4 0 16 2
3 3 28 2
0 2 3 1
4 5 70 3
0 2 -1 1
5 0 87 4
5 4 64 0
0 1 78 5
1 2 18 0
5 5 82 1
4 0 89 1
3 2 35 3
2 1 15 0
3 5 63 2
1 3 42 0
4 0 44 0
2 1 -1 0
1 3 65 4
3 4 48 4
0 0 18 0
4 0 60 5
4 2 63 3
0 3 44 4
0 0 53 2
1 5 3 5
2 2 11 3
3 5 13 0
3 0 46 4
3 1 91 3
5 2 63 1
3 0 89 0
2 2 99 0
1 5 88 0
2 5 45 1
3 4 64 2
3 5 57 5
5 5 73 3
4 3 66 3
4 5 10 5
5 2 9 0
1 3 41 3
0 3 97 5
2 1 59 4
1 0 48 4
0 0 28 2
3 4 52 4
2 1 40 1
0 5 18 0
0 2 1 5
0 3 53 4
5 0 87 0
0 2 58 5
1 4 36 1
2 1 2 5
3 2 57 3
4 2 93 2
5 0 38 3
1 4 94 2
2 4 -8 5
5 4 41 4
0 5 13 4
4 4 55 4
0 1 19 3
0 5 76 2
4 5 97 5
4 0 -3 2
1 2 76 0
0 5 18 5
2 3 78 0
1 1 86 5
2 5 15 1
0 0 34 2
3 4 30 4
5 4 65 4
1 4 93 4
1 3 24 2
3 5 34 4
1 1 2 3
4 3 10 0
2 2 11 1
5 4 100 5
0 3 21 0
1 0 97 5
3 1 -3 1
3 3 -8 4
1 5 62 3
3 5 95 4
3 5 58 5
0 2 42 5
3 4 65 0
0 2 19 2
0 4 52 0
4 4 20 5
0 1 97 2
0 0 34 2
3 5 90 4
1 1 81 1
0 2 1 1
3 3 54 5
2 4 15 0
1 2 19 4
4 4 -7 0
2 5 77 5
1 5 56 0
5 1 -7 0
5 1 47 2
2 1 -10 0
5 3 -10 1
3 5 -7 5
0 5 72 1
1 5 -3 3
0 3 41 3
4 3 82 2
2 3 76 3
1 4 12 0
1 4 69 1
0 0 66 4
0 4 71 0
3 3 0 2
0 5 6 3
2 4 19 4
1 3 53 2
1 5 32 3
1 5 -3 2
4 2 50 3
5 2 89 4
5 4 35 0
2 2 -8 4
5 3 84 0
4 3 9 1
4 0 70 3
4 1 51 1
2 2 43 1
2 2 53 4
4 3 3 5
1 4 38 1
3 0 -7 1
3 4 81 2
1 1 70 3
2 3 -7 1
5 4 52 5
1 1 3 0
5 0 24 4
5 4 6 1
4 2 77 3
0 0 56 5
