0 5 57.7812 4
5 2 72.3734 4
0 4 87.3644 2
2 2 54.0515 1
4 2 81.6332 4
2 5 44.0516 2
4 0 48.1237 2
4 2 -3.0451 0
4 2 98.176 4
0 0 51.5054 2
4 0 14.4883 4
0 5 -1.0038 3
5 3 34.5463 3
5 4 -9.0635 2
4 5 63.2874 2
5 1 89.2237 2
3 2 59.4441 0
5 3 28.4531 0
3 5 71.6737 0
1 5 44.8868 0
1 3 29.769 0
1 5 29.2076 5
4 1 24.6769 2
5 4 22.8543 5
0 0 -9.6883 1
1 2 21.2231 5
1 2 26.1398 3
1 0 -3.4535 1
3 1 73.6268 2
0 1 35.326 4
5 3 84.9774 3
3 5 -3.3508 5
3 3 59.9393 0
0 4 15.1197 4
4 4 -9.3501 1
0 5 68.2673 5
1 5 69.6757 0
5 4 16.1468 3
3 2 78.8791 4
0 1 32.2959 4
1 3 91.1699 4
3 4 80.129 1
3 1 34.8497 1
4 5 15.0962 1
1 0 92.5191 0
4 3 99.6127 1
0 0 46.2595 4
4 1 50.2111 0
2 3 -7.1155 4
2 3 79.7504 0
4 3 30.5717 0
2 1 86.8328 4
3 4 77.3265 2
3 4 92.4868 5
2 1 -8.0612 3
0 1 46.1804 0
0 0 85.538 2
2 0 -1.518 4
3 0 70.2154 1
5 2 85.2793 2
5 5 85.9935 5
1 1 84.4454 3
0 1 -0.6434 2
0 5 57.2456 3
0 0 46.5462 3
1 4 70.1628 5
0 0 16.3089 4
0 2 67.4023 0
4 4 73.9013 0
2 1 18.0602 0
5 3 24.5675 5
2 0 36.731 2
2 0 0.3476 2
2 2 -4.0764 0
0 4 26.1478 2
0 4 11.0176 1
3 0 -1.3173 0
4 0 71.7159 2
5 3 91.5288 1
5 4 68.9095 2
3 1 33.9658 3
2 1 54.121 3
2 4 5.3297 2
3 3 57.7322 4
1 1 17.3486 4
1 2 98.4894 2
5 0 28.0906 1
1 5 32.6316 3
1 5 -2.0398 0
1 5 42.2094 1
1 4 17.5991 0
5 4 94.1751 5
3 0 23.6847 4
4 4 65.0052 0
5 2 42.4186 2
1 4 85.5138 5
2 5 16.5296 2
1 2 94.9961 1
3 5 41.0796 2
5 0 69.9648 4
5 3 76.9441 2
4 3 47.3971 0
2 0 49.4231 0
0 3 71.0092 4
4 0 61.0029 2
0 0 84.1429 0
3 4 93.7432 0
4 0 25.5142 0
2 2 34.6818 4
0 1 16.5597 5
0 0 46.687 0
3 4 60.2459 0
0 1 24.605 2
2 2 46.6035 4
2 2 53.931 4
2 0 33.1601 0
0 3 60.5031 0
2 5 12.7028 5
2 1 53.0862 4
2 2 7.3972 1
2 3 82.85 4
2 2 98.1965 2
0 0 73.7138 2
5 1 61.5703 1
5 1 26.0139 2
0 0 30.2667 5
2 4 27.0965 3
5 0 91.3336 3
4 0 2.5806 4
1 3 85.3724 0
0 0 35.6825 3
4 0 39.5066 3
0 4 68.677 0
0 1 -8.7381 3
0 2 13.6883 5
4 5 79.9574 0
3 0 71.6131 0
5 5 93.5978 1
1 5 46.8267 0
3 3 -4.8451 4
2 4 84.2656 5
2 1 50.0234 3
5 1 84.4248 4
1 5 20.7666 4
0 2 50.8799 5
2 4 33.4438 1
5 4 57.116 5
3 1 42.3276 2
5 4 44.7902 1
4 5 46.9399 1
4 3 51.6308 1
3 4 88.5916 5
0 3 25.7672 1
3 1 -7.4588 2
5 4 24.0449 0
2 2 80.3404 0
5 1 94.1708 5
1 0 88.5921 2
3 2 84.7689 0
4 3 55.749 0
5 2 92.5487 3
0 2 90.6223 1
1 1 62.9224 5
1 1 21.4905 3
2 0 39.04 0
2 0 15.3833 1
0 2 59.4523 3
0 5 44.8039 4
5 3 11.5926 3
5 1 -6.3552 5
0 0 63.9827 4
1 4 -7.989 3
1 3 80.3061 5
3 3 -5.2936 5
4 2 -8.6194 2
0 3 58.8285 0
2 1 72.6236 0
1 4 55.8763 4
4 5 48.711 2
3 2 30.2989 3
2 4 78.396 0
1 1 36.57 3
2 4 78.9194 2
0 4 6.2031 0
3 4 40.5652 5
1 3 58.8356 5
4 3 -9.9674 1
2 0 44.6351 1
2 4 5.0409 5
1 3 95.0726 2
3 5 42.5919 0
3 0 93.6165 5
4 5 23.0999 0
2 0 46.9737 5
4 4 74.564 4
5 1 21.4779 3
1 1 79.0823 0
3 3 38.8975 3
0 4 93.4493 3
0 4 -5.5626 4
3 4 56.704 3
5 0 68.0943 2
3 3 84.2266 2
2 5 41.657 1
4 3 13.0957 0
0 1 27.3687 0
0 0 71.5549 4
3 4 75.1919 2
2 0 11.943 1
3 1 -2.3843 5
5 0 2.9081 4
3 1 7.8716 0
5 0 99.506 1
4 3 30.4174 3
0 0 99.316 3
4 4 35.2382 0
4 5 10.0318 1
4 5 32.5694 5
4 5 51.0021 3
2 4 58.7424 5
2 4 7.4941 1
4 2 83.0969 3
4 5 60.1475 0
1 1 58.4293 5
3 5 98.233 0
3 5 56.588 5
0 0 -5.727 4
1 4 32.4758 3
2 1 32.5459 0
5 2 73.221 5
2 4 18.3912 4
0 1 10.8025 1
3 4 54.1175 0
4 5 96.1708 3
5 0 1.1021 1
2 2 30.6231 0
2 4 96.0875 4
5 2 11.2947 1
4 1 15.9989 4
4 0 7.1872 2
0 2 4.2466 5
4 5 44.545 0
2 4 18.1446 0
1 4 58.9449 3
0 0 1.4952 0
3 3 68.5522 0
1 4 94.1912 3
0 1 72.7752 3
4 3 61.8196 5
1 5 58.1354 4
2 1 16.2509 0
4 0 88.6686 5
2 2 93.1 5
1 0 28.6324 0
4 2 70.6836 1
5 3 86.3146 3
1 1 0.5445 5
3 0 51.9717 0
5 1 59.7519 0
0 4 32.0995 5
5 0 4.8799 0
5 4 20.013 0
5 4 12.2471 2
4 0 65.9279 5
5 5 2.5345 0
3 1 55.8029 1
1 0 16.4317 3
5 5 40.0031 4
3 4 51.4662 4
5 5 98.861 1
0 1 56.9276 3
1 5 34.9435 1
0 4 8.8405 0
2 2 17.9815 2
1 2 99.0014 2
4 5 37.9832 2
3 1 76.7726 2
3 1 24.56 3
5 1 70.6943 5
5 2 98.5928 1
2 0 75.197 3
2 0 74.9936 5
2 1 74.2211 3
1 3 59.5426 1
5 5 -0.9744 4
5 5 1.1486 1
4 1 59.9261 3
5 4 46.8626 3
5 5 32.3953 1
4 3 81.0297 4
0 4 4.0324 3
4 0 91.3345 4
3 5 54.9498 3
4 5 99.3059 5
2 3 18.9032 5
5 4 79.6214 4
3 3 55.9461 5
5 5 99.4824 4
5 2 54.6982 4
0 1 36.4579 0
2 1 64.0028 4
5 5 -2.6994 2
1 1 77.7785 0
5 1 7.7814 4
2 5 25.0209 5
4 5 50.4346 3
1 5 56.2189 1
4 0 75.0813 5
4 3 75.1673 0
2 2 35.5271 3
2 2 52.268 2
0 0 -4.9317 3
4 2 88.6696 4
3 3 -5.9575 1
5 2 74.0762 0
5 0 66.8073 1
2 2 18.5666 5
4 1 -7.6573 3
1 4 11.671 5
3 2 56.8828 0
5 0 49.3342 4
2 3 44.9144 2
2 3 35.3811 1
1 3 26.6444 2
3 0 29.3071 0
5 1 84.3833 3
5 2 29.1698 4
1 0 54.7983 0
3 2 6.2559 0
4 4 2.0823 5
0 1 55.6847 5
2 1 54.8524 1
1 3 60.3065 3
3 4 23.0522 1
3 0 49.937 5
0 1 88.3396 1
3 4 21.191 1
3 5 47.1172 5
2 5 5.7479 3
2 5 56.8173 3
4 5 52.404 2
5 1 13.6251 2
3 0 33.6041 4
4 3 74.602 4
0 0 47.2244 5
4 0 75.5757 3
5 1 18.3147 4
5 0 54.9822 5
0 4 55.5599 5
5 2 80.9519 2
0 2 72.2919 3
3 1 -4.7033 0
1 3 95.906 3
2 4 61.1913 5
1 3 -0.9087 5
2 3 88.3721 2
1 3 52.8496 5
3 5 72.9219 0
5 1 18.234 1
0 3 27.8432 2
5 2 26.1028 2
4 2 90.2143 3
4 0 14.8944 3
3 2 23.3869 0
0 5 74.0277 2
3 0 34.2868 1
2 4 55.9638 4
2 0 25.4959 3
3 5 93.349 1
1 5 -8.1163 3
5 0 67.8985 3
0 2 40.6235 0
2 4 64.7637 1
3 2 64.7291 0
2 0 93.2871 4
1 1 85.6234 2
1 0 60.2938 0
0 1 35.2346 2
4 5 -4.3828 3
2 5 37.1595 0
4 0 30.6803 4
1 2 4.0325 1
5 0 44.434 3
0 1 20.0082 4
5 5 87.2114 4
2 4 0.2446 5
0 5 54.4405 4
5 1 60.0223 4
2 0 -7.8162 5
5 5 7.9827 1
2 0 35.0418 2
4 5 48.1996 1
1 1 3.646 5
5 1 64.0385 3
2 4 78.6934 3
1 4 5.8136 3
1 2 76.5405 5
5 4 56.3988 4
1 1 94.799 3
0 1 3.4593 5
1 5 4.7457 3
2 5 48.7634 0
1 4 29.5168 1
5 4 36.0386 5
1 1 50.292 2
4 5 88.3174 5
1 4 55.159 1
3 0 84.3413 1
4 1 61.9274 3
2 2 69.1428 1
2 4 18.5292 2
5 2 49.5608 4
1 4 11.1234 2
0 1 -5.9836 5
2 0 4.3489 1
2 0 20.4825 0
0 4 73.4653 3
0 0 52.9095 1
2 5 29.0774 3
4 4 38.4158 4
4 5 65.7847 0
0 0 9.2966 2
5 5 56.5094 2
5 5 36.2809 3
0 4 41.375 5
3 0 52.3097 1
1 4 96.6463 4
1 0 30.8548 3
0 1 80.1604 0
3 1 85.8235 5
4 2 98.7943 3
1 2 -9.5915 5
0 4 51.9347 1
1 0 41.7286 0
3 2 81.773 2
5 3 61.7484 1
5 3 50.0833 1
3 4 -0.724 0
1 2 77.2759 1
1 0 91.5869 2
5 2 35.6143 3
5 5 78.0443 5
5 5 51.5667 1
2 5 75.8887 2
1 1 85.3552 3
3 2 48.9461 4
5 1 48.5916 0
2 0 81.4135 3
1 0 78.442 4
3 2 5.4152 1
0 2 38.6486 5
3 4 3.5493 0
1 5 91.433 0
4 4 48.9038 2
2 0 83.0426 2
2 4 71.6616 1
2 5 70.1821 2
1 1 66.5818 2
2 0 9.745 0
2 4 3.5849 1
0 3 74.6578 5
1 0 27.2847 2
3 4 31.9856 2
2 3 72.7129 2
4 4 84.9258 3
5 2 80.9015 5
3 0 85.9053 3
2 1 55.2693 4
5 4 73.3965 2
4 5 98.7036 4
2 4 12.6319 4
2 5 61.9286 4
1 2 83.5366 5
5 2 90.4956 4
4 3 83.6987 3
2 2 16.0265 2
0 5 88.9269 3
0 5 18.9541 2
1 0 -3.3512 1
2 2 -2.9532 5
3 1 30.2849 3
5 3 42.2193 0
5 0 3.7199 0
4 2 68.8135 0
3 0 -1.4809 5
1 5 4.4979 0
5 2 86.5586 2
2 2 36.5852 1
3 0 97.1747 0
0 5 25.8977 3
1 1 90.5653 3
4 1 86.9534 1
1 1 -4.4435 5
5 4 37.5703 5
5 1 88.7488 0
3 3 68.449 3
4 0 82.5146 2
4 1 44.1276 1
3 3 34.7219 0
1 2 97.7697 4
5 2 -0.9175 2
0 2 -4.7251 0
2 4 27.4307 3
5 5 3.3481 3
0 4 -5.8884 3
4 4 23.4926 1
5 0 71.984 3
4 1 28.1743 2
3 1 40.3328 0
5 4 4.1966 0
1 3 60.7379 4
2 3 15.9941 1
3 3 34.5382 1
0 1 2.8707 1
2 5 16.7381 4
1 3 90.0888 3
4 3 5.502 1
1 1 29.1144 5
4 4 11.6821 1
0 5 11.406 4
2 2 66.6168 5
3 2 85.0352 2
2 0 25.6399 5
5 3 48.1715 5
4 5 68.3236 4
0 4 58.116 1
5 4 50.9606 2
4 0 10.0789 2
0 1 50.7525 3
3 1 70.5662 5
3 1 -8.8511 0
5 2 45.1857 4
4 3 15.1694 5
3 2 54.6787 3
5 1 55.6332 3
4 5 73.935 4
5 4 19.9658 3
2 3 -1.4054 0
1 3 86.5238 1
0 1 97.2346 5
3 3 16.3859 4
3 4 34.243 4
2 0 12.2727 1
1 1 98.4803 1
5 4 66.7756 3
5 4 14.2454 2
4 1 68.8262 4
1 1 33.0574 5
1 0 27.2779 0
5 3 82.7812 1
2 5 13.4769 2
5 3 90.6934 4
2 5 84.9122 5
2 5 49.7347 2
5 0 58.5477 0
2 4 86.1785 5
4 4 95.8234 1
2 5 78.7995 3
2 1 94.2515 1
2 0 17.4033 5
0 5 39.5946 5
1 2 22.315 3
5 0 84.3985 2
5 5 25.6545 4
5 3 71.1409 5
2 3 79.8886 2
2 0 55.6919 1
0 1 86.4486 1
1 5 38.8975 5
5 0 72.2223 3
4 0 19.3117 3
1 1 -2.1201 3
5 0 11.2458 1
5 2 85.1664 5
1 1 82.9113 3
5 5 49.2109 2
1 3 80.3917 3
0 3 91.2095 2
1 1 -5.6399 4
3 1 45.8616 0
2 4 -1.5778 0
3 3 38.4533 2
4 4 63.6285 2
4 5 3.6376 2
5 1 82.4398 1
3 4 49.6053 5
3 2 68.3204 2
4 4 -2.7774 0
5 5 0.7195 5
1 1 92.4781 1
4 1 32.9133 2
3 1 40.9766 3
4 5 19.0866 1
2 4 21.0981 1
5 1 58.1656 5
1 2 -9.6236 4
4 3 72.6441 1
2 2 -7.5561 3
4 5 48.3078 2
1 3 57.0985 1
1 4 60.9399 4
1 4 41.6235 4
1 0 72.8458 1
4 3 42.0833 3
5 2 83.2667 1
3 3 93.8719 1
4 3 47.307 4
2 3 20.951 3
1 5 95.9679 3
0 5 46.6135 1
5 0 13.1309 5
0 0 55.627 3
1 2 55.6015 5
0 1 20.1186 3
2 1 -3.8948 1
5 2 38.253 2
2 0 60.6464 0
1 3 93.9314 0
0 1 2.9323 2
2 2 26.6312 2
2 1 72.5659 1
2 2 9.6853 1
2 4 52.2569 4
2 1 71.7535 3
3 2 97.6149 2
1 3 71.9011 1
5 4 26.0747 2
5 4 72.9305 0
0 2 0.4954 2
3 2 26.1683 1
0 1 73.0686 4
1 3 69.6659 2
3 0 14.2637 5
4 2 2.598 1
5 0 63.8551 0
4 5 86.6106 5
4 2 24.2752 4
5 4 5.9819 3
4 2 -6.7299 2
5 0 68.5112 5
4 3 75.0891 4
0 1 6.3932 4
0 0 84.6043 2
4 1 89.7567 2
4 4 60.9216 1
2 2 34.2113 5
2 4 34.9864 0
5 5 91.4559 5
4 5 11.7106 4
0 2 42.6184 1
3 4 42.1767 0
3 3 70.8142 2
4 2 31.227 4
3 4 89.4324 1
2 3 10.4066 3
1 3 72.9384 1
3 4 23.0385 5
2 2 93.5919 3
1 0 67.0436 2
4 0 83.2544 5
4 5 80.2214 5
0 2 73.8884 2
5 3 99.0412 5
4 0 94.1011 2
5 1 20.3776 3
5 1 56.5694 3
3 3 30.0279 4
4 5 58.5853 2
4 3 94.3093 3
1 2 2.5799 2
1 5 51.217 0
1 0 -2.2213 5
1 2 94.6092 0
2 0 54.0464 5
4 1 -0.0902 2
4 3 54.1816 5
4 3 37.4918 5
2 2 -0.4965 1
4 1 63.8356 4
4 5 84.8006 2
5 3 -6.9551 1
2 0 24.7806 1
5 2 27.6711 5
5 3 22.3605 0
2 1 54.7252 2
1 1 68.7723 3
0 3 -0.5951 3
0 2 52.7712 2
1 3 82.3328 5
0 4 51.3913 2
5 4 45.6868 1
3 5 70.2353 1
0 3 88.4488 1
5 1 96.9176 1
2 5 -5.3202 2
4 4 88.5473 1
0 3 4.2772 3
0 1 47.1536 5
5 2 64.8127 4
4 2 69.6356 3
5 3 70.4388 5
4 5 35.6201 3
3 2 60.9044 2
5 4 84.6726 0
4 1 59.5066 4
0 3 26.6806 5
0 0 47.3777 3
3 3 83.8557 2
2 1 40.3228 5
2 1 46.1344 0
2 4 -6.2064 5
5 0 1.9998 2
5 4 8.7209 0
0 5 63.7279 5
3 1 35.1495 4
1 4 62.6664 4
0 5 26.0126 4
2 2 61.3282 0
5 4 78.3672 0
5 3 56.8267 0
2 0 92.28 5
5 5 39.3494 4
1 3 7.2291 2
1 1 86.5929 2
4 1 39.2034 5
1 1 58.89 3
2 0 -7.1298 3
4 4 -8.6523 3
4 5 7.0861 4
3 1 19.6942 3
1 0 -9.2562 4
3 0 -6.2796 4
5 4 72.6418 5
5 0 -1.2585 1
4 3 50.7682 0
4 4 39.653 2
5 0 79.1941 3
4 1 5.7637 1
3 4 -2.5117 1
5 1 22.112 3
5 2 35.6247 4
2 2 40.6763 3
4 0 76.1614 0
1 0 14.8045 2
2 2 53.9636 3
0 2 96.7846 4
0 4 82.723 3
1 4 39.4262 4
0 5 88.354 3
5 5 6.9416 4
2 3 -8.501 5
5 2 21.2783 0
2 0 59.5037 4
5 0 -1.4284 1
4 2 76.0679 4
1 4 8.9629 0
2 3 26.8696 5
4 0 60.549 4
1 0 82.0893 3
4 0 50.4248 2
3 5 3.5281 5
2 2 91.9761 3
3 1 65.8066 0
5 3 -3.5758 2
5 1 -1.9115 2
3 2 51.5756 5
0 4 41.2352 2
3 0 17.6976 3
2 2 -6.0697 5
2 0 85.5818 1
5 1 1.2106 4
5 3 31.6879 1
1 1 85.752 3
2 2 7.6708 3
4 1 -9.8226 0
2 5 46.4956 4
1 4 75.5664 4
3 4 49.5459 4
1 1 39.4412 0
5 5 1.2687 0
2 3 69.9643 5
4 0 5.8611 3
3 5 78.3674 4
3 0 56.1173 1
0 1 51.0655 3
3 0 -7.1202 0
0 5 5.3531 1
4 2 78.6075 0
0 4 -9.4677 5
1 4 84.1915 1
5 0 73.1145 5
2 1 45.339 2
3 0 98.6432 2
4 3 47.4452 1
1 5 53.5502 5
0 5 66.4891 3
3 4 47.0851 1
1 3 10.2198 1
3 4 44.2542 3
2 4 52.7178 3
1 4 67.6001 4
4 5 70.5925 0
3 4 38.5157 2
4 4 19.3443 4
0 1 82.2541 2
3 1 43.3707 0
3 1 86.5301 4
2 3 59.3021 0
0 5 95.7789 2
0 1 -9.1077 5
1 2 76.3537 2
3 5 69.2524 2
0 2 77.5013 3
1 4 -7.4733 2
0 5 62.1572 3
5 2 13.1611 2
5 5 -8.6052 3
2 1 16.7993 3
4 0 34.2513 5
5 3 12.3875 1
2 2 94.0372 0
4 0 42.785 5
5 2 -4.19 0
0 2 27.3833 2
3 4 27.6777 3
1 5 14.7693 1
0 2 19.8946 2
3 0 41.3299 4
5 3 41.0172 3
4 0 97.6287 2
3 0 -9.6846 4
2 0 -2.2012 1
5 2 38.0805 3
5 1 80.8812 3
5 4 43.3346 1
3 2 73.9541 2
5 4 6.2913 5
2 1 84.7056 2
1 1 91.9382 3
5 1 55.8127 1
3 0 8.4021 3
5 4 90.7013 2
2 4 12.5776 4
2 5 78.7415 4
4 5 22.6815 4
0 3 36.7262 2
0 1 89.9056 4
1 2 87.2918 0
2 1 44.5574 4
1 5 45.0205 3
3 3 50.2311 2
4 5 -2.8741 1
0 2 -9.754 4
0 1 16.4923 3
4 4 90.2373 3
0 1 11.423 1
3 1 78.0295 4
2 0 1.7041 5
3 4 30.5518 3
1 0 52.3302 3
5 3 26.5112 4
5 3 1.2749 5
3 5 81.4377 0
1 3 26.9549 1
4 3 17.4666 4
2 4 12.3187 2
0 1 -4.8424 1
2 3 75.1077 1
3 2 61.7735 3
2 4 6.6549 5
3 0 -9.6927 5
0 0 82.0427 4
3 3 71.4902 2
5 2 68.7318 5
1 3 60.0598 1
4 3 37.4153 0
0 3 48.9058 2
4 0 17.913 2
2 2 59.5708 2
1 2 66.4089 2
4 4 18.7366 0
4 0 13.2806 3
3 2 6.6362 2
0 5 38.5966 1
4 3 64.6362 3
2 2 15.3581 1
3 2 55.4482 2
0 1 33.4379 1
3 0 60.3591 2
4 0 83.8535 5
4 5 64.9654 0
3 2 78.3067 3
2 5 49.0125 4
4 4 4.3452 0
4 2 42.2474 3
3 5 48.0948 3
3 3 98.4929 2
3 2 65.4637 1
3 4 88.0024 2
3 3 20.3662 5
4 2 64.4596 3
0 2 79.6064 3
3 4 77.3748 4
0 5 41.4723 2
2 5 53.2881 5
2 3 36.5128 5
2 4 73.7865 0
1 4 54.4738 5
0 4 17.3189 2
0 3 90.9421 4
5 3 98.6449 3
4 0 70.8372 1
0 4 83.4843 1
3 4 37.9565 4
3 3 88.4811 0
5 0 98.203 5
2 0 58.9446 0
2 0 -8.5489 2
5 1 25.2215 5
3 3 -1.0006 3
2 1 33.194 5
0 1 89.888 5
3 5 21.6657 0
1 5 26.1523 2
0 0 36.9175 0
4 2 76.9477 3
3 3 1.1988 4
4 1 80.7472 0
5 3 70.0757 4
1 3 16.3337 1
2 0 -2.8491 3
4 1 -8.7836 1
3 1 86.517 2
1 1 30.9252 1
2 3 71.3725 2
0 3 62.0063 5
1 4 99.3529 5
1 3 45.1633 2
2 3 -7.5301 4
2 4 39.2658 5
5 2 62.7972 3
1 4 56.1832 0
3 4 26.7867 4
1 0 -5.0527 5
2 3 87.8077 2
3 1 61.4396 4
1 2 59.486 5
5 1 25.1151 5
3 2 93.2806 5
3 5 -5.4215 5
5 2 48.7077 4
2 3 9.7404 0
0 3 70.4389 0
2 5 52.8641 1
0 5 20.1104 0
2 2 65.354 4
3 1 41.5231 1
3 3 -7.8345 0
2 2 83.3084 0
1 2 49.7844 1
5 1 49.0808 5
3 0 42.128 0
1 4 19.6233 4
5 4 57.7656 2
5 3 83.8219 5
0 3 87.6925 2
1 1 58.4614 4
1 5 42.2658 2
3 3 77.4211 2
2 0 36.2222 0
2 0 36.8463 2
2 3 31.8581 5
4 4 24.7309 0
5 4 65.9839 5
3 4 42.6778 1
4 5 73.4766 5
4 3 47.7661 3
0 2 91.6447 2
5 0 83.5617 4
1 2 70.7253 5
3 1 70.6608 4
3 5 80.7262 4
2 3 16.9963 0
3 3 -3.3877 2
4 3 41.3315 1
4 1 24.6567 5
5 4 69.905 5
5 4 35.8209 2
2 3 16.0214 4
1 5 83.0621 1
2 1 31.8699 1
0 5 67.9677 5
5 1 97.1824 0
2 1 28.0605 1
2 3 91.021 5
5 1 65.1777 5
3 0 91.6144 5
2 3 15.5218 1
0 5 97.3221 4
0 1 23.6241 2
