5 2 91 0
3 0 47 5
2 1 41 4
5 2 57 4
5 2 48 3
5 2 56 1
5 3 -5 0
1 0 45 5
2 4 2 1
1 3 5 5
0 2 3 5
0 4 -2 4
0 1 74 5
5 3 -7 4
5 5 5 4
4 4 92 1
2 1 25 2
4 2 7 3
3 1 51 5
5 0 86 0
0 3 84 4
2 0 60 1
3 4 61 3
3 5 58 2
5 5 29 2
0 0 77 2
4 2 88 5
4 2 55 4
1 5 89 3
4 4 20 2
5 2 46 3
0 3 -9 2
0 1 14 5
3 1 95 1
3 4 81 0
0 0 98 4
1 1 81 2
3 1 28 0
5 0 85 4
3 0 37 1
5 1 29 0
3 4 -10 5
0 2 1 0
5 4 92 2
4 4 29 4
0 4 66 0
3 2 39 2
4 2 3 2
1 2 19 3
1 3 42 3
5 2 49 2
5 3 96 5
3 4 42 5
5 4 22 0
0 0 2 0
5 3 96 4
2 0 90 1
4 5 50 3
0 5 37 1
3 4 26 2
2 4 31 0
0 0 68 2
5 3 52 2
3 2 73 3
0 4 -9 2
0 4 62 1
0 2 70 5
1 4 19 0
5 1 89 2
1 5 52 2
3 5 49 1
3 2 -9 5
3 3 37 2
3 2 57 3
3 2 38 3
2 1 75 0
4 4 71 5
5 4 66 2
4 5 59 4
5 5 48 4
4 3 43 1
5 3 5 0
2 4 40 2
4 0 44 3
3 5 75 1
2 2 88 4
2 0 35 5
1 1 86 2
4 4 8 5
4 1 51 1
4 1 4 0
0 5 62 3
2 4 -5 1
3 3 47 4
1 4 26 3
1 4 66 4
3 0 61 5
0 5 25 1
2 3 78 0
5 1 88 0
3 3 48 4
2 1 51 1
3 1 19 1
2 1 25 2
3 5 8 4
3 5 92 3
5 4 -7 3
2 4 99 3
0 1 17 5
5 3 36 5
4 4 86 0
1 0 -10 1
2 5 75 2
3 1 18 2
1 1 99 4
3 1 99 3
0 3 94 1
1 1 4 1
4 0 77 4
3 4 28 3
3 5 38 3
4 0 44 1
2 5 -4 5
0 2 60 1
2 4 84 2
2 0 79 2
3 0 21 2
3 4 71 0
5 1 28 1
2 1 71 0
1 5 22 5
5 1 98 0
4 3 3 3
4 4 80 3
1 3 17 5
3 1 33 4
0 1 3 5
4 0 -8 3
5 1 33 0
2 1 19 1
3 3 20 1
4 1 60 2
1 2 86 5
1 3 98 0
5 5 6 3
4 4 74 5
4 3 3 3
3 5 23 1
5 4 12 3
2 2 86 4
1 3 0 2
0 0 18 5
0 3 62 2
3 1 15 1
5 1 82 3
4 5 58 5
0 2 88 4
4 4 96 3
2 1 49 5
5 3 87 5
0 2 26 1
2 1 22 4
1 5 74 3
0 0 54 5
5 2 54 5
1 0 56 1
0 1 -7 2
1 2 92 5
0 5 2 0
1 2 88 4
1 3 35 4
0 3 76 5
4 0 -2 3
1 5 86 5
5 4 65 1
5 1 85 0
5 0 -5 0
1 1 73 5
2 4 71 1
1 3 51 4
1 1 51 5
0 0 37 5
0 0 70 3
3 1 4 5
1 3 17 3
0 4 40 5
5 2 89 1
4 0 49 4
2 2 47 1
5 3 97 1
0 1 3 5
1 2 18 4
1 3 0 2
0 1 36 3
1 1 43 1
4 2 20 5
4 3 41 3
5 3 30 2
4 3 -5 1
3 4 -1 3
5 2 11 5
5 1 -10 0
4 5 -9 3
2 0 53 5
0 3 27 0
2 0 36 1
0 0 78 5
0 3 82 1
3 1 68 4
5 2 15 3
3 2 26 2
0 3 77 3
4 4 30 1
4 4 29 5
3 2 66 4
3 2 71 5
1 3 1 1
5 4 57 4
2 3 10 0
0 4 24 4
0 4 13 4
5 3 38 5
2 0 55 2
1 5 1 4
2 3 38 0
2 3 34 4
5 3 2 5
3 2 98 3
1 4 84 2
0 4 92 0
1 2 46 0
3 5 34 2
1 1 42 1
3 0 79 4
4 5 57 1
2 3 82 2
3 3 30 3
3 0 55 4
5 1 81 5
2 1 -8 5
4 2 56 2
2 4 28 4
0 2 76 4
1 4 24 1
1 1 68 1
1 5 74 1
2 2 94 5
1 0 88 3
0 2 -8 3
0 1 78 4
0 4 35 5
4 5 14 3
2 1 -4 0
3 4 18 4
2 0 32 0
3 0 64 2
5 0 66 3
2 4 23 3
2 5 100 0
5 2 79 4
5 1 20 3
3 3 76 5
5 2 6 5
2 3 57 2
1 0 9 2
5 1 64 2
0 5 55 5
2 3 46 3
3 2 50 5
1 5 77 1
3 1 52 3
0 3 60 5
5 2 93 4
1 5 58 5
3 0 76 1
3 3 -3 2
1 2 -7 4
2 0 -5 2
5 3 -8 4
4 3 95 0
2 0 67 4
4 2 87 4
5 3 15 2
1 5 63 5
3 0 69 5
3 2 40 0
4 3 72 5
0 4 13 5
5 0 43 0
5 5 19 1
5 3 91 3
5 4 4 4
3 0 81 3
2 2 57 4
4 4 17 5
4 5 -3 3
4 3 -5 1
5 4 91 0
3 5 94 5
3 5 83 2
0 5 14 5
5 3 -5 4
0 5 31 1
4 3 87 2
4 1 42 4
3 0 29 4
4 2 9 1
3 2 24 5
5 2 14 5
2 3 42 5
0 1 -3 4
0 2 20 4
3 4 8 5
5 1 -6 0
3 2 13 1
5 2 55 0
2 1 -5 1
1 5 75 0
4 3 54 3
5 0 71 0
4 4 0 3
2 1 68 0
3 5 27 5
1 3 58 2
5 0 89 0
1 0 82 3
4 0 -9 0
0 3 34 2
2 3 12 2
0 1 68 3
4 3 68 5
2 1 71 0
4 3 44 4
3 3 74 5
2 2 58 3
1 1 88 4
1 2 52 2
1 0 55 0
5 0 83 0
2 3 73 0
5 5 94 2
1 0 92 3
5 0 79 3
4 4 56 1
0 5 32 2
0 1 81 1
0 5 44 3
1 2 86 1
3 0 92 2
0 5 29 2
4 2 65 4
4 4 29 2
1 0 74 3
2 0 45 3
2 0 45 1
0 5 53 4
3 4 43 2
1 1 -10 4
3 4 72 0
5 5 59 0
0 1 90 0
2 1 100 4
2 5 38 2
5 0 7 3
3 1 80 1
2 2 16 2
5 5 93 5
2 3 17 1
2 1 48 5
0 2 41 2
3 5 50 2
3 2 89 3
3 4 69 0
0 5 39 2
5 3 52 5
0 1 96 0
2 0 70 4
0 3 55 1
5 0 23 0
2 2 64 5
0 3 74 2
3 0 -8 0
2 3 5 4
3 3 33 0
2 2 -7 0
3 1 76 5
1 2 53 5
4 4 25 3
1 3 -6 5
4 5 55 5
1 1 83 1
2 1 30 0
3 1 43 2
5 0 99 5
2 3 70 5
3 0 35 1
0 5 71 1
3 5 62 5
1 0 54 5
2 1 26 1
1 4 -2 2
1 0 97 5
1 5 9 3
3 3 66 1
4 0 60 1
3 4 51 0
2 0 91 5
1 0 -8 1
5 1 69 3
5 5 61 3
2 4 3 5
4 1 75 3
4 3 12 0
3 4 56 1
2 1 13 1
5 5 5 5
2 3 66 3
0 4 45 5
4 2 24 5
5 1 -8 3
2 2 36 0
2 1 24 4
2 0 61 1
1 1 50 1
4 0 95 5
2 5 68 2
3 3 37 4
5 1 24 0
1 2 72 0
3 1 42 4
5 2 79 1
3 3 92 5
0 4 9 5
5 3 41 1
4 2 88 4
3 5 0 4
2 3 71 0
0 4 62 4
1 0 45 3
4 5 36 5
5 0 99 3
5 3 51 4
3 4 62 5
3 5 30 4
2 3 52 4
1 3 50 2
2 5 1 3
4 4 8 3
4 3 21 5
0 1 -8 1
2 5 67 1
4 0 -4 0
4 0 75 2
3 5 24 0
3 4 8 4
1 0 50 2
2 1 74 2
3 0 86 4
5 1 65 4
0 5 38 2
2 5 80 3
4 1 42 2
1 1 19 0
4 5 33 1
0 1 27 1
0 5 47 2
0 3 56 0
0 0 67 3
2 0 96 5
2 1 74 5
3 0 58 4
1 0 66 2
5 5 97 5
0 0 51 0
5 0 76 3
1 1 22 4
3 3 56 3
2 5 44 5
2 5 96 3
0 3 90 1
1 5 -8 0
1 3 67 0
1 4 71 3
0 3 -7 5
0 1 75 4
2 4 21 4
5 5 61 3
0 3 11 3
0 4 58 2
1 1 2 0
5 4 46 1
4 1 48 0
2 0 74 4
5 5 10 0
0 4 0 3
1 1 86 3
1 3 3 1
2 4 69 2
1 3 58 5
1 3 68 2
3 4 73 1
1 3 30 0
0 4 10 2
0 3 36 4
2 4 96 3
3 0 62 3
3 0 75 0
0 5 -9 1
3 5 78 3
1 3 69 5
1 0 31 5
4 0 80 0
2 0 43 1
2 0 97 3
3 2 67 4
1 4 1 3
5 4 73 1
5 5 14 0
0 0 13 2
0 2 19 3
1 3 23 2
1 4 51 4
0 4 -7 3
5 1 28 5
4 2 39 4
3 3 1 3
2 2 42 5
0 0 7 5
3 5 1 3
2 3 98 0
3 2 63 2
3 1 48 1
3 5 69 5
0 1 42 0
0 3 13 0
2 1 67 2
2 0 -1 2
1 1 10 5
5 4 76 2
0 3 30 5
4 0 -7 4
4 5 81 5
2 2 7 1
2 5 9 3
4 3 28 1
1 1 36 0
4 2 20 2
1 2 46 1
4 5 11 1
4 0 6 4
5 5 3 3
5 3 61 1
2 3 86 5
1 5 79 1
2 5 35 4
0 2 -8 1
4 2 21 3
0 2 55 0
0 4 98 1
0 0 7 2
4 1 57 1
3 4 74 3
0 5 38 3
5 1 36 4
1 3 32 1
2 2 43 0
4 3 51 3
4 5 32 5
1 2 37 1
0 4 37 0
0 3 35 3
2 5 38 5
2 0 72 2
4 2 98 5
1 3 94 1
1 5 24 0
1 0 26 5
0 4 7 5
3 2 14 2
0 0 18 5
0 1 100 5
3 4 99 3
5 4 14 5
4 5 74 3
3 0 82 5
1 4 74 2
3 4 6 2
3 3 35 2
5 1 42 5
2 0 29 0
1 0 44 2
1 0 3 0
2 1 16 4
2 5 72 4
1 1 27 2
5 1 67 4
5 5 13 1
5 5 29 2
2 0 47 4
4 3 95 4
4 2 95 4
0 3 13 5
3 1 19 4
2 1 40 2
3 1 35 1
2 5 11 4
1 1 69 1
2 1 72 2
1 2 91 3
3 2 -6 0
2 1 26 2
3 1 91 2
0 2 97 2
0 4 6 5
4 5 44 5
2 1 9 1
3 4 31 0
5 5 42 1
5 1 95 0
4 3 91 2
0 1 16 5
1 5 38 3
1 5 83 1
0 0 47 4
1 2 73 5
0 2 0 5
3 1 -2 4
0 1 72 3
5 5 44 4
4 2 60 2
1 1 92 0
4 4 54 4
1 3 99 1
3 1 18 0
3 0 21 2
0 0 28 0
4 0 58 0
2 4 82 4
4 3 84 1
1 1 11 2
1 0 5 3
3 5 65 4
5 1 0 4
1 3 36 2
4 2 20 5
1 3 46 3
2 2 50 2
3 1 84 1
2 0 45 2
5 1 18 0
5 3 38 2
2 4 14 5
2 4 -4 4
4 3 88 2
0 5 93 1
4 2 6 4
1 3 71 1
5 4 18 3
5 2 9 3
0 4 69 4
1 0 18 3
1 2 22 4
4 1 51 0
3 0 33 3
2 3 70 2
4 3 63 4
3 3 30 4
1 4 31 1
5 2 2 2
1 2 1 2
5 2 -7 5
1 0 12 2
3 4 78 5
2 0 78 1
1 2 27 0
0 1 61 0
5 2 8 3
4 0 78 2
5 1 86 2
2 0 72 4
2 4 46 4
5 3 4 3
2 0 8 2
0 3 90 1
3 1 60 2
3 4 66 2
1 1 2 0
5 2 10 3
0 3 37 1
0 2 36 4
1 1 100 4
3 5 6 4
5 2 -1 1
5 5 13 1
0 3 27 3
5 3 -10 3
1 1 86 5
4 2 60 1
3 1 61 1
5 3 58 4
1 2 -8 0
0 0 75 1
4 0 14 0
5 2 74 2
5 1 43 3
0 1 35 0
3 5 21 4
2 3 -8 3
1 1 71 3
1 1 -1 5
2 4 64 2
0 5 29 0
2 0 92 2
4 0 23 3
3 3 70 1
3 2 84 0
3 3 25 0
3 2 72 4
5 5 3 3
1 4 39 0
0 0 98 4
5 2 33 1
4 5 52 0
5 2 96 0
2 3 -5 0
5 4 66 0
5 4 57 4
4 4 79 4
5 5 66 2
2 4 -10 2
2 0 29 1
3 2 14 0
1 1 78 4
1 2 54 1
4 3 80 5
4 4 75 4
5 4 1 2
0 0 23 1
3 2 22 2
0 3 75 5
3 2 85 5
0 2 86 2
4 0 72 3
2 5 55 5
2 5 30 5
3 3 21 4
0 4 88 4
1 5 52 2
1 2 8 5
4 1 42 5
4 4 37 5
2 0 15 0
4 3 -6 2
4 4 8 4
5 3 62 5
2 0 44 1
4 1 97 3
1 2 65 3
2 3 58 4
1 3 68 3
3 3 91 2
4 3 18 0
4 3 -6 3
3 4 26 1
3 2 48 2
0 1 46 3
5 5 85 1
2 0 34 0
1 4 69 4
1 5 30 1
0 1 51 5
0 5 86 1
4 2 76 3
0 3 27 5
4 0 63 1
2 1 5 4
5 4 91 5
0 4 1 5
0 4 -4 4
3 2 -7 3
4 3 91 2
5 1 8 2
5 3 72 2
4 0 87 4
3 1 78 3
4 2 33 3
2 0 25 2
2 3 86 2
1 5 28 2
3 1 62 4
1 0 93 1
2 4 55 0
1 5 41 1
0 3 -4 3
5 2 69 1
3 0 6 2
5 5 24 1
5 5 29 3
3 2 26 3
3 4 89 3
3 5 96 1
1 4 38 0
0 5 16 1
0 2 5 5
1 4 61 3
3 5 75 4
3 1 -4 5
5 5 18 2
2 5 84 1
0 3 8 1
3 1 29 4
5 4 49 0
4 4 81 5
5 3 23 0
1 4 14 4
2 4 85 0
1 5 92 0
0 3 5 4
5 2 45 0
5 2 97 1
3 4 42 4
1 1 3 5
3 5 50 2
3 4 1 3
2 0 8 4
2 5 60 3
2 3 4 5
4 0 26 3
2 5 18 2
3 5 61 1
3 5 18 0
2 4 80 1
5 2 70 0
4 2 64 3
5 0 -5 2
1 2 97 0
4 0 5 0
1 5 17 2
0 1 -8 4
3 0 62 4
4 5 25 3
2 2 3 3
2 3 29 1
0 5 27 5
1 4 57 3
2 4 51 3
5 1 49 4
5 0 28 3
0 1 93 1
3 0 65 0
2 0 31 1
3 1 56 4
3 2 96 2
4 0 47 0
0 0 34 4
2 2 52 1
5 2 9 0
2 4 77 2
4 3 94 0
0 2 -7 4
3 3 77 5
2 4 27 5
5 2 97 4
5 1 13 0
0 0 52 0
0 5 31 3
2 0 32 5
5 4 18 0
4 3 83 3
4 3 -8 0
1 2 96 2
2 0 41 1
4 0 45 4
3 0 55 0
3 0 86 2
2 0 73 1
2 5 89 5
2 0 47 2
4 0 62 1
0 2 80 4
2 3 50 4
5 3 80 0
3 0 84 0
2 3 82 5
0 4 34 5
3 3 87 2
4 3 49 2
5 1 -5 2
2 1 25 2
4 1 29 5
5 5 31 5
3 5 65 5
4 0 58 5
4 1 10 1
2 0 94 5
4 5 45 2
0 3 67 0
2 4 -5 2
3 5 27 0
3 2 86 3
1 5 54 5
4 4 14 2
4 3 77 3
2 3 9 2
5 0 4 0
2 2 98 1
5 3 84 5
2 5 80 4
4 4 2 0
3 1 78 5
2 0 86 4
3 5 17 2
3 2 31 2
1 1 81 5
4 2 23 4
4 2 11 0
2 1 61 2
1 4 31 0
2 5 4 2
4 4 63 5
3 4 12 2
0 3 31 0
2 1 17 0
2 0 -6 5
5 3 -8 5
5 2 33 4
3 5 35 3
4 4 33 3
0 5 86 1
3 0 29 1
3 4 42 5
0 2 53 2
2 5 92 5
2 4 7 2
5 2 99 3
0 0 60 2
4 0 70 2
2 5 33 4
1 0 6 4
4 0 -2 0
4 0 80 4
0 2 6 2
3 0 35 4
4 0 50 0
3 0 54 5
5 0 39 5
4 1 51 2
0 1 60 0
1 0 100 5
5 4 66 2
3 5 80 1
2 5 12 0
2 4 41 3
4 3 28 5
1 4 33 3
3 5 20 5
3 2 41 5
2 4 99 3
1 3 34 0
3 1 -5 1
0 4 95 2
1 5 45 0
2 1 7 1
2 1 15 2
4 5 19 5
3 3 44 0
4 2 77 3
1 3 49 0
0 0 68 1
1 3 32 3
2 5 53 4
1 4 39 1
2 2 1 0
3 1 29 3
0 3 23 1
3 0 43 4
2 2 27 3
0 4 92 4
2 0 10 5
5 0 0 4
3 5 25 0
5 0 77 0
3 4 87 4
1 1 25 5
5 1 70 1
5 2 52 3
2 5 51 0
1 2 89 3
5 3 66 1
1 5 53 5
3 1 15 1
5 0 35 4
2 0 84 0
4 0 50 3
0 0 -8 1
1 4 67 5
5 4 15 1
5 4 29 0
2 5 19 1
0 5 15 0
