4 1 89.9216 4
2 3 -4.6627 4
1 4 14.3866 2
3 5 76.1314 2
3 0 18.0766 1
0 3 74.6881 2
1 3 76.4906 1
5 3 36.4532 0
3 3 23.4719 0
5 4 64.8162 5
2 3 76.0538 1
3 0 34.501 5
3 0 85.9012 1
4 0 28.0066 0
2 5 29.5574 2
4 1 98.4185 3
1 2 -2.7687 1
3 5 98.9981 2
5 4 42.2648 3
4 2 85.5071 1
5 4 65.1802 0
0 0 -6.4808 2
4 5 86.3278 0
5 5 57.0858 4
3 5 5.4347 1
1 5 92.6212 4
3 1 -1.0657 1
2 2 31.252 0
4 4 65.8126 2
3 0 11.1767 5
2 0 20.8127 1
2 3 12.4882 0
4 2 16.8782 2
5 1 -8.6678 5
3 4 40.4702 4
0 2 16.2375 2
3 5 11.535 4
4 2 26.779 1
2 2 64.6774 3
3 5 -4.0235 1
4 0 13.7762 5
0 1 27.6748 2
0 3 84.6202 1
5 5 65.5967 2
4 5 58.9053 1
1 3 50.0426 2
2 5 23.1235 2
1 3 12.3911 2
0 1 -4.5424 2
5 3 38.237 0
2 4 68.1419 0
3 4 91.4306 0
0 3 92.0202 5
2 4 94.985 3
5 5 -3.226 5
2 4 60.2097 5
0 4 77.7876 2
4 5 -2.0184 3
5 3 1.9522 0
1 2 13.8455 4
0 1 70.6888 5
1 1 70.2998 4
5 5 89.0269 3
1 0 98.42 4
5 5 46.2318 1
0 4 48.0254 0
2 4 89.4191 4
5 3 89.8375 0
0 0 39.3187 4
5 4 56.2734 2
3 1 67.0027 0
2 5 48.3833 0
2 2 15.8713 5
3 5 51.4226 1
5 5 92.9268 2
5 0 16.4162 3
1 3 16.7514 3
1 4 8.0668 3
3 1 87.2286 0
1 2 75.5272 1
2 4 19.0434 3
1 2 55.1926 5
5 5 94.3516 4
2 3 57.8799 2
0 3 63.881 0
1 5 -7.6851 3
0 3 -5.2179 0
1 0 31.7876 3
3 0 90.8477 1
3 5 62.7227 5
5 3 19.6616 5
1 5 55.5709 3
1 1 46.7968 3
2 1 36.2525 4
0 0 48.3499 5
5 0 72.7393 3
2 3 58.8228 4
2 1 30.1446 3
1 1 74.7188 5
0 3 1.1401 3
0 4 -3.2633 5
3 2 79.5902 3
1 0 51.022 1
5 4 46.0886 3
5 3 73.9211 5
0 2 71.5314 4
0 0 8.7312 5
1 4 3.8868 5
2 4 52.3603 5
1 4 51.9509 5
0 1 5.4398 4
1 3 3.1297 1
3 3 96.7461 1
1 1 7.4414 3
3 0 8.845 0
4 2 9.7079 0
0 2 -5.8789 2
1 5 7.5248 5
3 1 60.1943 1
2 1 74.9964 4
2 2 93.3775 5
3 2 14.8619 2
2 2 46.7993 3
1 5 90.8138 5
0 3 1.9041 3
1 2 13.2927 3
4 1 3.7864 0
3 5 78.299 3
0 2 9.302 1
4 4 72.2185 0
5 4 28.9554 0
5 1 12.5374 4
5 2 76.0722 1
0 3 30.1468 5
4 1 77.5285 5
5 4 43.2518 1
1 2 8.9945 3
3 5 63.5264 2
3 2 -2.3925 5
3 2 67.1493 0
5 5 28.2568 0
0 2 28.2376 2
0 0 -0.9875 3
3 2 14.5391 1
1 4 12.2853 1
4 4 21.3673 4
0 5 5.8555 5
4 0 92.737 4
3 5 24.4475 2
2 4 27.0815 1
3 5 45.9478 1
3 0 -7.3987 2
1 1 73.7413 1
0 5 86.3694 0
2 4 20.0701 2
0 5 14.3151 5
0 4 -9.337 5
4 3 -0.9255 2
0 3 80.6696 3
3 5 94.4227 5
3 0 53.2772 2
2 4 41.6512 5
0 3 11.8615 0
1 3 7.545 0
4 1 90.3061 4
2 1 72.4056 3
0 1 84.7991 2
5 1 -0.5463 1
5 5 57.8015 5
2 0 81.764 5
5 1 28.4434 4
5 5 -3.8659 0
5 1 36.3825 4
5 0 87.1689 1
1 1 43.1983 5
3 1 36.5773 3
4 4 26.3767 4
0 0 46.5163 3
1 4 61.6693 5
5 5 83.7363 5
5 2 47.8734 4
3 5 3.5312 0
5 3 10.1336 1
5 1 -3.8532 5
5 4 68.6453 1
2 1 26.698 3
0 0 -4.7135 1
4 5 17.3419 4
3 0 93.8099 5
2 0 16.6473 2
1 0 56.6671 3
1 2 56.0595 0
0 0 68.205 0
1 5 68.7787 4
3 2 59.8012 5
0 5 4.1705 4
0 3 38.0364 2
0 3 26.2089 1
5 2 79.4451 4
4 5 94.2621 2
4 1 10.056 3
3 5 17.6273 0
4 5 79.7452 1
0 1 39.045 2
4 4 21.82 3
2 2 20.4367 3
1 3 27.5897 4
5 2 92.4344 4
1 2 15.5022 3
4 4 66.2241 4
4 3 9.5576 5
2 2 16.0868 4
0 0 94.2578 5
2 1 36.6104 5
0 2 97.65 1
3 0 70.4827 1
5 4 33.4291 4
5 2 93.6666 0
4 0 79.1899 5
1 4 50.6986 5
0 1 87.367 0
1 0 29.8502 2
5 3 -2.5768 3
3 5 35.3031 1
2 4 53.6386 3
5 4 60.4362 5
4 5 27.5126 1
3 3 64.0949 1
2 3 45.9361 0
0 2 37.5668 2
2 5 99.1265 4
3 5 9.669 2
1 5 91.0709 4
0 2 6.6218 4
4 5 84.6301 4
4 3 72.1528 3
2 2 87.4258 0
4 0 42.1261 1
2 2 57.9237 1
3 2 88.6882 2
2 3 31.2424 4
3 0 46.8581 4
4 3 65.149 1
3 2 30.3676 4
4 5 33.2644 2
3 4 99.8046 4
5 5 48.432 0
5 0 -9.3416 0
1 3 14.393 1
0 0 71.6883 1
0 1 59.4447 3
2 4 17.9374 3
0 2 -6.1763 4
4 0 44.3086 5
0 3 42.6457 5
1 4 48.4357 5
1 4 8.7167 5
1 4 96.9132 4
4 1 82.136 2
3 5 15.7498 0
3 1 57.4843 4
5 1 42.6698 2
2 2 50.4369 1
5 5 92.9579 2
2 2 59.2429 4
2 4 56.2348 4
3 1 35.8827 3
5 0 39.1397 0
2 5 39.0291 3
1 2 -7.044 1
0 4 98.4281 1
1 3 55.508 5
4 5 14.4604 4
0 2 45.13 3
5 1 62.3923 1
1 1 -4.7393 0
4 2 26.0218 0
0 1 29.7793 4
1 1 46.3023 1
3 3 -8.8349 5
0 3 95.5046 2
2 5 31.7238 4
4 4 57.4167 3
1 3 90.8129 3
5 5 0.8297 4
1 3 66.7387 5
2 0 10.5569 2
0 3 32.5754 4
5 4 1.534 5
0 0 69.3032 0
5 5 75.0294 3
5 3 92.3957 0
1 0 97.2612 0
2 1 35.6812 0
0 2 50.5464 5
2 5 35.6802 0
1 0 76.8466 4
5 0 46.3761 1
3 5 -8.7264 4
5 5 17.2436 2
2 5 1.8212 4
1 5 1.435 3
3 0 28.8715 1
1 1 -0.1612 5
3 0 45.5454 5
4 0 64.631 2
1 5 32.7818 0
3 2 92.5147 3
2 4 33.7062 5
4 2 27.8759 4
3 0 38.1889 0
3 1 98.5641 0
2 2 18.8983 4
1 2 79.5514 1
3 4 75.5807 2
2 4 84.4189 0
2 5 76.471 5
4 3 62.8808 1
2 2 -7.9703 2
5 2 41.1359 5
5 1 3.2424 3
4 3 22.4675 4
2 1 41.049 3
0 0 94.0854 0
0 0 30.0057 1
2 0 10.2781 4
5 0 64.2423 3
4 1 38.6678 1
0 5 -5.1484 2
1 0 85.9473 1
4 2 58.0928 2
3 5 68.4343 0
0 1 21.0569 4
2 3 -4.5424 3
1 3 27.1999 5
4 4 20.5478 4
5 3 46.1912 0
5 2 5.9523 0
0 1 38.3654 2
3 5 75.7845 4
5 3 47.1244 5
2 2 44.968 5
1 4 30.963 1
5 3 42.731 3
1 1 25.6505 3
0 2 92.6903 0
3 1 -7.1766 2
5 5 53.4364 5
0 0 72.3538 1
0 1 41.9355 0
1 5 69.8442 3
5 4 -2.7597 0
2 3 45.4416 3
5 5 26.9041 3
4 0 43.7496 5
2 5 8.446 1
5 0 33.6863 0
4 3 69.9731 1
4 4 -9.3886 3
4 3 97.9392 2
5 0 81.411 4
3 2 -8.3421 4
0 2 -2.5459 2
2 4 6.7143 4
4 5 78.0452 4
4 2 26.9938 3
5 2 49.5927 5
0 5 28.0864 0
3 4 74.871 2
1 1 18.8513 5
5 4 0.9481 0
5 3 31.3481 3
1 2 99.669 0
0 3 93.0803 0
2 0 73.4652 4
1 5 80.959 4
3 0 74.1304 3
0 4 62.1321 3
1 1 20.4114 1
3 2 53.9705 4
2 5 10.8466 5
3 0 50.7103 4
5 0 46.986 2
1 2 0.3748 1
2 2 57.4829 0
1 5 -8.1636 4
3 5 85.4623 2
0 3 64.1917 1
0 5 94.1627 2
3 2 14.6928 1
2 3 37.3302 3
3 5 72.4012 0
3 4 9.9788 5
3 0 99.4056 2
0 3 57.8237 1
2 3 20.2513 1
0 0 31.9472 2
0 3 72.8439 3
1 5 3.2749 2
5 1 56.0153 5
5 3 19.9268 1
3 4 25.9365 1
2 0 23.2506 4
2 0 59.9241 1
5 2 53.4011 2
4 4 53.0172 5
5 0 34.4741 0
0 5 15.122 4
1 4 60.755 0
3 4 53.0067 4
2 1 0.5415 3
1 3 65.491 1
4 3 10.7049 5
2 2 2.6624 4
5 5 55.6598 5
5 3 -4.805 4
5 5 47.2202 4
3 0 35.7326 3
3 1 45.4771 5
2 3 65.4239 2
2 0 31.5853 1
3 3 86.4227 4
4 0 39.2971 1
2 2 54.8536 2
5 4 96.4011 3
4 5 46.7032 0
1 5 76.0569 4
1 2 32.2459 0
1 3 12.8215 3
1 3 10.4877 3
3 2 1.1745 5
3 4 54.6479 3
0 5 96.5826 5
3 3 47.1337 1
1 4 9.3229 0
0 4 70.7103 0
5 5 23.5207 5
4 3 4.7534 4
5 5 47.905 2
1 3 31.0582 4
1 3 -8.2853 5
2 1 32.5779 1
3 1 92.8082 3
2 0 -3.9929 4
3 5 90.691 1
5 2 49.4592 0
4 2 98.1532 5
5 1 69.9241 2
0 1 47.4107 0
3 0 14.7264 0
4 2 29.1578 3
1 2 37.5272 2
5 1 84.6263 1
3 1 38.1804 1
5 2 1.2297 3
1 3 38.3722 1
3 0 33.8337 2
1 1 20.0358 0
1 0 34.3846 1
1 3 52.9673 3
2 0 37.0117 3
2 0 47.0865 3
5 2 31.2609 3
5 4 66.5637 0
1 0 -8.0407 1
4 0 75.0267 5
5 3 38.5224 1
2 3 16.037 1
5 5 15.3593 3
3 3 28.0939 1
5 5 35.3559 4
1 4 69.2029 3
4 3 32.0675 2
5 3 63.6602 0
1 1 64.616 4
3 1 35.3163 0
0 0 83.8025 3
4 3 95.3746 4
1 0 4.7062 0
3 5 74.4606 4
3 5 60.0033 5
0 4 89.2984 3
2 0 4.6814 1
3 2 53.2276 3
5 5 92.9808 2
2 3 -5.9456 3
3 3 29.059 5
4 5 78.1725 3
5 3 50.0612 2
4 1 83.7288 2
4 0 27.1249 4
1 0 11.0316 2
2 4 12.4326 5
5 2 -8.1932 0
5 5 55.6221 2
0 3 56.9195 1
0 2 -6.7722 5
0 5 75.1356 2
1 4 -2.4242 4
4 1 14.9482 4
5 0 -7.2518 1
0 1 63.3484 4
3 0 4.6504 3
3 4 9.1343 1
0 3 28.7108 0
5 3 -6.4081 1
2 2 79.5965 5
1 0 -0.9325 3
2 1 86.3979 1
2 2 -8.8554 1
4 1 80.2974 0
4 5 12.6418 3
0 5 79.5958 3
3 4 97.6576 1
1 1 -4.1198 0
1 5 85.3736 5
5 2 62.7806 3
4 2 44.3024 0
5 2 76.5399 0
3 3 96.1461 1
3 0 55.2874 0
3 5 35.8849 2
3 5 25.0121 0
5 5 -7.8815 2
2 0 -5.1744 1
1 2 14.0377 1
3 1 56.3285 2
0 5 77.0205 2
3 1 63.3454 1
2 3 24.337 2
3 2 -7.7256 4
0 1 69.8551 4
3 2 19.9285 4
4 0 21.3004 3
3 3 91.8859 4
1 1 69.2373 4
1 4 77.3086 0
5 2 56.3888 2
2 5 81.1216 3
1 2 68.5863 2
3 5 82.2246 3
2 1 42.2892 2
5 4 -5.3289 3
4 0 90.4652 1
1 2 26.5609 1
2 0 -1.6316 1
5 0 16.0314 1
5 5 65.7027 3
2 4 33.8994 4
2 3 57.0171 0
3 0 77.461 1
5 3 -6.0275 5
3 2 -3.3037 5
1 0 98.6047 1
3 3 96.0995 5
3 3 63.4292 2
4 1 65.504 1
2 0 83.5411 2
2 4 89.7605 2
4 1 90.6165 3
2 1 43.8057 3
4 5 83.2978 3
4 2 68.6176 0
0 0 79.9719 3
0 5 35.7124 4
5 3 64.372 2
5 3 35.973 1
1 2 90.4055 1
0 5 1.7884 3
4 3 51.5648 3
0 5 19.7986 4
0 1 43.9995 4
5 3 -6.2963 3
2 5 29.388 4
3 5 59.8383 3
1 3 2.4755 4
3 3 94.6862 5
3 1 96.9442 1
4 2 21.0014 4
1 1 5.9228 5
0 5 24.3808 1
5 2 90.0252 1
2 3 84.0726 4
1 0 18.3831 1
5 0 11.651 3
0 3 60.1439 0
2 3 79.6047 2
0 4 75.3779 2
2 5 24.2643 2
2 4 94.2615 3
4 5 21.01 4
5 1 54.6241 4
0 1 55.4049 3
5 2 84.2974 3
5 4 54.5302 1
4 1 15.2471 5
0 0 60.7517 4
5 2 53.1311 0
0 5 -7.009 4
3 1 66.1294 4
0 2 52.4231 3
5 1 26.0247 0
2 5 56.6721 2
5 5 71.0633 0
4 4 94.8978 3
5 3 39.4218 3
3 1 29.7075 0
2 0 37.6432 5
4 4 70.4548 4
0 2 32.0941 3
1 4 57.6861 5
1 1 44.2383 3
4 1 82.3154 0
2 3 -4.0586 5
0 0 92.5278 1
5 5 20.6674 1
4 3 60.6616 5
0 0 10.4782 3
0 5 82.6145 0
1 4 -6.1872 1
5 4 54.0546 4
2 5 72.4915 2
1 2 96.3474 4
2 1 47.3045 3
2 2 98.7288 3
0 2 -6.534 3
1 5 60.1985 2
4 1 91.4407 2
1 1 37.9582 0
5 1 62.2503 5
4 1 9.3484 4
1 0 94.788 5
4 5 -7.9884 5
2 0 -4.8112 5
0 4 1.5679 0
4 2 -7.8847 0
5 4 15.3918 2
4 0 56.1687 0
2 1 24.0144 3
5 0 22.2487 5
3 4 34.3872 5
3 2 -7.9507 2
1 5 47.1556 3
0 1 38.5877 3
2 1 2.2102 2
3 0 99.616 1
4 1 99.4155 5
3 0 55.5292 0
1 5 65.6728 5
2 4 78.7303 1
2 0 97.3229 1
0 0 97.1024 5
5 5 31.4379 1
3 1 17.6419 4
1 5 27.7357 3
2 5 -9.5709 4
1 1 20.0836 5
3 3 10.4242 0
2 3 89.4949 0
1 2 19.5905 0
2 4 33.8555 1
0 0 11.6062 2
0 4 92.5725 0
4 4 -9.5615 2
2 2 4.6951 4
0 5 39.6008 1
2 2 71.1285 3
3 3 70.336 1
0 2 75.2491 5
4 4 92.3046 3
5 4 47.0605 4
4 4 78.6572 2
5 3 48.0862 3
4 2 12.2409 4
1 5 -9.0522 0
2 4 -0.4594 4
3 3 -4.6583 4
0 2 25.7638 5
4 1 62.2655 4
3 0 88.3886 3
1 3 54.4348 0
0 2 18.2599 4
1 4 93.0167 4
5 5 17.2053 2
0 2 62.428 2
0 2 -5.5043 2
2 1 -8.4374 4
3 2 44.1737 4
5 3 95.3216 4
2 1 16.5895 2
5 2 57.164 0
4 0 57.2156 1
2 2 23.0556 1
5 0 64.5517 3
2 5 76.6997 1
4 0 22.5241 2
3 2 3.336 3
4 1 22.9411 3
3 1 91.8728 5
1 4 69.3154 3
5 2 2.5461 5
0 1 19.8651 4
0 3 58.5669 0
2 5 45.4712 2
2 5 34.8838 5
4 0 77.6616 4
5 1 84.8158 2
2 3 70.1672 3
1 5 82.9171 5
4 0 67.9803 2
5 4 87.1789 4
5 3 17.6994 5
5 1 88.1741 0
2 5 39.7595 2
5 3 28.0593 1
3 3 47.6241 1
2 3 64.2299 5
1 4 33.6761 5
1 0 75.1346 2
1 2 71.815 2
0 4 46.7964 0
1 1 -8.3609 3
5 1 92.9809 2
5 0 7.1601 0
3 0 8.776 2
2 5 42.1816 0
4 3 15.3632 2
1 5 88.0173 4
0 5 49.3234 3
0 1 44.9867 3
1 2 71.4545 0
5 3 80.2562 5
5 4 49.2326 1
3 4 87.8 5
3 4 21.7242 1
1 5 29.0001 1
0 2 14.2189 3
0 5 59.9572 1
5 1 56.4401 3
0 0 56.7427 3
4 2 33.5621 2
4 0 95.8886 3
4 2 38.7368 1
3 2 45.1415 4
5 1 50.1206 4
3 4 49.5609 4
2 2 63.5138 3
2 1 12.9126 0
4 4 78.0299 5
3 3 65.2575 0
3 4 25.7342 1
3 2 90.4219 3
1 2 39.7641 3
3 1 90.024 5
2 4 31.1899 4
4 4 77.4673 4
5 2 78.2879 0
3 4 0.9368 5
5 2 61.7491 2
0 4 20.959 1
2 0 25.4592 4
3 1 91.5129 5
0 5 88.9757 4
3 5 49.8254 0
4 4 52.6092 2
4 1 97.3807 0
3 1 42.9723 5
1 3 37.9997 5
4 1 62.861 5
3 2 13.0521 4
4 3 50.9255 2
1 3 58.1068 1
3 1 -2.2908 5
4 2 48.8429 0
2 1 5.2418 4
2 3 64.9942 3
3 0 16.0041 2
3 4 -0.5262 0
4 3 -9.4173 0
2 5 5.6061 4
2 3 91.6822 1
3 5 70.6347 1
1 3 71.9828 1
1 5 10.9714 4
2 3 -5.0272 5
4 5 54.6407 5
4 2 64.313 3
0 5 49.3829 0
2 2 80.6084 1
0 4 44.5787 2
4 1 28.3318 4
5 2 8.7914 5
4 1 74.6991 1
1 2 45.9889 4
1 5 49.5982 2
3 1 4.843 2
2 2 67.1681 3
4 5 4.7311 0
2 5 66.0186 2
3 0 18.8325 4
2 0 11.1135 5
2 0 29.0108 2
0 4 23.269 2
1 0 73.9846 3
4 0 72.8117 3
2 3 42.1442 4
0 1 48.1829 0
5 1 26.8725 3
4 0 29.9859 3
4 5 71.669 3
0 4 46.4714 5
4 0 14.27 1
2 2 57.7711 2
2 4 67.8958 4
2 3 15.8089 2
2 0 86.0534 1
3 2 65.0463 5
4 2 68.2796 1
5 1 95.9212 1
0 3 45.4458 3
2 1 60.3626 4
1 1 56.9571 3
3 2 79.8081 2
1 2 93.7517 5
4 3 82.6968 3
1 0 54.268 0
4 5 74.1094 3
5 5 6.0756 0
4 5 34.1172 3
5 3 34.7844 0
4 5 43.9228 3
1 0 43.0631 0
3 0 77.3516 5
5 1 63.8707 5
5 3 23.0447 5
5 0 16.7192 3
3 2 -6.6885 0
2 5 38.4463 2
0 2 57.412 3
5 5 1.3741 0
5 3 83.3074 5
0 3 1.9098 5
0 5 84.9848 1
0 5 34.8115 5
3 5 40.7016 2
5 0 15.0675 5
5 2 6.9848 5
3 5 89.9276 1
0 2 31.2356 3
2 4 -0.7909 0
0 5 -6.3656 5
5 2 -8.1728 4
3 1 7.3857 0
0 1 38.3141 3
4 5 37.6422 2
1 3 -4.7556 5
0 2 77.018 3
5 1 4.4838 5
3 4 88.9122 3
3 3 69.3539 1
0 0 -3.3155 0
5 5 4.0149 0
1 5 41.0056 5
5 3 63.486 2
1 0 65.8503 5
3 0 92.6089 0
0 4 19.2313 2
1 3 3.4919 3
1 5 96.5541 3
0 1 74.7576 3
0 3 60.2766 3
2 5 94.3166 3
2 2 57.7798 5
2 1 88.8743 0
3 4 6.6974 1
4 2 64.6689 1
0 4 67.2845 2
4 3 0.6452 2
4 5 67.4236 1
3 5 94.605 2
5 5 69.1919 4
4 2 85.764 5
3 1 46.1825 4
2 5 26.2377 3
0 1 66.6851 5
3 2 85.564 2
0 0 -9.2296 4
3 5 56.6805 2
4 0 11.9108 4
3 3 -0.6437 0
0 0 94.3241 4
5 0 11.036 2
5 5 5.2462 0
0 1 33.9523 1
3 0 51.4702 1
1 2 1.3886 1
3 1 -8.2998 0
5 0 23.2895 5
5 5 69.8192 1
1 3 85.9513 4
2 5 45.4655 3
2 5 31.1098 4
5 4 69.8908 3
5 5 89.7496 1
1 3 52.7134 4
2 3 71.9406 5
5 3 1.7098 1
0 2 60.4996 1
5 1 28.2827 3
0 5 20.7693 5
2 1 64.678 5
2 0 7.1952 0
3 4 16.7763 1
2 1 35.7479 3
1 4 24.4854 0
3 0 81.2481 5
1 0 76.5683 2
4 4 28.7889 1
4 2 67.3025 5
5 0 73.1561 0
4 3 10.4748 4
5 5 -3.5122 1
5 0 0.4753 1
0 3 14.5368 4
5 3 22.0306 3
5 1 94.7051 1
2 3 -9.702 3
3 4 71.5823 2
4 1 28.8632 4
3 5 41.4936 5
5 3 62.1968 2
4 1 32.7372 1
3 3 18.8292 4
0 5 17.8191 0
5 4 72.9554 5
3 1 57.4219 3
2 5 -7.678 3
2 2 10.7007 3
2 4 8.1234 5
4 2 65.7912 3
3 4 -1.7038 0
1 2 43.9654 4
2 3 -2.9553 4
4 5 29.134 1
4 5 5.6363 0
3 4 49.9826 0
3 0 82.3985 3
4 5 94.8258 2
1 5 45.4578 0
1 2 5.9949 0
3 2 82.848 3
4 3 6.6613 4
2 5 73.9656 5
0 2 0.0169 4
3 4 92.9751 1
4 3 13.0716 2
3 4 16.6613 3
5 1 -5.4038 4
3 0 25.0262 5
1 3 43.8269 2
2 1 70.7042 2
0 4 81.0648 4
0 1 76.9208 2
4 4 26.3909 2
0 1 57.533 2
0 4 62.7616 1
3 2 -0.1344 5
2 4 57.0478 4
4 4 27.3351 3
1 2 20.6912 2
3 2 -8.2025 4
4 5 -0.4394 4
4 5 -5.0678 3
1 1 -5.4617 4
2 1 37.1346 3
4 5 93.7969 2
3 1 53.5864 1
5 3 14.5847 4
4 2 60.9343 5
3 0 5.3942 2
0 3 8.0947 5
5 2 69.3079 5
0 1 6.4143 3
4 3 14.9986 4
5 4 36.0943 2
1 2 -6.0474 3
0 1 -9.7845 1
4 3 91.824 4
2 5 59.469 4
3 4 -8.5122 2
2 0 -6.3581 3
1 5 77.2341 1
4 3 30.2118 0
3 5 23.4463 0
2 0 21.7101 3
4 0 92.712 2
5 4 37.7545 3
2 0 77.7166 2
3 1 83.4205 1
1 3 -4.1831 1
