2 2 89.8388 3
1 0 79.9577 0
5 0 8.3013 5
2 0 18.059 2
2 2 4.4845 0
4 3 97.9162 3
3 2 16.7871 2
4 4 25.5733 1
0 0 38.133 1
2 0 97.876 4
5 0 93.6932 2
4 5 18.4913 5
1 3 34.949 4
0 2 85.3448 2
5 4 60.9983 3
0 5 55.3792 1
5 3 93.8776 2
1 0 52.518 2
1 1 53.7686 2
3 0 43.9382 1
0 0 80.3987 2
5 0 73.9966 5
5 0 28.1069 5
5 0 46.0072 5
1 1 9.6384 0
1 2 22.1674 5
0 4 69.4519 2
0 1 57.2626 1
3 2 8.0004 2
5 1 81.3006 0
0 4 82.2302 3
2 3 4.4335 1
0 3 36.6042 0
2 4 96.1629 4
0 5 -8.1467 0
5 1 56.8729 3
4 2 6.2906 0
2 1 10.7157 2
2 3 31.5966 1
0 4 22.4174 2
4 3 -1.8185 3
3 0 9.196 5
1 1 -0.8114 5
3 2 64.7235 3
1 1 47.5558 4
3 4 57.9292 4
4 0 5.9396 2
2 4 92.2044 1
1 1 14.7443 3
2 5 5.7806 3
3 4 21.1504 3
1 0 91.3684 1
1 2 32.1856 0
2 1 80.4195 2
1 3 52.5052 1
0 5 28.2743 1
3 3 85.6736 2
2 3 63.9994 5
4 0 75.3684 1
5 4 23.4589 3
3 5 42.2569 2
4 4 65.3348 5
5 3 15.0475 5
3 2 61.9021 1
1 3 94.7178 0
1 4 4.4985 4
2 0 54.2602 1
3 5 36.4315 0
0 2 17.6583 1
1 3 23.0158 2
2 5 70.9506 5
4 5 29.7879 1
4 4 4.8067 1
5 0 72.5854 5
1 1 80.8439 4
4 0 4.5243 3
0 1 -8.1947 2
0 1 66.3207 4
2 1 20.3095 3
5 4 1.1489 0
4 3 57.4136 3
2 0 39.6604 0
4 5 29.5921 3
1 1 91.4053 1
5 3 18.3072 0
4 2 39.2868 4
1 3 2.7137 4
4 5 19.1808 2
3 0 2.4383 1
3 5 61.382 3
2 0 45.163 3
0 4 31.2105 2
1 2 -6.58 0
4 2 1.2707 5
1 4 32.8864 2
5 5 -5.3083 1
4 5 4.1085 5
3 5 72.7364 5
5 0 4.2591 5
5 0 11.7719 4
3 3 -2.1492 2
0 2 28.8855 0
2 5 99.724 1
2 2 24.44 1
2 2 25.8573 3
3 1 96.8516 0
2 2 94.2524 0
5 0 7.3677 4
4 3 41.2441 0
4 0 90.4619 0
0 5 0.141 1
4 4 56.7824 5
0 1 22.041 5
1 5 5.1696 1
3 2 96.5855 5
3 0 46.4617 1
0 4 42.1669 1
3 5 68.8651 5
0 2 52.4939 3
2 3 47.6751 4
3 0 -3.1677 3
2 2 80.1728 2
5 1 13.2944 1
1 0 17.2834 5
3 5 15.0104 1
3 5 66.2496 4
5 1 52.9662 5
5 3 56.0297 4
0 5 14.421 4
0 0 -8.6667 2
0 1 47.741 0
2 1 86.3438 0
4 1 35.5411 1
4 4 -6.636 0
3 3 23.4781 4
5 3 76.423 0
3 0 -5.511 0
3 3 83.142 0
5 2 58.3708 4
4 0 54.5905 4
0 4 49.7553 3
5 1 87.8224 2
5 1 26.244 5
2 5 39.6779 1
3 3 61.8595 4
5 1 0.3584 5
5 4 36.826 1
0 2 84.6774 2
3 3 62.0424 5
4 3 42.9075 2
3 1 65.5425 4
4 3 -7.1449 0
2 5 36.0517 0
4 1 46.5841 3
5 5 46.3373 1
4 0 75.5947 1
5 2 -7.3078 3
4 3 92.2769 0
4 2 32.7301 2
0 2 79.6934 4
1 3 76.8219 1
1 3 54.941 3
5 2 8.6743 3
3 1 60.7671 4
1 2 55.8261 2
4 2 40.1159 4
4 1 17.2313 0
5 0 39.8103 1
2 3 88.8801 0
0 4 47.9557 3
3 3 79.3099 0
4 5 42.6528 1
2 2 55.6077 4
1 1 54.0268 0
0 2 28.7212 5
2 2 28.9682 0
5 4 1.3336 0
2 5 70.968 4
2 2 74.8062 5
5 3 -0.1369 3
2 1 29.4667 5
5 1 29.7069 2
0 0 55.5141 4
5 1 47.156 4
3 5 28.5157 2
5 3 22.4144 3
2 3 -4.4561 5
3 5 -1.8733 1
1 2 41.4838 0
5 2 35.202 2
5 5 52.13 1
2 1 2.626 3
2 0 43.3997 3
0 3 89.9604 5
3 5 58.9318 3
0 0 29.0702 4
3 4 92.9803 4
0 4 23.0349 3
3 0 33.9958 4
1 1 18.5308 1
5 1 -5.3782 2
2 4 10.0128 2
5 1 58.1122 3
3 3 70.1398 3
5 2 -1.2427 0
0 1 77.8924 5
1 5 24.7814 3
0 3 72.7165 3
4 0 49.8208 1
1 0 51.9298 4
4 2 41.5271 4
2 2 61.0023 4
2 0 33.4044 2
2 2 48.838 5
3 2 1.3085 2
1 3 69.3495 4
5 0 -4.2073 3
3 0 -6.7001 1
1 3 90.5319 0
1 1 69.1269 5
4 2 26.853 1
2 5 17.9251 4
5 2 26.5737 5
0 1 60.8237 1
4 1 8.847 4
5 2 59.7697 0
3 1 63.0278 4
0 2 32.5765 2
3 0 18.0023 5
2 5 62.9015 5
0 4 95.8242 5
3 4 45.9086 0
5 1 89.4933 2
2 4 81.1157 0
5 2 30.6292 3
1 4 64.9715 2
1 5 36.1128 1
2 4 34.0456 5
1 3 9.917 5
2 1 46.4213 0
4 1 74.2313 3
4 5 99.5818 2
3 4 43.2499 1
4 0 81.6112 2
5 3 58.7656 2
1 1 19.9193 4
4 0 69.0689 4
2 2 77.9069 4
1 4 -2.8209 1
0 3 88.9763 4
0 1 91.1932 3
2 2 42.3664 1
5 4 2.1914 4
2 3 16.2619 0
0 4 74.2116 5
5 0 -6.266 2
2 0 74.0361 5
2 3 78.2673 5
2 4 44.0093 2
4 0 34.874 0
2 4 3.5618 0
3 4 70.7178 4
5 1 41.8298 4
3 5 49.7353 2
3 2 60.6812 5
0 4 40.734 1
0 4 32.491 4
1 2 7.1769 5
0 4 11.6784 1
3 1 66.4678 5
2 3 67.3411 0
0 0 85.2214 2
4 2 -7.2759 2
5 3 79.9533 0
0 0 75.588 1
5 1 28.0003 1
5 2 61.6184 3
1 2 94.0157 5
4 5 25.3799 4
1 2 76.5616 0
1 5 9.8812 1
1 0 87.9057 2
3 5 -6.38 1
4 5 90.3458 0
5 2 -3.3865 5
4 0 78.579 1
2 1 79.8632 3
4 5 88.2243 3
0 0 11.8652 4
3 4 97.2811 4
0 0 17.5858 1
1 3 28.2524 5
1 5 26.44 5
4 1 40.0838 0
5 2 85.4574 4
2 5 34.5858 0
0 2 52.9481 2
1 5 -4.2661 5
2 1 95.8614 5
1 4 73.446 2
1 2 88.295 4
4 0 47.2459 5
1 2 56.9078 3
1 2 59.0846 2
5 1 60.6614 4
5 2 31.681 1
4 3 50.6934 0
0 3 93.1972 5
3 3 -8.1668 2
1 0 22.3669 5
2 1 12.2532 4
2 0 16.4534 4
4 3 0.9991 0
4 1 9.5954 3
2 3 37.1958 3
5 1 55.517 0
2 5 29.1898 4
4 4 30.2726 0
3 0 -7.92 2
1 1 82.4346 5
3 4 10.2399 1
1 4 10.7153 2
5 3 95.715 1
2 3 52.3421 0
3 5 93.0814 4
4 2 -0.8548 1
5 1 22.8819 1
1 4 33.9705 2
0 3 56.5407 2
3 1 63.3183 5
1 5 -4.6915 2
5 5 13.4661 4
5 4 71.9214 4
0 5 30.2101 1
1 2 30.8181 5
0 1 29.1378 4
5 4 63.057 3
3 3 78.2185 2
4 5 51.9984 2
5 4 79.4551 3
1 1 32.8944 1
3 3 9.604 2
2 4 97.3112 0
4 4 94.9387 4
1 4 29.3956 0
4 4 80.1566 4
1 3 88.539 3
2 2 70.5795 2
3 0 41.6489 0
5 5 44.6173 4
4 5 77.2457 1
0 3 60.3771 0
5 4 21.8793 0
4 1 8.3622 4
5 0 77.9222 5
5 3 80.8201 1
2 4 21.3555 0
5 4 19.043 1
4 3 52.6517 1
3 3 64.5392 2
3 4 89.6797 1
0 0 61.7671 0
1 5 3.4331 3
4 1 50.7509 2
0 5 42.3598 0
0 1 -5.4623 2
3 4 68.391 2
4 1 77.5565 3
4 1 79.8718 2
2 1 91.2467 4
5 4 48.9504 4
3 2 63.013 5
0 2 68.3047 1
2 0 23.4108 0
2 5 -1.395 5
0 5 20.7186 3
0 2 95.9938 5
5 0 98.9513 3
1 0 13.9069 1
2 5 29.8108 3
1 4 81.0413 2
3 4 72.536 0
1 0 35.1714 0
0 0 18.2685 0
1 3 50.814 0
3 5 -4.3243 4
1 5 12.8071 3
3 4 51.8211 2
4 3 12.5215 0
4 2 28.3828 4
1 1 79.6347 1
1 5 91.7206 2
4 2 65.835 5
0 2 53.8038 1
1 5 -1.5421 2
3 4 88.9639 5
4 3 30.2348 3
5 5 91.0549 2
0 2 -0.8997 5
5 2 76.3957 0
4 4 19.6488 4
0 3 38.5998 5
5 1 50.7025 5
1 2 29.5973 4
2 4 6.0133 1
4 0 59.1182 3
0 4 54.1016 4
3 1 87.8189 1
5 3 88.3966 4
3 2 99.3534 2
4 1 68.1956 4
0 0 3.4743 1
0 2 51.2305 0
0 1 68.1284 3
1 1 38.9393 4
2 3 55.4411 4
0 1 90.6895 3
0 4 24.0708 5
3 5 42.2213 1
3 1 49.0934 2
3 3 93.7885 2
1 5 64.622 2
3 4 -8.9988 1
0 3 11.1615 0
4 2 79.1554 5
5 0 3.6174 3
2 4 28.5984 3
4 2 16.356 3
4 3 24.0485 4
5 4 51.0609 0
0 5 64.3549 4
2 5 -6.986 5
0 3 29.0645 3
0 1 10.3581 2
1 1 76.9378 1
0 4 27.9744 4
3 4 61.8428 1
5 5 88.9713 5
1 5 4.4212 2
5 4 94.4567 5
2 4 93.3994 3
2 0 18.2162 4
0 4 -0.1696 2
4 1 2.6665 0
4 0 -9.0172 0
4 0 26.2591 0
1 5 44.128 0
3 4 25.8376 3
3 5 36.5842 5
4 5 76.9063 0
5 1 19.6085 2
5 0 70.4083 3
4 5 13.3506 2
2 1 66.708 4
2 2 11.8609 1
2 3 4.2377 2
0 2 39.6908 2
4 4 27.6243 0
2 1 4.5396 1
0 4 56.0097 4
0 1 7.8669 2
4 3 4.885 5
1 4 27.6315 3
5 4 48.6467 2
3 0 98.9418 2
0 1 20.0317 3
1 0 90.4235 1
5 0 1.91 0
1 3 33.9405 2
5 3 45.9504 0
1 2 20.6461 5
0 5 10.6892 2
1 3 93.7735 1
2 4 92.579 3
5 1 73.2898 0
5 2 -7.8465 1
5 2 54.2579 5
4 4 94.0507 0
3 4 11.9111 1
0 1 98.2474 2
3 5 51.9985 2
5 1 20.9782 4
0 4 10.7733 4
5 5 71.7835 2
1 1 33.4316 1
5 4 61.9381 5
4 3 -8.612 4
2 2 90.0791 5
4 1 53.1455 2
3 4 -6.732 3
2 3 78.4348 2
3 0 63.1177 3
5 1 11.0229 0
3 1 36.0384 0
2 5 42.0219 2
3 4 59.5529 2
5 5 46.6647 4
4 1 16.4269 0
4 3 87.4785 3
3 0 16.6621 4
0 5 52.6023 1
0 4 84.7765 5
5 4 26.2247 1
3 3 75.5693 4
0 3 20.0504 0
2 0 22.5835 3
4 1 66.3807 3
3 3 6.221 4
2 1 -3.4027 3
3 0 66.1896 4
4 1 23.3023 5
5 2 22.1512 1
5 0 55.0155 0
1 1 24.7257 3
0 2 85.6351 1
4 2 72.8713 2
4 0 2.6677 5
1 1 51.9127 3
2 5 32.6567 0
3 0 30.8625 0
4 4 99.5618 0
1 4 70.6324 3
2 2 59.9238 0
5 3 31.5342 4
2 0 11.582 2
4 0 51.9839 1
0 0 92.2731 4
4 1 71.0599 5
0 5 26.0678 0
5 5 58.862 2
5 2 61.7143 4
0 1 -9.0321 2
4 2 87.0251 3
4 5 33.5619 2
2 1 88.8092 5
4 0 53.4261 2
3 2 98.6122 4
0 2 5.0203 3
5 1 68.9923 5
1 0 11.9398 1
1 0 39.5574 1
2 0 9.352 1
2 3 95.5768 0
1 3 17.1177 1
4 5 10.0858 1
1 0 13.8231 4
5 2 24.1237 2
0 4 62.943 4
3 4 91.2456 2
2 2 90.6873 2
1 3 14.0426 2
3 5 71.3493 4
0 5 66.8169 1
2 2 55.5842 3
1 4 60.055 4
3 1 64.2767 0
5 1 64.2715 0
4 2 16.1849 0
0 4 87.5725 1
2 4 81.2521 4
3 3 -3.1495 3
3 1 89.3551 3
4 3 61.3114 5
1 3 95.3763 4
5 2 19.3139 1
2 1 27.0984 3
4 1 53.7978 2
1 4 96.7682 3
4 1 1.1501 2
2 1 55.6209 4
5 1 1.1179 1
5 3 33.774 1
1 3 26.8772 2
3 1 -7.738 2
5 2 51.7712 4
2 5 22.362 1
3 3 6.6193 5
2 2 48.2947 4
2 1 78.1258 1
0 0 30.9428 0
1 5 3.4468 4
2 1 24.2606 4
0 1 45.1279 1
5 4 13.5788 1
2 4 41.977 1
2 3 78.8717 5
1 0 15.4909 2
1 4 13.3974 4
2 1 95.696 3
3 3 71.4782 0
3 4 88.7677 2
2 5 98.0301 3
2 0 74.3868 5
0 0 64.2911 1
0 1 76.505 3
5 4 15.1384 4
4 2 58.0018 1
2 2 72.6721 1
4 1 -3.1342 4
5 4 84.9931 0
3 1 68.4846 3
4 1 20.7154 3
3 2 6.2298 0
4 0 15.2564 5
1 0 63.9006 0
4 1 83.0884 1
2 3 94.2643 5
1 1 80.6567 3
2 2 92.4899 0
4 4 57.4248 0
0 4 34.0333 1
5 2 98.6938 1
3 0 0.9966 2
1 1 75.7517 5
0 1 77.4947 1
3 1 71.0199 1
1 4 4.2399 3
3 5 55.6864 0
4 4 16.3732 4
4 3 94.8247 2
3 0 41.7548 2
1 3 9.9827 2
5 2 22.2033 5
2 1 60.156 1
0 4 90.5874 0
4 5 75.4234 4
1 4 86.7301 4
2 0 83.7158 1
1 2 18.8272 5
1 3 17.3135 2
5 4 3.2228 2
0 2 -8.8271 1
0 3 85.8339 5
2 2 76.1492 5
2 4 75.9082 5
2 4 91.0726 3
3 2 37.6817 5
4 4 37.4641 3
2 0 74.7445 3
1 3 5.9165 5
0 0 31.5432 3
5 3 67.108 0
0 5 67.901 5
1 3 53.8349 3
4 3 -1.5514 5
1 0 73.9285 3
2 4 43.8763 3
5 2 45.0357 5
2 4 60.9988 2
0 2 41.7483 3
5 1 45.5694 1
3 2 96.1815 2
1 0 59.4594 4
0 2 -6.0192 0
3 4 7.0992 4
0 1 59.3849 2
4 2 3.073 1
2 3 83.5115 4
2 0 73.8689 1
2 3 56.4373 4
0 0 19.7376 1
1 0 47.322 5
0 1 21.3733 4
0 4 70.2308 3
1 1 75.2704 0
2 3 68.0914 0
5 4 12.8826 3
2 3 20.96 1
0 1 -5.9252 3
5 4 99.4069 4
1 4 16.1326 0
4 2 97.0881 0
0 1 55.9615 1
1 2 97.0151 1
5 1 90.0505 5
2 3 15.1895 3
4 3 32.9648 2
0 0 59.2268 4
1 2 -0.3963 4
4 2 88.8871 0
5 1 -6.2651 4
3 0 27.2381 5
4 3 10.9636 0
0 2 67.2139 2
4 4 -2.1869 3
4 5 17.3569 2
5 0 31.0351 4
3 0 29.9966 5
4 0 84.0249 3
2 2 90.3031 0
2 4 65.0104 3
0 1 36.8807 3
3 2 0.1359 5
5 4 38.7432 2
1 1 23.7723 3
1 4 52.1387 3
1 3 1.8037 0
1 5 35.2007 2
2 5 50.7081 5
3 2 51.732 2
5 3 85.579 3
0 5 82.9639 2
2 3 71.7604 0
1 0 37.1523 1
3 0 30.4852 0
3 5 71.7155 4
5 4 99.9331 2
5 3 93.7205 5
1 1 25.8595 3
3 2 53.1311 2
5 3 11.0208 1
0 3 85.1286 5
0 0 46.175 0
0 2 21.0668 3
2 4 34.0029 1
2 1 70.9797 2
2 3 66.1698 1
0 3 51.2046 2
4 3 7.1949 2
3 1 60.586 4
2 2 21.76 5
5 3 4.5195 3
5 3 33.6188 1
0 2 77.8403 3
3 4 77.4905 3
3 2 46.9509 5
4 1 86.8568 5
3 0 19.9946 4
2 2 82.1838 1
3 2 40.9622 0
0 1 55.218 4
2 3 31.9278 1
0 3 49.8704 3
3 4 94.7026 5
2 5 -8.8603 4
1 1 46.4991 3
1 0 -3.4984 3
2 1 87.9255 4
2 4 56.7846 5
0 0 98.963 3
2 5 28.4231 4
0 1 12.4911 4
4 3 85.5009 2
1 5 13.5456 4
3 2 90.3025 1
4 3 34.1524 2
2 4 89.0725 3
3 5 89.9593 5
4 0 67.548 1
0 3 86.3387 4
2 2 62.7097 2
0 1 46.5048 5
2 5 36.0516 0
5 1 -0.4115 1
3 2 50.955 5
2 1 65.1021 5
4 2 74.466 0
1 1 36.9107 5
2 2 86.583 1
5 1 45.515 0
1 0 38.4483 3
4 0 5.3503 1
1 5 84.4217 5
4 0 47.9398 1
5 1 16.7439 0
2 0 97.112 4
2 1 4.6727 5
2 5 20.4802 2
3 2 29.1311 5
3 5 34.8228 3
1 4 73.0489 3
0 1 63.0055 1
2 1 69.9686 0
0 2 97.3837 4
2 0 16.3247 1
5 5 -2.9769 5
1 5 28.011 5
0 1 18.6955 5
2 2 85.3919 4
2 5 65.6228 3
3 5 7.2145 3
0 4 32.8928 3
2 0 0.1858 1
3 5 85.9275 2
4 5 28.8806 3
3 2 25.8397 3
3 0 45.5572 1
3 4 88.5408 3
4 4 46.9535 3
5 4 -7.6134 3
2 1 56.6404 4
2 4 -7.1141 3
4 3 9.1079 5
5 0 1.1447 3
4 2 95.9394 0
2 3 69.0595 1
0 1 48.6383 3
5 3 62.889 1
2 4 12.6532 3
3 1 14.5891 3
1 4 50.9983 4
2 4 82.584 3
2 5 84.7068 3
3 4 25.1378 4
3 3 71.8885 4
4 3 76.072 4
4 3 39.8637 0
0 1 66.9334 1
2 3 9.0844 1
4 5 24.9815 0
5 0 4.465 0
1 1 42.8404 3
3 1 14.9951 5
3 3 76.0609 1
0 3 10.7259 5
5 4 47.6146 2
2 1 -9.436 0
3 4 77.2847 0
3 4 92.7233 0
2 1 27.8695 1
4 5 57.7193 3
4 1 5.1209 0
4 2 96.8287 4
1 3 71.6488 3
1 1 76.2546 1
2 0 17.4392 5
1 1 48.7401 0
4 4 0.891 4
5 2 52.967 4
3 4 61.0106 4
2 2 -1.6906 0
1 3 12.9442 1
0 2 71.7702 3
0 2 30.4341 1
1 3 29.3218 5
1 2 62.6232 0
2 5 80.1142 3
5 1 65.8398 4
5 2 50.6228 0
2 0 50.1821 0
0 4 27.9313 1
2 2 26.6424 5
5 3 84.4081 5
1 4 6.6787 2
1 2 33.6052 5
4 5 31.0385 5
5 1 83.3633 3
0 4 73.8496 1
3 3 72.63 5
3 2 16.1126 1
4 3 7.3599 2
3 0 20.5484 2
5 4 28.476 4
0 0 12.8604 2
3 3 51.1757 2
1 0 -5.645 5
2 3 25.1749 0
5 0 83.1645 3
1 1 68.3004 4
2 0 72.7068 2
5 4 35.2326 0
3 4 32.2668 1
0 0 77.8029 1
1 5 11.1436 5
4 0 25.7368 0
3 1 53.8141 2
5 5 64.1636 3
4 1 42.2649 2
1 2 37.3665 1
5 5 64.5038 4
2 5 60.6324 2
2 1 54.2078 1
2 0 82.7072 0
5 1 38.2056 3
5 3 53.78 5
1 2 87.373 1
0 5 16.4225 0
2 2 88.7512 1
1 3 46.2979 2
2 2 84.5561 1
3 0 9.5129 2
0 1 -4.6959 0
5 3 78.8092 3
4 2 63.122 3
3 4 -4.7258 3
3 4 -0.2774 4
4 5 -7.2595 3
0 2 8.3796 2
3 2 53.0975 4
3 0 5.447 1
0 2 -2.8492 3
3 4 5.6428 3
3 5 91.182 1
1 2 48.4804 2
3 5 2.6929 5
0 2 74.1823 0
2 2 74.9071 2
4 1 63.9975 4
0 2 8.5833 2
3 1 42.0204 5
0 5 20.2156 1
3 1 43.5517 1
0 1 71.171 3
1 4 3.842 1
5 3 42.366 2
5 5 46.8619 3
1 2 98.702 3
1 5 31.9639 4
5 1 31.5725 0
1 5 50.9462 1
0 5 -6.5755 4
3 2 45.7461 1
1 4 -5.2379 4
1 0 73.1319 0
3 4 52.4318 4
1 0 29.6077 1
1 1 67.5511 5
1 2 38.1503 0
4 0 99.9536 4
3 0 -6.4352 1
1 3 62.4741 1
5 5 12.4143 2
1 0 11.588 5
0 4 98.6717 1
3 2 34.6505 4
0 0 4.7999 5
1 4 76.0438 2
4 4 52.7625 1
5 0 -6.9728 4
3 2 32.4142 3
1 3 10.2288 2
2 0 58.4443 1
4 3 -4.5567 4
2 5 68.7237 1
5 4 76.6696 0
4 3 43.86 1
0 3 66.3492 0
4 5 82.7011 1
0 0 88.0386 1
4 3 25.979 5
2 5 -3.564 0
1 0 45.4092 5
1 2 44.1324 2
0 5 39.6413 1
0 5 86.6714 0
1 3 16.6461 2
1 5 -4.78 3
4 2 80.485 3
4 1 94.5809 0
3 0 6.4468 2
1 2 3.1207 4
3 2 43.9216 5
0 2 91.3265 4
1 5 66.0036 0
1 1 29.0452 2
1 1 73.4814 5
5 3 43.1243 4
5 0 68.2513 5
4 0 35.7634 0
5 0 24.5457 3
0 0 25.6355 2
0 3 93.5822 0
2 2 -6.9656 0
3 1 98.9399 4
5 1 30.0409 2
1 4 60.6621 0
1 4 71.8026 2
3 3 36.283 2
5 2 12.5197 0
2 4 91.7955 4
2 1 92.9899 2
2 2 4.2303 2
0 2 98.3388 3
3 2 31.5451 2
1 4 78.4009 1
2 0 14.6268 1
1 3 19.2319 3
2 2 58.8962 5
5 0 51.6626 0
5 4 -3.997 3
0 1 10.9184 0
5 4 76.5391 3
1 1 4.3167 2
3 0 -6.7165 4
3 2 75.3454 3
1 4 34.2717 0
2 1 12.1022 0
3 5 91.7471 4
4 3 5.9533 4
0 0 91.2099 3
5 4 7.3365 2
4 5 68.3531 1
1 3 57.6107 3
1 0 88.3563 4
1 5 -2.1641 5
5 1 49.493 4
4 5 35.0362 3
0 5 58.6238 3
1 4 54.6449 1
0 5 34.4698 1
