0 5 85.438 5
2 0 42.6218 2
1 3 86.9936 0
2 1 55.8373 3
2 2 37.6395 3
1 3 32.2651 2
5 0 47.2441 1
4 1 56.7001 5
3 5 40.8994 2
3 5 20.5482 1
1 5 -8.2357 3
1 0 68.0985 5
2 4 83.8115 1
1 0 90.6343 1
3 0 46.8081 4
5 4 82.392 0
1 2 49.7009 4
2 1 -4.4007 3
0 5 92.6459 5
4 5 16.0103 4
1 3 12.0859 5
1 2 56.2379 2
1 0 59.9368 1
1 3 7.3037 4
1 2 21.1945 1
5 0 -6.9508 1
4 3 34.798 1
2 1 31.2052 3
3 3 55.7516 2
4 4 38.3651 2
3 1 7.7166 1
1 3 82.1473 3
1 2 43.7473 5
3 4 51.9936 2
2 3 32.124 0
2 4 58.1634 4
4 3 72.3861 2
3 2 57.6113 3
2 0 19.324 4
5 1 60.0208 0
4 2 5.845 5
3 4 22.069 4
0 2 45.8568 2
2 1 98.1783 2
4 5 26.4438 1
0 4 0.8221 1
3 3 83.7797 2
5 4 29.1117 0
1 1 35.2531 3
3 3 19.8213 2
0 1 11.3636 0
0 5 91.9945 0
2 3 41.1097 1
4 0 86.0273 4
3 4 60.0802 2
4 1 76.0829 2
4 4 16.7454 3
4 2 65.131 2
4 4 -7.8303 3
0 1 23.8708 0
0 5 62.8646 5
2 3 63.9078 1
5 0 75.3279 1
3 3 11.3194 1
2 4 83.3333 5
0 3 18.1014 3
3 0 35.1703 3
1 2 54.2492 2
2 4 74.9438 2
2 4 96.703 5
1 5 38.8889 4
2 4 2.6561 3
3 0 67.0775 4
0 3 38.6862 1
4 2 51.8263 4
1 3 74.6812 1
0 2 57.178 1
5 5 20.151 4
5 2 69.4978 3
2 5 29.7214 0
4 1 86.7274 5
1 1 3.5456 2
3 4 38.6021 3
4 4 2.1815 0
1 0 38.9719 2
2 3 96.3815 0
0 5 80.0779 5
0 2 8.2705 4
5 0 70.8883 2
5 2 86.9283 0
0 0 74.9292 3
1 5 0.611 3
0 1 -7.8805 5
1 0 12.1126 4
3 5 33.6653 0
0 1 63.4046 2
5 0 92.5076 4
2 2 38.0476 5
1 5 94.8203 2
4 5 75.5326 5
5 0 18.0526 3
4 3 2.22 5
5 4 88.8448 3
2 5 19.1519 5
4 0 86.968 3
5 3 35.686 4
4 5 -3.2251 2
3 2 20.1412 0
0 1 18.8756 2
2 4 50.0636 1
1 1 0.4843 5
0 1 13.9423 0
0 5 13.8349 2
2 3 10.0296 1
4 5 19.5303 1
3 3 -4.2958 0
5 0 45.3078 0
3 1 0.4422 1
4 1 92.4791 3
5 4 51.7717 3
1 1 18.6781 5
4 2 42.9157 3
3 2 -8.8782 5
4 1 27.5448 2
5 4 88.7493 1
3 5 87.399 2
2 3 39.9782 5
3 3 89.1101 3
2 3 90.3091 2
3 1 69.4564 0
5 4 79.9951 2
0 1 79.0901 3
0 3 24.9982 2
1 2 -3.6207 4
3 2 24.7214 2
3 4 77.3684 1
2 4 62.1404 3
3 3 70.0796 1
5 3 33.0202 2
0 3 5.9331 2
1 5 65.1793 3
3 0 97.6882 1
0 4 76.1201 5
4 4 24.0304 3
0 1 35.9046 3
5 1 27.7308 3
0 4 -7.5942 3
1 4 75.4659 5
2 0 61.8714 4
3 1 75.61 3
1 4 77.5511 5
4 2 76.6218 4
5 4 9.3737 2
2 1 39.2786 3
0 0 79.8042 4
0 0 77.2003 2
4 4 5.1344 0
1 1 91.9162 5
5 3 54.0068 4
4 4 38.8123 1
2 3 91.3089 0
2 3 50.4061 0
4 3 96.1988 1
0 4 46.4793 2
3 5 -7.9894 4
5 4 1.8244 0
0 3 28.0138 2
4 4 87.486 3
5 2 0.921 2
3 0 89.1813 3
5 4 19.7891 0
1 4 -6.3804 5
3 2 35.3833 0
4 1 20.1708 4
1 2 95.9926 2
5 5 -0.9213 2
2 3 60.6299 0
3 3 60.8483 5
5 3 25.4362 0
4 1 15.0929 4
3 4 49.7166 5
4 0 21.4037 3
0 4 17.8847 1
3 4 54.1109 3
2 3 -9.4781 4
1 0 61.8258 0
0 4 88.2672 5
3 4 39.7416 0
0 5 31.1829 4
1 2 29.0847 1
5 2 -3.4581 4
4 0 -0.9691 4
3 0 -0.15 0
0 4 -5.7198 2
3 2 62.2055 5
1 5 1.2209 3
2 4 -1.6725 3
2 1 -4.677 1
3 1 95.0106 5
3 4 91.3949 2
0 5 65.6844 2
0 0 25.0507 0
1 1 -7.6989 2
5 1 90.5933 2
3 4 40.8692 3
4 1 26.4259 3
2 0 51.7595 2
0 3 84.6874 4
3 1 41.9342 3
3 0 68.5848 4
4 5 3.8156 3
5 2 47.2982 5
3 2 7.0693 1
0 2 68.3764 1
3 4 7.3896 1
1 0 5.936 5
1 5 98.0197 5
0 0 68.8125 1
5 0 15.461 4
5 4 52.8133 2
2 3 23.2031 2
0 0 83.3589 5
4 3 -7.4931 1
1 1 65.0399 5
1 1 56.8155 3
4 0 94.2442 3
4 2 -3.8379 4
5 3 99.51 2
1 4 72.7188 2
2 0 87.5372 3
3 3 49.7334 0
4 1 14.5649 0
5 1 88.8678 4
2 0 84.9394 0
5 2 93.5654 2
2 3 -4.349 2
4 1 21.8185 5
5 4 65.9608 0
1 0 75.1494 1
5 1 95.8193 3
2 3 1.7902 3
0 3 56.7714 2
4 2 39.6858 0
4 5 26.033 0
4 4 93.7957 5
0 3 57.3691 3
2 4 47.7779 0
2 4 14.3155 4
4 2 56.4154 1
4 3 67.0732 5
1 5 60.9523 2
2 5 49.5375 2
0 4 88.8693 4
2 4 69.2209 4
5 3 84.2683 3
5 5 78.3171 2
3 1 -3.8242 1
4 1 3.9809 3
4 5 12.9905 4
3 3 61.6788 1
0 1 57.0537 3
4 0 96.6875 1
4 5 62.8996 0
3 1 94.2637 2
5 0 96.4653 0
1 2 80.846 3
3 2 59.0948 5
2 3 -9.9574 5
4 4 42.8527 0
5 1 90.7071 2
1 4 34.6292 5
2 3 96.964 0
2 4 45.1277 4
5 4 -0.1026 4
4 2 64.3833 0
4 0 41.0101 2
5 0 9.942 3
3 5 5.5766 2
0 5 41.7895 5
4 1 -4.6006 5
1 4 40.2917 1
5 5 19.7536 1
0 1 30.7135 5
0 2 74.632 1
1 1 -2.6917 5
0 5 52.9754 3
4 2 43.1032 2
0 4 60.7104 2
4 3 78.0218 1
1 1 97.7671 4
4 2 22.0684 3
4 0 87.5418 4
4 1 2.7556 1
5 4 19.0769 0
1 4 28.6511 3
3 0 75.9523 5
3 5 99.2737 0
3 3 50.8089 2
2 0 22.904 3
3 0 88.5421 4
1 5 46.0189 3
3 3 14.4796 0
3 2 82.613 5
2 1 -6.8869 2
0 3 57.0528 0
5 2 24.5875 4
5 5 49.9568 2
1 5 -4.0843 3
3 1 35.0992 2
5 1 76.4939 1
0 4 50.6882 3
5 5 -4.6786 4
4 2 60.1232 0
5 0 93.7011 3
5 3 67.252 5
1 3 39.4129 2
0 3 -5.5899 0
0 4 93.1043 1
0 1 47.8828 5
3 3 45.1985 2
5 0 78.7275 1
4 3 68.8735 4
0 1 20.3047 5
4 3 97.6267 2
5 1 99.0316 0
2 5 80.7803 5
2 5 58.1664 0
5 3 86.8323 2
1 2 88.2017 5
5 0 46.5922 3
2 0 82.5981 5
0 0 19.1719 1
5 3 71.2834 0
3 5 31.0508 4
5 3 3.2798 2
4 5 88.0516 5
1 3 48.2559 0
3 3 83.5478 4
5 4 99.0593 1
2 4 -4.9928 2
1 3 54.2881 0
4 4 43.0066 4
0 3 87.34 4
4 0 30.7497 4
1 3 3.0648 0
0 2 -4.6596 0
0 3 87.8806 2
5 1 98.848 1
4 5 13.5611 0
3 0 40.1716 2
4 3 68.1457 3
2 4 71.0051 2
3 4 24.8613 3
1 1 11.5301 5
4 1 50.5269 2
2 1 17.3333 5
1 0 63.5131 1
5 1 -4.8694 2
0 4 -8.5551 1
4 5 84.8948 4
3 5 60.5514 4
3 4 13.3283 5
5 0 25.2109 0
2 2 61.4767 5
0 5 -2.7942 1
0 4 94.2828 2
4 0 3.1688 1
0 5 43.4924 0
2 4 6.9617 2
2 5 25.8218 2
5 3 76.7679 2
1 5 99.0751 0
1 3 59.7712 3
1 2 88.8167 3
5 0 18.1084 5
5 4 -8.5169 5
1 2 82.3758 4
4 1 36.2341 2
1 2 57.5377 2
5 5 60.8889 2
0 0 96.4808 2
5 2 23.2321 4
5 2 2.7761 3
2 3 -9.1579 3
5 1 3.2322 1
2 4 45.4763 1
5 0 70.3566 1
2 5 46.0949 3
0 0 69.4504 1
4 4 29.5941 2
5 0 52.3215 2
0 0 11.6761 5
3 1 21.5388 4
0 1 76.0372 2
2 4 8.9025 0
3 5 75.0939 2
5 0 61.6426 5
0 5 5.418 2
1 0 3.4555 0
2 4 -8.127 5
5 0 22.8624 2
5 3 64.3345 3
2 2 22.1376 5
2 3 35.4422 5
4 0 34.3015 2
3 3 53.1938 4
1 4 6.245 5
1 2 77.875 3
2 5 99.027 3
3 2 95.8819 0
4 1 -0.36 5
3 0 27.2884 3
3 1 63.8546 0
4 0 72.4873 4
1 1 99.725 1
5 2 32.5964 2
3 1 51.2502 1
3 3 -0.8534 3
4 4 79.4408 5
3 1 30.2442 0
4 4 95.0624 1
0 3 94.9219 2
5 5 25.6742 4
4 1 23.5596 0
1 2 27.2962 3
0 2 30.8417 5
0 5 70.4387 2
0 1 97.2008 1
0 1 9.8005 2
4 0 88.2343 1
2 3 0.032 5
1 3 52.7907 0
5 4 53.303 1
2 3 94.305 2
3 2 76.7031 2
1 5 80.6803 3
4 5 3.2662 5
1 1 80.892 4
3 1 87.6016 4
2 5 96.2658 1
1 1 73.4875 5
0 4 67.1289 2
4 1 92.1893 2
1 2 55.858 0
1 4 9.2646 2
5 1 52.7845 5
3 4 25.5385 4
4 2 1.8019 5
0 2 95.8295 5
4 4 70.6752 2
4 2 90.89 2
2 0 53.1312 4
2 2 87.4746 3
4 0 96.7809 2
2 5 76.4961 0
2 4 88.9164 0
5 4 -5.1963 2
2 3 59.9394 5
4 0 29.0018 2
4 2 79.5964 3
3 2 45.4102 0
0 4 98.8242 2
4 4 46.6143 0
4 0 58.7262 2
2 5 41.8866 0
2 5 91.0535 5
0 3 7.3921 4
1 4 88.7405 4
4 5 61.3357 0
5 5 -9.0596 1
0 2 57.2475 2
0 5 61.3223 5
1 2 99.4842 3
4 3 23.1917 4
3 3 95.8257 4
4 4 71.0644 3
3 4 29.5711 5
2 5 21.8451 4
3 2 70.1956 0
2 1 28.0675 5
5 4 78.9486 0
4 2 38.679 1
3 1 49.7775 5
5 5 24.1062 4
0 0 50.821 5
1 1 78.4917 5
5 2 12.5032 0
1 2 -5.4853 3
2 4 10.3114 2
5 3 21.3597 5
3 4 84.674 0
2 2 46.4409 5
2 0 49.8366 3
1 2 12.0815 3
0 2 11.7554 4
0 3 67.4569 5
0 0 31.0506 5
5 5 97.7619 0
1 2 54.1504 2
0 4 68.5946 3
1 2 85.8577 5
0 0 16.4354 1
2 3 77.8681 4
2 4 48.1775 2
3 0 10.5547 5
3 0 -5.1947 3
4 3 31.5051 2
4 2 5.2834 4
4 4 34.2239 3
2 4 11.0837 2
4 3 26.5268 4
3 0 89.533 2
0 4 50.6781 0
1 0 1.9482 4
3 1 73.2574 3
5 3 94.688 3
4 0 31.9374 0
4 5 -1.0092 1
0 0 15.5226 4
5 3 87.4796 0
0 3 89.5526 5
2 0 31.1036 1
3 4 3.7642 1
4 5 -4.6692 3
3 1 93.4125 2
3 2 85.6049 0
4 0 2.1562 5
2 1 69.4397 4
4 1 73.1068 0
0 2 31.8626 0
5 0 45.6411 1
3 4 20.3445 1
0 3 -8.7921 5
1 4 4.1144 3
1 5 19.096 2
0 2 66.9933 5
5 0 99.5819 3
4 0 37.0759 4
3 0 16.3945 4
1 5 26.887 4
0 2 47.2607 2
4 0 51.6424 3
5 1 44.1467 3
4 5 83.7916 1
1 2 51.7233 5
0 0 60.7733 2
2 1 29.5433 5
4 1 60.653 4
3 1 34.5848 3
1 1 27.5997 1
0 4 6.9824 0
4 2 1.2298 2
0 5 4.8643 0
1 4 24.6988 0
0 0 40.1994 4
0 2 47.9893 5
4 3 2.8362 5
4 0 19.3238 0
3 5 42.9231 0
3 2 7.4103 2
1 2 66.217 4
2 2 10.391 2
0 3 -8.4429 3
1 4 59.9885 1
5 1 33.7595 2
5 2 35.0277 0
0 0 -8.1458 4
5 4 54.3973 3
1 3 76.5591 1
2 4 26.4816 4
4 2 7.7733 0
5 1 73.9383 1
5 3 89.1841 2
5 4 47.9733 0
3 4 0.2225 1
3 1 70.8134 3
0 2 82.4558 5
5 4 79.9454 2
3 2 26.4645 0
1 5 -6.2715 5
4 3 -7.03 0
0 0 98.0496 0
3 0 54.7019 3
3 3 90.5995 2
2 3 31.1448 3
4 4 17.1639 3
1 4 56.009 3
4 3 -9.665 3
2 4 25.4529 0
0 3 44.6837 3
5 3 -7.6875 1
2 4 55.088 0
0 0 26.9113 1
3 1 85.6423 2
3 5 55.649 2
0 1 75.9356 5
2 4 3.4219 2
3 0 85.6435 1
0 3 82.1001 4
1 0 21.6945 0
5 2 76.0773 2
2 1 52.2938 4
3 5 64.2255 0
5 2 24.5038 3
3 1 16.7995 0
2 5 5.6425 2
4 5 29.7338 4
5 3 24.3352 5
1 5 71.3525 0
4 1 32.784 4
1 1 25.6291 3
1 5 -2.956 5
4 3 28.9819 1
5 3 81.0454 4
0 4 -9.0566 4
5 1 90.8434 1
2 5 60.0488 4
4 5 22.7266 4
3 1 15.8781 4
1 3 66.1064 0
5 4 65.8969 4
3 1 7.2674 0
3 1 4.8173 4
0 2 65.4278 1
2 0 -4.0487 1
0 0 57.5886 0
4 5 86.2655 1
4 2 27.9817 4
4 2 1.9077 4
1 0 60.4106 3
2 2 79.4254 2
4 1 9.3845 2
3 5 -7.1616 0
2 0 16.7931 4
5 0 48.0607 1
3 5 1.0381 3
2 5 49.9963 0
2 4 14.5302 5
2 5 30.6828 1
5 2 71.7482 4
1 0 -4.7539 1
5 3 10.2995 3
1 2 48.1243 3
5 0 -1.7781 1
0 0 58.0289 4
1 3 -4.1584 0
0 1 -6.9479 2
2 1 -5.4856 2
4 2 62.2539 4
5 2 51.1673 3
1 1 78.5001 0
3 0 25.9543 3
3 4 39.0958 4
0 3 80.7528 4
0 2 93.088 3
1 3 8.9829 1
0 3 85.8448 2
1 1 10.1495 3
4 3 31.3695 4
3 5 -4.1795 5
0 1 89.1827 5
1 2 88.0567 5
0 1 -6.077 3
3 5 51.9498 2
5 1 -5.4637 4
0 5 -6.3167 3
4 3 4.8969 0
0 3 68.8289 5
2 4 96.2098 0
2 5 -0.3653 4
4 2 86.7161 4
0 4 63.574 0
1 4 77.9555 1
0 1 53.4865 3
2 2 25.556 2
2 5 40.8265 3
0 3 15.6811 1
2 1 42.8848 3
5 3 39.2464 3
5 3 37.3357 0
2 2 29.1842 3
4 5 83.778 5
4 1 88.6011 4
4 1 22.1961 2
5 2 4.6152 0
5 2 22.6216 5
3 5 62.7348 5
0 5 7.9442 1
5 5 63.6591 3
4 3 10.8114 5
5 4 99.1333 0
2 2 42.9887 2
2 4 56.755 1
3 1 41.7273 2
0 3 15.5559 1
3 1 98.8018 3
0 3 85.3345 0
1 2 30.323 4
0 0 2.084 3
0 3 35.4468 2
3 2 49.8838 5
0 0 78.7786 4
2 4 4.6762 1
2 3 94.3334 2
0 1 31.8229 3
4 0 88.2167 3
5 5 26.9062 3
5 3 85.1763 3
5 1 -4.1543 5
4 4 35.9358 1
4 3 75.495 1
0 4 33.1096 5
3 2 9.7847 0
4 0 50.2127 1
2 3 -6.5369 2
3 4 81.8954 0
2 3 36.5693 0
4 3 19.2306 4
5 3 34.6984 0
3 3 2.3634 1
2 0 8.129 1
3 5 36.7879 5
1 5 83.4575 2
3 0 50.49 0
3 3 94.9316 0
5 3 49.0253 3
0 4 19.7495 5
1 3 10.5253 5
2 4 86.9611 4
1 2 65.7681 2
4 4 43.4221 2
3 4 84.4322 0
4 3 29.1278 2
2 0 54.0665 4
4 1 33.6458 1
0 4 90.4028 3
1 1 91.5145 5
3 0 41.8464 4
0 2 87.5247 0
3 2 72.1519 2
1 1 74.938 5
2 5 16.6103 3
1 4 81.8632 4
0 0 9.9132 0
2 5 22.5782 0
4 4 55.2081 2
1 2 38.2225 2
0 5 95.3811 0
2 1 33.3859 1
3 0 2.2746 4
3 5 96.8317 0
0 1 18.8729 3
0 0 -8.7326 1
3 1 69.5215 4
3 5 38.6985 3
3 0 62.206 4
2 2 38.1826 2
1 3 48.8374 2
3 1 5.0339 3
4 5 3.4306 1
1 2 77.936 4
4 1 64.8172 4
5 0 51.7908 1
1 0 37.3519 2
3 2 14.1195 3
3 3 79.4633 5
3 4 61.1912 1
0 2 20.9099 3
4 2 0.8738 1
4 2 54.384 5
5 0 39.744 1
4 0 20.7579 4
1 1 0.3328 3
0 1 82.2706 2
5 5 57.977 3
0 2 22.409 4
3 2 65.738 4
0 0 -8.5471 0
2 0 37.0428 2
4 5 6.1184 3
2 1 37.9596 3
0 0 90.6307 3
1 2 84.5083 2
5 5 24.706 0
3 3 62.3809 5
3 1 -2.2254 2
5 5 10.8798 0
4 1 16.4066 2
2 0 98.0408 4
0 4 4.9191 2
0 1 -4.7924 2
1 5 62.5215 3
2 5 99.5167 4
3 1 37.643 3
2 0 81.1999 0
4 4 40.0336 1
2 5 18.6539 0
3 1 25.7547 3
5 0 82.5928 1
2 4 -9.3458 5
0 0 36.7003 1
2 0 37.7299 4
4 5 25.4646 0
3 0 17.2571 4
1 3 66.7134 0
4 3 59.9862 4
3 1 38.9853 5
3 1 66.0048 0
0 4 8.6874 3
5 4 65.2647 5
5 5 10.7646 4
0 2 58.8352 2
3 2 -3.3029 1
4 1 90.1158 4
2 3 94.4823 0
0 1 86.1943 2
0 4 99.9001 4
3 0 72.5015 0
5 3 27.9915 2
4 2 -3.1626 0
3 0 37.3652 4
1 4 67.985 1
3 3 98.8644 4
2 3 40.8718 5
3 0 49.0578 5
3 0 93.5724 5
0 2 2.0155 0
0 2 59.7022 1
4 2 51.6668 2
0 1 8.2889 1
3 2 75.6606 5
1 3 61.935 4
0 1 91.5675 2
4 5 67.9864 2
4 0 15.2329 4
5 3 79.5609 0
5 4 49.9833 2
5 1 -4.9802 0
1 3 6.5106 2
2 0 98.6736 0
2 1 -5.9964 0
2 2 92.9254 4
5 2 88.5546 1
0 3 91.4672 4
1 4 15.7351 3
5 2 3.0008 2
0 3 91.1157 0
3 5 63.9521 1
2 4 66.71 3
0 3 -4.2541 5
4 1 89.4436 3
2 1 31.6694 1
3 2 23.3699 0
0 0 91.1781 5
0 5 -0.51 2
4 3 99.3727 0
2 4 45.6651 0
3 0 83.1974 0
4 0 64.8248 1
5 1 73.7598 0
5 3 12.9843 1
0 0 10.1233 2
3 5 3.2246 3
0 4 91.9464 4
2 0 17.9702 5
3 5 6.8663 4
0 4 15.31 4
0 1 98.0777 0
2 5 27.6402 1
0 3 -8.2567 1
5 0 39.4221 0
4 2 35.5168 5
3 5 9.2892 3
2 1 8.9154 3
0 1 58.1394 0
1 3 36.2186 4
5 2 33.3573 3
3 0 42.7709 2
4 5 71.8587 4
3 0 -3.6994 1
4 0 1.7691 4
3 1 91.2851 0
5 2 41.549 1
0 2 55.5282 3
1 3 9.096 5
5 5 95.5061 4
0 1 30.7505 4
5 4 36.7867 2
1 3 -9.2473 1
5 5 50.7296 1
0 5 76.7498 3
0 2 83.2823 5
3 2 58.4601 3
4 1 24.5541 3
5 3 25.2051 5
2 3 34.9021 1
0 4 97.1462 2
2 2 40.842 4
3 2 -0.6125 3
2 4 82.9201 4
5 2 99.6634 3
2 0 40.6003 5
4 2 4.235 0
2 3 47.0151 2
3 0 8.1974 1
0 1 61.016 2
4 4 3.7892 5
4 4 9.3817 2
4 2 72.7497 2
4 3 82.3322 0
0 5 75.508 5
5 0 -0.1609 5
2 2 43.7918 3
2 1 98.6571 5
4 0 60.2979 0
1 1 47.2567 2
3 0 78.6219 4
1 5 -1.7443 4
3 4 10.5109 0
5 4 28.9814 5
5 2 28.7816 4
1 0 14.3925 1
5 2 10.2116 3
2 2 38.4985 4
2 2 66.9989 1
2 1 31.6866 1
2 5 62.4831 4
2 2 35.5779 4
0 0 30.8508 3
1 4 26.9107 2
0 0 57.0959 0
3 0 93.339 0
4 2 68.8276 2
3 5 18.2627 5
1 5 50.5778 4
4 2 -0.6179 3
3 2 55.2151 4
2 2 42.5528 2
0 2 32.4701 5
5 3 5.5183 5
0 0 51.97 0
1 5 73.2418 0
2 1 -0.2588 2
3 2 43.7493 2
4 2 29.7524 0
4 1 56.4633 4
3 2 99.2856 1
5 4 3.2156 3
1 1 20.3139 0
2 2 87.1353 1
2 5 78.1912 4
5 1 66.5496 5
0 1 75.0267 5
3 4 -5.4626 1
4 2 71.4298 4
1 2 71.3453 4
1 5 84.7625 4
2 3 95.8424 4
5 5 58.7767 1
3 5 45.7076 5
0 4 3.6401 4
5 2 36.4107 2
4 5 4.4567 1
5 4 -2.384 2
0 0 5.2769 4
0 4 92.6913 1
2 3 4.9553 4
2 4 14.7435 3
3 0 65.0453 0
5 4 71.7912 5
2 3 45.9191 3
1 5 42.6731 0
4 2 9.8158 4
1 4 89.6839 5
0 3 30.3841 3
3 4 -7.6798 0
2 2 47.7634 4
3 0 43.8648 5
3 1 73.5461 1
0 3 6.9243 3
4 4 70.3709 3
3 1 58.567 2
1 2 55.2411 1
2 0 43.4297 1
2 0 83.7331 3
4 0 4.0028 3
0 2 56.2966 3
4 4 51.9252 4
0 0 97.4195 1
3 4 51.1332 5
4 4 32.6382 3
4 4 47.0948 1
1 2 32.5208 0
0 2 -4.4532 2
4 1 0.5269 2
4 4 7.1795 2
2 1 43.4231 4
4 2 -7.103 1
4 4 0.6154 1
4 3 73.5582 1
