4 3 20.0654 5
5 3 61.1969 0
2 1 53.9269 1
2 5 93.8039 5
5 0 51.4186 5
1 2 -7.6881 0
2 1 -6.9656 3
3 2 43.7466 3
3 0 62.9941 4
4 4 49.1645 1
4 5 4.2512 2
0 1 82.783 0
3 3 1.3821 3
3 0 30.1952 4
1 1 27.2639 2
3 4 58.704 3
1 5 38.085 2
3 5 75.001 1
1 1 5.243 2
4 3 70.4853 5
1 4 76.2649 4
2 0 79.0177 4
0 0 98.8062 3
2 3 41.035 0
4 5 3.6119 0
2 3 20.6469 2
3 1 53.1457 3
1 1 29.0745 1
2 0 53.3718 1
1 2 20.1447 1
5 5 48.7713 1
1 5 36.0727 3
0 3 25.1294 2
1 5 -5.2321 5
0 5 -7.0723 3
2 3 91.7092 4
1 5 32.005 2
5 5 13.2108 0
5 1 63.7228 3
2 4 82.0173 1
4 4 88.0045 0
1 3 98.4682 2
2 2 4.3871 3
2 2 89.3706 3
3 1 24.5501 2
0 0 64.3167 1
2 3 30.6089 0
5 0 29.0178 1
1 0 70.6511 4
0 1 11.4314 2
4 1 35.8934 5
0 2 88.3012 2
0 5 42.768 4
3 2 53.6103 5
4 3 51.1868 3
4 3 26.0659 1
2 2 7.2579 5
3 0 48.9078 2
4 1 24.3841 1
2 0 43.9466 0
5 4 32.2228 3
1 2 57.1791 2
4 0 42.1524 1
2 5 44.412 0
3 5 67.9169 0
3 3 28.9796 3
5 4 -3.4281 4
1 5 33.1389 0
4 1 88.9758 1
5 3 28.6873 4
1 5 -2.4995 4
1 1 16.7102 5
3 1 7.0012 4
3 0 18.7942 5
1 1 10.7649 3
4 4 34.7418 5
4 2 24.9979 1
2 2 21.1011 1
1 3 26.5155 3
4 5 83.7338 3
5 5 68.0868 1
4 4 94.7705 1
5 4 64.3314 5
5 5 96.91 0
1 4 55.1015 5
3 4 45.1952 0
0 2 86.1154 3
1 4 51.7872 3
2 5 37.3161 3
1 0 89.4705 5
1 0 16.9468 4
3 2 92.0161 4
2 5 2.3709 5
2 2 3.3353 4
4 2 13.1685 3
2 3 88.0884 4
5 0 49.8528 1
4 4 49.5575 1
3 1 87.5352 2
0 1 52.4279 5
0 3 63.1533 2
2 0 70.2846 3
2 0 28.754 3
3 5 86.2475 0
3 5 49.7974 0
0 3 98.6784 3
0 5 7.702 1
2 2 86.1996 1
5 2 80.1335 4
0 2 -3.7707 1
0 1 68.8495 2
5 4 3.0609 3
5 2 97.4685 1
2 1 -7.1341 1
1 0 -5.5861 3
1 4 60.3202 1
2 4 42.2064 0
4 3 1.1744 2
0 5 10.9678 4
1 5 45.4405 0
3 5 63.0976 1
0 1 44.7325 5
1 4 25.3089 0
3 3 42.5863 5
3 1 42.172 2
3 5 78.8189 5
5 5 31.3269 0
1 1 22.4931 1
0 2 10.2498 0
5 2 13.7943 0
4 5 78.6683 2
2 4 73.0171 5
2 0 32.6646 2
5 0 77.5051 0
1 3 58.3175 5
0 1 19.9991 2
4 4 82.8319 0
3 2 93.4665 3
3 1 26.1117 0
2 5 24.2912 4
1 2 79.885 3
2 5 -3.441 4
4 2 81.3308 1
3 3 93.0511 3
1 0 46.1384 4
1 0 -4.9019 4
5 3 26.735 5
0 4 21.9256 0
2 0 8.0811 5
0 0 66.2822 0
3 0 -6.9597 4
2 5 60.1814 5
1 5 -9.2722 5
5 0 50.8143 3
0 4 38.488 5
5 4 46.7566 2
3 0 49.5348 5
2 2 71.5928 2
4 3 5.6705 5
5 5 27.6034 3
2 5 77.5711 0
3 0 6.8343 4
1 3 -3.7931 1
1 2 84.4314 4
5 4 40.0377 0
4 1 75.3526 4
1 4 91.7458 1
2 1 15.8274 5
3 3 87.2664 3
5 4 49.7056 3
3 0 90.0832 2
5 4 11.8701 2
3 5 -6.2046 5
3 0 15.0452 4
0 2 33.2351 3
3 3 10.291 0
0 0 9.8039 1
1 3 38.5698 5
5 2 47.4286 3
0 2 45.084 5
0 4 56.7014 0
0 4 -3.1839 3
1 0 61.5718 5
2 0 39.0578 4
5 5 27.2392 1
3 0 9.3663 0
4 1 90.1264 0
2 4 57.7565 1
2 3 78.4324 1
3 0 18.6055 4
1 2 92.3992 3
3 4 70.6204 4
4 4 64.7738 2
3 1 21.8617 4
5 4 98.2194 1
1 4 10.0875 4
4 1 77.104 4
4 1 90.6689 2
4 0 24.4733 4
4 1 2.7661 3
0 3 13.4374 2
2 0 57.2452 5
5 3 14.5577 2
0 0 14.8633 1
4 0 51.0545 5
0 0 47.4871 0
3 5 74.7032 2
5 3 82.1971 1
0 0 76.1513 5
2 3 88.7636 2
3 4 35.5779 3
1 4 16.8631 3
5 1 9.2604 2
2 5 76.3063 1
5 4 44.1186 4
2 0 2.4282 4
4 0 41.9988 0
0 3 63.6664 5
4 4 26.2077 5
2 4 84.2019 5
5 2 37.9786 1
5 2 10.0138 0
4 3 29.3015 5
4 0 85.0448 3
5 5 87.2298 5
0 2 91.5151 3
1 3 7.902 0
2 4 55.755 1
0 2 50.6519 0
2 0 21.5461 4
3 1 41.011 0
1 5 78.6404 2
5 4 63.0232 0
5 0 33.4892 2
3 5 40.5191 5
3 3 86.9358 5
1 3 26.9043 2
1 4 39.9044 2
3 2 -3.9662 3
2 4 79.2536 5
3 5 95.4254 3
4 4 -6.6385 5
5 2 10.2362 0
4 0 56.1936 0
1 2 42.6277 4
1 2 89.2324 0
5 4 37.1956 1
1 5 87.2561 2
3 0 60.6674 3
5 4 57.762 0
0 5 99.0199 2
5 2 82.4325 4
0 1 25.682 5
0 2 13.274 2
1 0 89.3104 3
5 2 39.4316 4
0 2 82.4897 1
0 0 58.222 2
3 1 42.4479 1
3 0 16.9623 4
2 4 49.0567 2
4 0 22.6278 4
4 3 -8.2145 4
3 5 5.4569 4
0 1 50.5453 0
3 2 -9.3139 2
5 4 -3.1139 3
0 4 21.7216 0
4 0 74.0689 5
5 4 4.4124 5
3 3 26.7034 1
0 1 98.4454 5
2 3 40.6854 3
4 3 12.5235 5
5 4 15.9117 0
5 2 56.8797 1
4 2 80.9922 1
1 0 53.5953 1
2 1 -8.9965 4
0 1 -0.1532 5
3 1 98.8306 1
2 0 79.8973 0
1 5 51.2259 3
3 1 88.4506 4
1 5 18.3595 2
5 3 30.2921 0
4 1 43.1758 4
2 3 0.1858 1
5 3 22.1373 0
1 0 24.8586 4
0 0 1.7657 3
4 4 57.7207 0
1 3 13.6085 3
3 1 49.8066 4
3 5 88.9029 2
5 2 27.7133 3
3 0 95.8141 5
2 4 25.7407 4
2 4 31.6411 3
4 0 83.1503 5
0 1 22.3698 5
0 4 45.4653 2
1 2 23.261 1
4 5 84.9957 3
4 0 38.4012 5
4 1 34.5775 5
5 2 50.5924 4
1 2 -5.959 5
2 4 68.4744 0
3 3 79.884 1
0 5 40.3531 4
2 2 24.6396 3
0 1 87.6479 4
3 5 95.8398 0
1 1 92.2146 0
2 0 -9.9411 0
0 3 19.4694 0
0 3 -9.508 2
0 0 37.7347 4
3 2 20.8979 1
1 3 88.9026 5
3 1 -0.9378 5
0 3 77.8405 1
4 0 82.1768 3
3 1 31.4393 5
1 0 7.4295 0
4 1 76.6042 5
5 3 32.6419 3
2 1 44.3573 0
4 0 39.4757 3
1 1 76.3082 1
3 4 20.2548 3
5 4 74.4882 3
4 5 6.8259 1
3 5 12.9811 5
2 4 50.5925 0
3 2 94.6894 3
4 2 36.244 3
3 5 -9.4765 3
0 3 59.4542 0
3 5 -4.3175 4
4 5 8.5783 4
0 3 44.6277 4
1 1 73.9153 5
0 3 90.719 2
0 0 97.7578 4
3 5 88.592 1
3 5 40.0544 5
4 5 9.2136 0
4 0 47.9795 1
1 2 9.6837 0
5 4 35.5312 3
3 5 90.8977 5
2 5 95.1339 0
4 0 28.3392 3
0 0 66.2845 4
0 5 62.9176 3
4 5 98.7042 2
2 0 5.0264 3
2 1 97.3209 1
4 5 50.1245 3
2 3 50.8535 1
0 1 16.6377 2
2 4 -9.7446 1
1 4 -6.7721 3
3 5 -7.6317 0
4 3 83.5285 3
3 0 48.9436 0
4 4 81.7697 4
3 0 65.7154 1
3 4 47.3891 4
4 4 -5.2441 1
5 5 9.4743 5
1 5 14.4401 2
2 3 15.8831 2
4 2 53.9953 0
4 4 3.7012 2
2 3 98.3816 1
5 0 98.1102 0
1 2 22.4107 3
2 5 53.5974 3
3 1 9.8185 5
3 2 90.9665 5
2 5 86.5889 3
2 0 21.8521 1
2 2 11.106 0
4 0 15.627 5
5 1 3.0865 4
3 2 58.1699 4
0 5 82.3566 3
1 5 24.8411 1
1 2 8.0685 4
2 5 84.006 2
3 4 85.0466 1
3 3 94.0086 1
5 0 76.5566 2
5 5 -4.3438 2
1 5 36.378 1
3 1 69.3356 1
3 1 42.7013 5
5 4 53.0148 2
3 0 93.3536 4
5 5 15.6955 0
2 1 90.8734 4
3 0 20.0258 1
1 2 38.8267 4
5 2 11.5318 0
1 3 -9.5519 0
0 2 -8.3071 5
0 3 -8.5445 3
2 0 23.2574 4
1 3 30.9145 1
5 1 24.9077 1
5 0 54.3311 5
2 0 95.8776 0
2 2 8.6533 1
1 2 69.905 5
2 0 29.1603 4
0 3 6.0596 3
3 3 -2.3808 2
4 1 28.7263 4
0 3 95.5857 2
1 0 68.9828 3
0 0 99.4904 5
3 1 37.3423 1
3 2 8.8111 1
0 2 22.9627 2
2 0 80.2779 3
0 0 12.5651 0
1 1 26.8231 3
5 5 19.9231 3
5 4 48.0286 0
5 0 92.9618 5
0 4 29.4035 1
4 1 93.2835 3
5 4 77.068 1
3 2 36.852 5
4 1 16.1762 1
2 1 34.0015 4
2 1 82.5227 5
3 4 92.241 1
2 4 70.6879 0
1 0 17.5237 5
2 5 91.9794 1
5 3 37.6726 3
2 1 78.8683 0
3 3 64.2879 5
4 0 84.7718 0
0 4 49.8048 0
1 0 36.7073 1
2 3 16.6423 1
3 2 12.1121 4
4 1 21.5607 1
5 5 39.4972 5
3 0 95.0534 4
4 2 62.6753 0
1 5 15.6752 4
0 1 93.8569 5
2 4 60.8763 1
5 3 79.9497 2
3 5 -8.8433 5
1 4 26.241 2
2 1 13.6779 0
2 5 88.5382 3
1 4 97.4031 1
2 5 15.4733 4
2 1 73.5749 1
2 4 89.9517 1
4 5 56.03 3
4 1 86.5294 3
1 0 44.1365 0
1 1 83.8202 0
0 5 84.1063 5
0 2 -0.7119 4
4 1 68.6222 5
2 3 15.7016 2
1 1 54.5625 4
3 4 93.9076 1
2 5 14.914 4
0 4 90.8621 1
0 1 83.5762 2
2 4 73.9856 5
3 2 5.2315 3
1 0 99.626 3
0 1 63.206 5
2 2 43.1981 5
1 3 13.727 3
0 4 -3.5149 4
0 3 37.0914 2
3 4 71.9753 5
0 0 93.4636 4
4 5 76.1692 2
4 5 21.2227 1
2 2 -8.1 0
1 4 18.6562 1
5 3 4.1696 5
5 0 45.4708 1
5 1 83.002 2
4 2 46.1924 3
3 3 54.6425 3
0 0 71.0473 1
3 3 48.0502 5
2 5 88.2597 4
0 3 44.5482 4
1 3 39.4884 1
4 1 -8.209 1
1 2 95.5836 5
5 3 46.7937 0
3 3 17.8358 4
4 2 90.1441 4
3 3 2.3889 4
2 5 35.1133 1
1 2 33.5366 0
5 4 68.0344 0
4 4 35.6394 2
1 0 26.8516 5
4 3 -8.4497 2
0 4 63.38 0
3 4 36.2375 1
5 2 31.3515 2
1 2 4.8972 5
5 5 39.0291 3
4 5 75.5678 4
5 5 74.1087 5
2 0 22.8231 2
5 2 19.1484 5
4 5 91.0733 4
5 5 -8.6309 3
5 2 75.2513 5
3 0 41.3639 3
1 5 76.3791 0
1 1 -4.2666 0
3 5 14.4935 5
4 4 36.7412 2
3 2 3.6499 4
4 4 53.5039 0
0 5 81.769 2
3 2 34.914 1
4 4 -5.9306 3
4 5 44.7986 2
1 1 96.4395 4
5 5 21.9927 1
0 2 78.1665 0
4 4 2.5524 3
1 4 32.7405 3
2 0 18.2188 3
2 0 48.7098 2
5 1 72.0126 3
2 2 89.8462 5
3 3 43.4882 0
3 3 1.4605 2
5 0 29.464 5
2 2 33.983 2
0 5 15.74 2
2 5 3.1233 5
2 0 41.9755 0
0 3 67.4459 0
4 1 -3.2032 5
3 2 29.8876 0
5 4 44.7228 4
3 2 57.3334 1
4 3 1.4861 5
4 4 -1.8434 1
4 2 56.9003 3
0 1 2.9944 1
5 4 -3.9058 3
1 4 7.6377 3
0 5 63.9467 4
0 4 81.4918 1
0 5 21.9264 4
2 5 81.9809 3
4 5 8.7145 1
0 2 33.9196 0
3 3 71.094 5
4 0 17.4292 5
2 0 57.4603 1
4 1 63.4445 5
5 5 8.7537 4
0 0 50.4454 3
3 5 8.3865 3
0 2 65.2378 0
2 1 75.1918 1
4 2 11.574 0
0 4 -3.5386 5
2 1 32.874 5
1 4 29.6405 2
3 3 43.8498 0
5 4 33.2349 1
0 0 7.7853 0
1 3 3.6345 4
5 4 77.8902 5
5 3 57.1334 3
5 5 66.8586 1
5 4 88.5715 0
5 5 15.4801 0
3 4 77.0136 4
5 1 5.0217 1
0 1 -8.5438 3
0 2 43.9981 4
4 0 42.8056 4
4 1 21.9135 2
1 4 -4.8455 4
5 0 10.6056 1
4 5 -4.6313 5
0 5 78.5264 1
2 2 81.5858 1
0 4 11.3823 4
2 2 48.5199 5
4 3 16.0943 1
3 5 17.0803 4
0 3 65.3495 2
2 4 46.4717 2
3 2 92.6646 1
2 4 59.8593 4
5 2 91.6575 2
2 4 61.1814 1
4 0 33.7828 5
1 0 52.6676 1
4 3 85.1473 4
0 0 53.0347 1
1 3 87.7275 0
1 3 -7.5119 3
0 2 32.0065 2
2 3 66.0128 3
0 3 -7.3668 2
0 1 99.9517 2
2 1 14.7929 3
1 4 -4.6852 0
1 3 13.3424 2
3 3 73.0404 2
4 3 39.893 5
0 3 2.4033 4
3 3 77.6354 4
1 5 50.8682 4
3 4 26.2612 1
3 2 39.6958 5
5 0 5.0572 1
0 1 91.3622 2
2 5 40.4487 0
5 4 4.4473 2
4 0 21.1215 5
0 3 47.4485 0
3 5 -6.0444 3
5 2 -5.3259 5
0 2 24.5124 2
0 5 82.125 3
0 0 27.1513 3
3 5 61.6774 1
2 5 95.6162 0
2 2 92.4862 3
4 3 72.1082 1
2 2 10.9513 4
5 4 57.1087 4
2 2 88.7744 0
4 4 16.2731 1
3 0 91.899 2
0 3 48.1852 3
2 3 95.9993 2
3 4 57.5288 2
3 1 35.0183 4
5 1 61.7182 1
1 5 70.4655 1
4 4 50.6385 3
0 5 63.7368 0
3 5 96.7133 0
2 5 50.6365 3
2 5 37.563 4
0 1 7.8043 5
5 2 20.5119 1
0 2 57.3246 4
3 2 20.8574 0
2 3 86.7682 1
3 4 13.1578 3
1 0 32.3818 2
5 0 10.8187 0
0 3 58.7701 3
1 3 40.294 5
1 4 31.1309 2
2 1 46.4188 3
0 5 68.0042 1
2 0 6.0145 5
1 1 66.0217 2
2 1 77.8206 3
5 4 7.1677 2
5 3 21.316 5
3 2 61.0332 1
3 0 0.6139 1
4 1 80.1888 1
2 0 -7.837 1
5 4 61.278 3
4 4 93.098 3
5 4 88.8291 2
3 0 17.0822 4
3 5 28.2068 5
4 2 77.8133 4
1 5 76.1878 0
5 0 77.1388 0
1 0 9.0823 3
4 0 14.3402 4
2 3 5.7175 3
1 5 8.7556 0
1 0 63.0268 3
1 1 46.2439 3
2 5 79.388 4
4 5 17.6298 3
5 5 92.8778 1
1 0 54.1135 4
2 1 86.5733 0
3 1 93.4016 4
5 2 58.6061 4
2 2 5.9983 1
0 4 -4.9482 5
2 4 97.9673 5
3 5 42.4885 0
3 0 49.0448 4
5 5 66.7078 0
0 0 64.9213 1
2 4 60.946 5
4 5 29.3865 5
1 2 53.4162 2
4 4 95.4755 2
5 0 25.6978 4
2 1 7.4725 2
1 5 42.1022 0
2 1 55.2542 2
3 3 24.8611 0
4 1 19.1175 4
2 5 51.1789 3
2 4 68.2466 2
2 2 -2.7089 3
4 2 94.256 5
3 5 50.3971 2
4 4 1.4535 1
3 2 60.2318 4
0 0 89.652 2
3 0 83.8648 1
1 1 75.0034 0
5 5 42.111 4
1 0 2.4432 0
0 5 15.3091 5
1 0 74.5957 1
5 4 79.6198 3
3 0 53.7636 5
3 3 55.8872 3
5 1 56.5568 2
0 5 76.7698 4
5 0 66.2144 2
4 5 53.0251 1
1 0 11.5157 4
5 5 11.9391 5
3 3 53.5377 5
3 3 62.2748 5
3 4 52.257 0
4 2 18.388 0
1 3 63.922 4
4 3 85.1092 2
3 1 49.63 4
3 2 94.1066 2
3 4 81.3847 3
1 3 -1.0214 5
0 0 62.351 0
2 3 73.6293 5
0 2 12.7024 4
2 0 -2.1864 3
2 4 29.4147 5
2 4 -2.1056 5
5 1 9.411 2
2 0 25.1563 2
4 5 -5.4317 5
1 2 53.9357 1
0 1 31.9344 0
1 2 58.1898 0
4 3 89.2605 2
4 5 88.8083 1
1 1 44.0409 2
5 5 -1.9566 5
3 4 63.638 0
5 0 45.3574 5
0 2 13.6323 0
0 5 97.316 3
2 5 2.9859 5
0 2 55.2313 2
3 0 33.245 2
3 4 70.4178 4
2 4 -9.6694 1
2 4 61.8515 5
0 0 84.3358 0
4 0 95.8535 1
2 0 43.5627 0
3 3 52.9568 3
4 0 66.9447 0
1 0 95.7611 5
1 3 26.8781 1
3 3 13.5474 3
5 3 78.5871 1
4 0 45.0871 1
1 1 99.1323 3
4 4 6.7257 3
5 1 78.1017 3
0 0 38.8628 3
2 1 9.3842 0
4 4 83.2108 0
2 0 16.5818 2
0 3 5.4882 2
4 1 6.2696 5
2 1 15.0337 4
1 3 38.9047 2
2 2 22.6693 3
5 5 49.6652 5
2 3 73.0684 5
4 5 26.1809 3
1 2 -4.7936 1
4 4 82.9888 4
2 1 92.6143 1
2 5 80.8913 2
0 2 51.8132 5
4 1 93.0432 4
4 2 14.0545 0
4 1 68.7476 2
4 3 67.7473 4
1 4 30.4869 5
1 2 61.3405 3
3 3 56.3496 1
1 4 80.1771 2
2 1 33.6985 5
2 3 92.5435 4
3 0 53.3399 2
5 3 61.5515 0
2 4 31.7307 5
3 5 52.7273 1
2 5 22.931 3
2 1 98.7099 3
0 2 17.392 0
2 3 17.19 3
0 3 36.534 1
0 2 99.2923 5
1 2 84.9853 1
2 2 45.1224 1
0 5 68.4583 4
4 4 64.5676 2
0 2 58.4661 1
4 1 13.8551 2
4 1 44.5985 2
3 1 19.9152 4
3 0 84.4722 4
1 1 77.312 2
4 1 -6.4939 1
0 1 1.2646 0
3 1 55.0137 2
5 3 78.5989 0
5 1 29.3007 5
3 3 63.4603 0
2 1 99.7286 4
5 0 71.864 1
4 3 31.2975 4
4 2 64.2058 0
2 0 72.1713 0
4 5 40.2192 5
0 0 15.1003 0
0 1 46.6424 0
5 2 81.8709 3
4 5 92.6142 3
0 0 81.7156 2
2 3 87.0667 3
5 1 36.9535 0
3 0 86.6122 0
2 1 63.7723 4
2 2 72.9697 1
1 5 91.7347 0
1 0 51.8715 3
4 3 93.576 0
5 0 30.3729 0
3 5 23.7652 0
4 3 86.6035 1
0 2 18.419 1
5 4 29.755 5
5 2 5.6934 1
4 2 1.8531 5
4 0 11.535 0
1 3 60.3337 5
3 4 86.1201 3
3 0 78.579 1
4 4 11.1154 4
4 2 57.5587 5
1 2 75.0538 4
3 4 79.3257 0
4 3 83.1521 5
5 2 37.4101 3
5 4 10.3694 2
0 2 15.9538 4
4 4 74.3045 3
1 4 83.5196 2
3 0 99.4119 2
2 0 -7.4268 0
4 4 96.4504 4
5 2 22.5639 5
5 2 20.0003 4
3 1 11.4957 1
1 5 -0.5123 3
1 5 17.5156 4
5 3 39.3617 4
2 3 2.0176 5
1 4 -0.0887 4
0 1 -2.3455 1
5 4 29.4728 1
0 0 33.4177 0
5 1 39.6506 1
2 5 49.6306 0
4 3 65.2343 1
3 2 84.4537 4
4 4 69.266 1
5 0 4.3325 0
5 0 60.0909 5
4 3 32.3479 3
4 1 51.1398 5
1 1 40.3737 0
0 2 33.5122 0
4 4 66.3657 0
0 1 86.5084 4
1 1 45.574 0
0 0 16.9277 0
0 1 65.5589 2
2 1 33.83 5
0 3 11.4898 1
3 4 6.5121 4
2 1 0.1411 5
0 2 79.5118 0
1 3 78.3551 0
4 1 37.3892 3
1 2 5.4359 2
5 5 70.7931 3
3 4 -9.5814 5
0 4 36.6088 2
2 0 97.2049 2
1 0 47.8579 5
2 4 3.213 3
4 4 80.7988 3
0 0 96.9925 5
1 2 8.4546 0
4 3 49.9884 2
0 0 -8.9914 2
2 4 -2.7672 0
2 4 13.6833 2
5 1 -7.3124 1
5 5 2.3881 4
1 1 9.0425 0
4 0 95.8211 3
2 1 71.641 4
4 3 73.6333 4
3 2 28.9513 5
1 2 11.0421 0
5 5 4.1961 4
5 5 70.4118 4
3 1 13.3668 4
4 4 32.1455 1
3 1 83.4881 0
1 1 61.7536 5
2 1 23.7841 1
1 0 26.3179 2
5 1 93.0458 3
0 4 60.7264 3
4 2 95.7273 0
0 0 41.8107 4
1 4 19.1928 4
5 3 -1.9032 3
3 0 0.3925 4
4 5 39.9593 0
0 2 59.4878 4
5 3 18.3007 2
2 1 76.5131 1
3 2 14.1403 1
2 2 85.9477 2
5 2 34.677 5
0 4 50.4034 1
2 2 17.544 5
0 5 9.5917 1
0 1 58.8454 0
1 5 2.2327 4
4 2 21.4807 3
4 3 7.7784 1
3 1 88.1871 5
2 4 89.4425 2
5 0 39.9811 2
2 3 46.9913 5
5 3 91.2539 3
2 1 64.4768 4
3 4 77.5809 3
1 2 0.0823 3
0 2 31.833 5
0 2 94.7059 5
4 0 77.712 4
5 4 16.925 2
1 5 24.88 3
5 3 64.5883 4
4 4 87.3207 4
4 4 49.9646 1
0 1 38.8055 3
4 5 44.5552 1
1 3 93.0776 1
5 4 76.6658 0
