1 5 79.7198 5
3 5 20.4219 1
0 2 13.6311 1
5 2 10.9739 1
0 4 90.8865 0
4 2 62.4682 3
1 5 86.7515 4
5 0 72.0218 4
3 0 28.0244 5
2 5 93.6846 1
4 3 13.5202 0
0 3 90.9405 4
0 3 10.5162 2
1 5 38.2621 5
0 2 77.1659 1
1 4 29.9082 1
0 1 77.0702 3
3 1 1.8465 5
1 0 70.6975 4
1 4 4.9902 2
0 0 77.0268 5
2 1 33.3885 0
3 5 34.2135 2
5 4 43.3343 2
4 3 -3.9856 3
1 1 8.9555 4
5 4 6.9139 1
0 2 -1.731 5
3 0 39.6027 4
1 1 99.4173 4
0 0 51.6229 4
0 0 80.4855 3
3 3 99.0389 3
5 2 87.596 4
5 1 79.2377 4
4 3 -7.6654 4
3 1 62.5319 4
0 4 42.6965 5
0 0 63.1955 3
5 1 58.0818 3
3 4 59.164 5
4 0 34.5107 3
4 1 79.8024 3
5 5 98.516 1
0 3 67.6821 0
4 1 87.9991 3
1 0 63.0249 2
0 5 72.1248 0
4 2 98.6655 3
0 4 14.6008 0
4 5 77.3466 5
5 2 88.1319 1
2 0 99.169 1
3 2 85.3149 5
4 3 26.798 4
0 5 75.3813 4
0 1 28.4614 5
0 4 8.5232 3
3 4 43.4875 3
1 2 24.2993 0
1 2 94.8563 0
2 4 29.4716 2
4 5 74.1772 2
0 3 70.2308 1
0 2 58.8505 3
4 2 -4.4512 1
3 5 6.0185 3
5 5 47.9537 3
5 0 74.8865 2
3 2 -8.1115 3
5 5 25.135 4
3 5 2.1212 5
0 4 -9.3319 4
1 4 -6.6995 5
5 0 96.1887 3
1 0 4.7952 3
3 2 60.3836 0
0 2 47.9625 1
2 5 18.507 2
2 3 10.2845 0
2 5 44.5815 2
3 1 0.9876 3
2 0 -7.6212 2
2 4 92.1934 0
5 1 41.7811 1
1 4 76.1877 3
5 5 36.6079 5
5 2 15.581 4
0 2 40.7778 0
2 2 49.2837 1
1 2 -3.5221 4
3 1 97.7722 3
2 5 78.4318 3
0 4 91.0964 3
5 3 16.1284 1
4 5 42.0896 3
2 2 34.5435 2
1 4 81.0629 4
1 4 64.335 0
5 3 94.9752 0
1 4 21.8827 3
1 0 29.4735 0
0 2 22.6163 2
0 5 35.8758 4
4 4 95.0425 0
2 2 14.9598 3
0 1 91.2032 5
2 0 6.399 4
5 5 80.1227 5
3 3 78.2649 5
3 0 99.9552 2
2 1 5.9452 2
1 1 86.5154 2
2 1 24.0308 1
4 0 30.4994 5
4 5 50.8839 5
5 5 79.5546 1
1 3 81.0781 5
0 2 37.7174 1
5 4 70.5765 1
2 1 8.1237 2
3 3 -6.4977 4
5 2 35.3927 5
5 4 70.9412 1
0 0 52.3745 4
1 1 57.7917 0
2 3 90.3849 3
2 3 -2.6659 5
0 1 97.9173 0
3 5 57.5032 1
5 2 9.725 0
2 5 47.6799 5
1 0 3.5344 5
3 1 24.3801 1
2 1 81.2398 4
3 0 76.5958 0
3 1 63.9307 1
5 5 24.7777 0
2 4 40.7894 2
2 5 4.625 0
3 3 19.8659 2
5 4 47.6856 4
2 2 -1.7713 2
3 3 59.467 1
4 4 37.5017 4
0 2 7.8989 3
4 1 26.791 1
3 4 65.7623 1
4 4 9.0903 5
0 1 70.168 4
4 3 71.9207 3
0 1 18.5498 0
1 0 48.7653 5
2 4 73.9287 2
4 0 50.3736 1
5 1 98.8483 0
2 0 94.1459 5
0 1 62.9409 0
4 0 51.6886 3
0 2 95.3753 3
3 2 82.9135 1
5 5 83.8741 5
0 5 17.8537 5
2 0 -2.71 4
5 2 58.0404 3
1 2 9.7472 2
1 3 76.1971 4
2 4 80.5071 5
2 0 95.5788 4
2 1 76.9517 5
4 0 78.8556 4
0 3 46.9335 1
5 2 13.8525 0
2 5 49.9669 2
4 5 71.3533 2
0 2 68.707 1
5 0 15.4871 0
4 5 56.9025 5
3 5 84.8671 3
1 0 48.4831 2
1 0 7.6886 2
2 2 84.7382 3
2 3 9.7393 4
4 3 81.215 5
5 2 34.9532 3
0 1 31.5106 4
4 1 43.0975 3
4 1 -8.3439 5
3 2 20.0128 3
5 1 -8.8666 5
2 5 -7.2541 4
0 0 67.5042 0
4 1 46.134 1
4 0 0.6584 5
3 1 6.0165 5
2 0 17.9531 4
4 0 81.6748 2
0 3 36.5265 4
4 1 43.6192 4
3 3 23.3798 3
3 3 29.981 0
3 3 -9.2079 2
1 3 2.9291 3
0 1 79.6532 1
0 3 19.8864 1
3 4 5.0345 0
3 1 97.2228 5
0 3 14.7557 3
0 4 9.5786 4
0 1 59.4363 5
0 1 49.1696 1
2 0 38.0341 2
1 5 6.4473 0
2 5 -0.6811 5
4 3 -4.5772 3
3 5 61.6437 5
4 2 49.4309 5
5 4 72.2812 0
0 5 62.2313 1
0 0 98.0017 2
5 5 -4.3821 3
2 4 85.8317 2
1 3 35.5049 3
2 3 69.7885 2
3 3 66.6603 2
4 4 97.5101 5
1 0 -2.8964 2
3 3 85.663 5
0 0 12.6902 5
3 4 0.0997 3
4 3 43.7719 0
3 2 43.2645 0
0 2 46.4278 5
1 0 55.5798 3
1 1 5.4996 2
0 5 96.368 2
4 4 46.0343 4
3 1 26.6698 3
5 0 62.6377 5
5 5 53.6027 0
0 4 44.1714 2
0 1 55.9192 1
5 5 60.4216 2
3 1 60.5717 3
3 3 76.9096 1
3 4 61.471 3
5 2 56.4557 1
5 4 26.9221 3
5 5 89.9185 3
0 0 13.8234 4
5 2 71.6249 0
5 2 39.8287 2
1 4 6.486 4
0 2 57.0591 4
3 4 6.8044 4
2 5 7.7262 4
0 5 4.3235 4
5 0 78.5949 4
5 0 15.7508 1
1 5 52.271 4
4 4 66.3237 4
4 1 65.0847 5
0 2 36.6357 5
2 2 58.2156 0
4 0 63.9104 3
5 1 6.0123 2
4 1 75.6964 4
3 4 51.2401 5
5 4 72.4553 1
0 2 84.5818 4
5 3 58.3182 0
4 1 1.985 0
5 1 39.1799 2
1 1 87.8603 5
1 4 50.6368 0
3 0 55.9146 3
1 1 13.543 2
2 4 52.833 0
5 2 30.2225 5
4 0 42.1853 2
1 3 50.543 2
0 3 56.2859 3
5 5 29.2682 5
1 5 64.3852 5
0 5 25.6783 3
3 3 45.2284 4
4 3 56.2225 1
1 3 18.6213 1
0 3 48.6557 2
1 5 44.8596 0
5 2 98.8627 0
3 3 43.3457 4
4 3 79.4189 3
2 5 83.5432 3
1 5 -6.7459 5
4 0 7.975 5
2 2 47.2516 4
1 4 2.1269 3
3 0 73.4725 5
1 2 -8.3907 1
1 2 -7.7246 4
2 1 73.5859 2
1 2 8.276 0
2 4 92.7571 3
5 4 58.685 5
1 4 37.0496 5
2 4 76.818 4
2 5 90.9788 5
4 5 48.9523 0
1 3 -1.4598 5
5 0 70.5508 1
3 3 93.4631 3
1 3 11.9026 5
4 0 17.1095 2
1 2 0.6472 2
1 1 -5.8109 1
2 2 60.2564 5
3 2 90.0104 1
5 5 -7.21 2
5 2 89.0741 1
3 4 87.4326 4
0 3 56.7509 3
4 2 7.2185 2
2 3 58.4837 4
2 3 36.4298 2
4 5 74.3936 0
2 4 73.1247 3
4 0 74.1989 2
3 2 0.4917 1
3 2 -7.2974 2
1 0 53.4482 0
2 5 28.4577 4
4 2 73.8158 0
1 2 11.8961 4
5 0 49.9378 5
5 1 58.2862 5
2 1 98.8038 4
4 1 25.1117 0
1 1 2.4374 2
3 5 51.4018 2
0 0 91.3603 3
1 0 2.4483 4
3 0 60.6891 1
1 0 -3.02 0
3 0 66.2002 3
2 2 24.0225 5
5 4 63.4605 2
3 3 65.1016 2
4 5 21.4046 3
2 2 34.6777 3
4 0 28.9265 3
1 5 -7.725 0
2 1 35.2534 5
3 5 9.6035 4
2 4 58.8406 5
5 5 3.8469 4
0 0 83.7561 4
3 5 3.3469 2
5 2 1.6847 5
1 3 67.3326 3
4 3 91.0151 5
0 2 54.5324 2
5 5 95.8888 3
0 1 5.9024 1
0 5 5.7107 3
0 1 11.5523 4
2 0 38.8079 1
3 5 78.2573 3
1 4 -8.592 5
3 1 38.7625 5
0 0 69.1377 5
5 0 33.9489 0
4 5 -3.0716 3
5 4 63.1877 2
5 5 43.6823 1
3 5 66.5106 0
1 1 24.0293 2
4 4 10.5823 5
2 3 78.6955 3
0 0 76.1127 0
0 4 69.1147 1
4 0 21.7148 2
2 2 53.0474 3
4 1 56.2253 3
3 3 39.2275 4
0 3 -9.8416 4
4 0 78.2939 0
5 4 66.35 2
0 2 25.8872 0
1 3 83.1068 3
3 0 43.8888 1
0 2 -4.3652 1
3 3 21.0819 1
0 1 14.1775 1
1 1 92.0267 4
5 0 89.5255 5
0 4 95.8074 1
0 4 -7.473 1
2 2 13.9573 0
0 4 3.2324 3
2 4 48.7347 3
1 0 39.645 5
4 3 87.337 0
2 0 50.4176 3
5 2 45.2851 5
3 3 98.5541 1
2 5 21.366 4
4 0 17.3443 1
0 5 22.4244 4
4 1 34.9587 3
2 1 1.4518 0
1 0 81.7949 4
5 0 3.9031 0
4 4 86.978 5
3 4 58.6913 2
4 5 41.8725 0
0 4 58.7525 2
0 3 97.5822 3
4 0 2.8903 0
3 5 91.9172 4
5 2 98.2377 1
1 2 80.2448 2
5 0 58.5645 3
5 2 5.3831 1
5 3 22.2588 3
2 3 48.59 0
3 5 -3.9966 1
2 2 -9.1151 2
2 3 57.7637 3
0 2 81.6717 5
1 1 3.5478 3
3 5 73.8752 4
2 1 3.8433 3
2 3 80.2025 1
1 0 28.1701 4
1 0 49.8685 1
2 4 9.3493 0
2 4 60.5172 5
0 1 34.8801 0
3 5 33.5696 4
2 0 25.0334 3
1 1 13.8515 4
0 4 90.2412 4
3 2 55.0779 3
5 5 23.803 5
4 0 3.7301 2
4 4 46.5064 2
4 0 39.2408 4
1 2 56.7085 0
5 0 45.6255 4
2 0 99.991 5
5 0 -8.5736 4
3 1 60.082 0
2 1 -4.114 0
1 3 12.1239 3
5 0 82.0846 3
0 0 23.3441 5
4 1 99.8517 5
2 0 29.9175 1
1 0 0.9549 0
3 2 37.7496 3
3 5 91.8201 1
4 5 75.1842 4
5 0 51.3315 1
0 3 67.6991 5
1 0 80.2989 3
0 0 94.9938 5
3 4 88.3472 2
3 5 5.7542 5
5 4 43.5213 4
0 0 26.8165 4
2 5 93.6247 3
5 3 63.3756 1
4 2 62.201 0
1 0 66.6695 5
2 5 61.7258 4
4 4 23.6797 3
0 4 92.7012 3
0 1 19.9057 4
2 0 17.0318 1
1 1 57.5092 1
3 4 61.8573 5
2 1 42.3861 2
1 1 1.9121 5
2 0 99.3393 2
3 3 -6.9004 0
4 4 29.4053 4
4 1 28.7458 3
3 3 58.209 4
4 5 19.5228 0
2 5 46.2002 1
5 2 79.7944 3
3 3 98.4366 5
2 4 99.7798 0
2 2 41.1938 3
3 0 -2.6821 4
5 1 30.2839 4
2 5 90.271 5
3 2 72.3889 4
0 0 -5.3361 2
5 5 50.9478 0
4 5 58.0273 1
0 5 70.3036 1
5 0 14.4828 2
5 0 66.1105 1
1 2 76.236 1
5 1 61.0074 5
5 0 19.3358 0
0 2 49.7466 4
0 5 39.0757 3
3 3 53.7249 3
1 1 -4.6336 0
4 1 75.1986 5
4 1 4.1917 2
2 1 56.7226 5
3 5 -6.9611 5
2 0 -3.5907 1
4 0 95.1766 5
4 2 0.3692 0
4 1 43.5677 2
3 3 1.2813 1
4 1 26.3264 4
0 2 2.4661 5
3 1 27.1408 5
4 0 8.7547 4
0 5 59.475 1
5 4 10.0922 4
1 3 70.7513 0
5 5 14.6291 5
0 1 30.417 1
2 1 80.5884 1
5 3 37.5033 5
0 1 41.0051 4
5 2 53.3221 1
4 2 -7.594 0
1 5 85.8952 4
3 4 95.9009 5
4 0 81.8734 0
2 1 58.1315 2
5 1 94.4467 1
5 3 36.7064 0
1 5 59.1616 3
5 0 22.9675 4
4 1 47.2994 3
1 2 43.5214 0
2 5 82.1793 3
2 3 6.1008 1
5 0 8.4592 3
0 3 59.2015 0
2 0 -4.1453 1
3 5 -0.9253 3
4 0 33.4604 2
4 5 73.3914 5
4 0 -3.073 4
3 4 27.0271 1
0 3 68.7909 4
3 3 51.8995 1
1 0 42.754 5
2 4 20.477 0
4 0 46.5642 0
4 5 91.7652 0
3 5 66.7473 4
5 3 82.123 1
4 1 90.6355 5
1 0 93.9832 5
2 4 18.7199 0
3 2 -9.6592 5
4 0 24.8294 2
3 4 21.3904 4
0 0 18.7499 2
2 3 85.2945 1
4 0 -2.7871 5
4 5 42.335 0
1 5 84.2578 2
1 2 35.0832 2
3 3 99.7066 4
1 4 65.5845 0
0 2 10.6714 4
0 5 20.0851 5
2 0 42.8772 2
0 4 54.9435 5
0 1 91.7418 2
0 5 31.3789 0
5 4 42.8936 5
1 4 90.5387 2
5 5 88.4484 1
0 0 69.0201 3
0 5 55.9553 4
0 4 11.2786 2
2 5 -2.3545 2
3 4 42.1313 3
4 1 64.556 2
0 5 98.352 3
4 5 14.5753 4
5 3 -7.7657 0
5 3 8.2845 5
3 1 40.6235 0
4 0 28.7386 3
3 2 18.8485 3
1 0 86.2623 4
0 1 50.6704 5
0 0 8.6612 0
3 4 29.4102 3
3 2 -8.5296 5
2 4 66.5847 5
5 1 43.4559 5
2 3 19.1452 0
5 0 27.1875 3
1 4 31.3856 5
1 5 35.436 4
3 4 91.5636 1
4 5 47.0381 4
4 1 2.7679 0
5 3 41.0368 3
5 1 23.5982 1
0 3 52.4071 1
0 3 28.0256 1
4 1 36.0935 4
2 1 57.6996 1
2 4 38.0125 5
2 0 35.9133 0
3 1 83.0125 5
3 4 18.0319 3
1 0 86.6001 3
2 5 58.6234 5
4 4 72.7052 0
3 5 54.8549 0
0 4 -1.2147 1
4 1 79.2095 5
2 5 54.3807 3
5 4 23.291 0
3 2 -1.3112 0
4 2 31.9542 5
0 5 35.094 4
5 2 64.8087 4
0 2 -7.4747 4
5 1 63.8432 4
0 3 66.6842 1
5 2 40.0728 0
0 2 -0.9033 0
0 1 48.3588 3
1 4 63.0071 0
5 1 37.6759 0
1 2 54.3382 5
1 1 80.1797 4
5 5 78.6101 5
0 1 19.5004 1
3 4 -7.0391 0
3 2 -4.6997 4
4 4 86.9171 5
5 1 29.947 3
5 4 60.1511 1
3 0 42.2566 4
2 4 98.0955 1
0 4 70.0373 0
3 1 26.2843 3
4 1 36.9845 1
2 3 85.5385 4
3 3 94.0998 2
4 5 19.0279 1
3 2 13.3508 0
1 3 46.8972 4
0 2 75.8018 1
0 1 71.9833 2
3 4 55.4533 4
4 0 0.0934 3
2 3 83.8133 2
0 5 73.4882 5
4 3 21.6379 4
5 5 3.4473 0
2 4 43.2819 0
2 1 24.5967 0
0 2 55.6858 5
2 2 -9.1437 1
2 0 88.3302 5
0 3 9.1538 0
1 3 57.5932 3
3 0 69.5291 2
1 3 31.8253 4
1 4 5.6333 4
2 1 98.7255 5
3 0 74.5966 0
5 5 16.3156 4
5 2 -4.3365 2
2 2 53.6681 0
5 1 24.5855 3
5 5 59.6561 4
4 1 80.1097 2
0 5 58.7864 5
5 1 77.5757 1
0 1 -1.9242 4
0 2 -2.9387 0
3 2 32.3849 5
2 4 57.5326 1
5 2 12.7351 4
2 5 -4.7313 4
3 0 29.5881 3
5 2 1.8351 4
4 2 61.3554 3
3 4 19.9207 3
2 2 30.1821 4
1 2 20.814 5
5 5 42.7244 4
5 2 82.677 0
0 5 94.8605 4
1 1 57.4365 1
0 1 11.7136 5
4 2 60.893 1
0 4 35.7879 2
1 2 92.1611 4
5 5 86.1876 2
1 0 80.5672 4
1 4 72.2688 0
1 2 36.9896 0
1 3 42.9564 2
4 4 99.3867 3
3 0 75.1514 4
3 5 6.5873 0
1 1 93.9008 4
3 1 6.6421 0
5 0 50.06 1
0 0 47.8088 5
0 0 30.4291 5
5 5 35.1209 4
1 2 -0.8202 0
3 5 86.4994 2
2 3 -6.2277 1
0 1 62.4856 0
4 0 55.6577 4
3 1 19.6918 0
2 1 -1.879 5
0 1 66.9253 4
4 1 0.4166 5
3 4 82.1497 3
0 4 15.1573 2
2 0 86.8008 1
5 5 67.6144 5
3 1 62.0131 4
1 4 -3.0556 1
2 2 79.7705 5
1 1 89.5804 2
1 2 -6.7984 0
5 1 33.275 2
3 5 55.9122 0
4 2 -6.675 0
1 5 71.321 0
2 4 39.5997 2
1 5 25.7817 4
3 5 80.0046 5
0 5 32.5573 4
2 4 83.3988 3
3 4 99.3493 5
1 0 36.2691 5
0 3 77.1937 2
4 2 4.2619 0
4 0 32.1531 0
1 5 52.2837 2
4 3 99.333 1
0 3 -7.8776 1
2 5 91.1429 4
5 4 50.0386 4
3 0 93.5297 3
4 4 26.8233 0
3 0 45.4698 2
0 5 64.7993 3
3 4 89.67 5
0 5 88.1982 3
3 5 -9.3683 4
2 5 64.2495 3
5 4 49.8804 4
2 1 11.8234 1
4 3 80.7153 0
1 2 14.039 4
1 0 99.0586 1
3 0 27.1954 1
3 1 63.7797 0
1 0 60.3708 1
5 5 27.1882 1
1 5 92.9336 5
5 5 79.93 2
1 2 -9.919 0
3 2 79.0195 3
0 1 21.3574 3
3 0 -6.9398 1
5 5 6.7039 2
2 5 2.3097 0
5 1 46.5059 4
0 0 58.1993 0
0 3 48.4145 0
2 5 -9.4344 5
3 2 35.4559 1
1 4 41.1335 2
5 5 43.892 4
1 3 67.4682 2
2 0 74.2643 3
0 3 80.7659 0
1 2 73.8663 2
5 5 0.8744 5
2 0 8.7571 3
4 3 20.5253 3
1 0 57.6636 5
2 2 20.5748 3
4 0 27.5581 4
0 3 52.5878 1
5 4 50.8262 1
1 4 73.675 3
1 1 97.8218 4
4 1 -2.6552 0
3 3 53.9272 1
2 5 14.0522 3
5 5 52.6929 2
3 0 74.6299 2
0 5 30.412 0
4 0 71.1896 0
1 1 82.5722 1
5 1 -0.5362 4
2 2 1.9722 5
1 0 27.078 4
1 4 55.0767 0
0 5 81.4613 0
1 5 1.3197 0
3 2 27.8958 5
0 1 34.8827 3
0 4 75.4642 5
4 0 57.2967 4
2 4 63.1298 5
4 2 33.5931 1
4 1 86.2749 0
0 4 12.5529 3
3 1 36.5603 0
5 2 5.3507 0
0 0 78.1533 5
0 1 71.8764 3
2 3 33.0658 1
0 5 0.6307 5
4 1 0.8856 0
3 5 27.2483 5
2 4 30.7359 2
2 4 10.7117 1
1 2 50.117 3
4 2 95.0552 3
3 1 12.2909 5
5 0 26.554 1
0 1 41.1067 1
4 3 61.2817 3
4 5 -9.3029 3
0 0 85.7883 0
4 2 95.2822 3
5 3 51.0891 4
5 2 99.4766 4
3 0 13.9358 1
4 0 78.4057 3
2 4 72.9014 1
5 3 36.6451 4
4 3 97.0148 0
3 4 11.2499 2
1 3 45.3641 5
1 4 22.8894 0
3 1 75.4672 4
4 1 67.2375 2
0 0 17.126 2
4 5 35.5062 4
5 5 -6.9759 5
5 3 4.4077 4
3 0 96.0488 0
2 5 91.7076 2
1 4 43.8041 2
3 2 78.1327 2
3 5 23.0746 2
0 4 42.855 3
2 3 14.9731 3
1 1 23.6548 1
5 3 64.242 2
5 5 45.3562 2
5 4 31.1891 1
0 1 63.8092 0
2 4 6.6119 4
2 5 -6.1911 5
5 4 87.5168 1
2 5 14.8651 4
3 0 19.7478 4
3 1 79.7402 2
4 0 32.3526 0
4 5 46.0991 0
0 2 99.9554 0
4 4 97.0291 2
3 4 -2.9926 2
2 2 39.2805 2
0 2 79.2405 3
3 3 86.3139 0
3 0 85.5803 3
2 4 -5.3731 5
4 2 -8.4172 2
2 2 10.5037 1
2 3 14.377 5
1 3 56.0935 0
0 3 85.4807 3
5 5 64.4411 4
1 3 29.7019 1
5 5 38.3361 3
3 4 43.0823 2
2 4 51.765 3
0 0 18.0686 1
0 3 96.6351 5
5 1 98.6989 5
4 2 70.8441 5
4 4 68.9227 4
1 3 -8.1181 4
1 5 69.3142 1
5 5 -9.4666 2
5 3 14.3536 5
1 0 74.7946 3
0 4 25.9181 3
4 0 40.7462 0
1 1 3.1663 0
5 5 79.622 4
0 5 36.6417 2
2 0 31.519 4
2 5 82.9789 0
2 3 21.6118 0
4 4 24.5122 3
3 0 76.8728 5
3 3 -6.5382 4
5 5 17.5338 1
0 3 -4.5864 1
5 4 80.3066 4
4 0 71.069 0
5 4 -4.5246 4
4 5 0.5101 2
2 2 86.3188 4
5 2 50.6275 3
0 2 66.1634 1
1 3 1.7519 0
1 2 7.3964 1
4 2 89.902 5
0 5 24.0095 3
2 1 6.3298 2
3 0 89.4115 4
5 0 29.3064 5
2 1 34.3385 3
4 2 58.6573 3
1 1 18.378 1
2 4 -5.9769 2
2 5 12.8707 3
0 1 22.9266 4
4 0 64.3171 4
0 2 9.9118 5
3 5 41.6448 0
3 5 -4.2813 3
4 3 54.382 3
5 0 62.7729 0
1 5 -1.7233 5
1 4 50.251 3
5 5 51.5363 5
1 1 49.2745 5
4 4 18.3476 1
5 4 34.5421 5
1 0 94.4647 0
2 5 74.9309 5
1 3 37.178 2
0 1 57.7924 0
4 0 11.3858 4
2 0 42.1767 5
2 3 88.526 4
1 5 57.8066 2
2 1 24.3885 1
0 4 -8.207 1
0 2 53.3938 2
0 2 -9.2291 0
4 1 14.5827 5
5 3 24.6535 3
3 0 93.6938 3
2 5 70.8798 3
4 1 19.5556 4
1 5 45.8837 5
5 1 64.0584 0
5 0 43.9193 0
3 4 73.4237 3
2 1 40.634 3
2 0 1.9097 5
2 1 -2.164 1
4 2 31.0832 1
0 5 45.3071 5
3 2 -3.4379 3
1 3 83.0768 0
5 2 30.1698 3
1 1 94.0519 3
3 0 80.5835 3
0 3 4.4351 2
5 5 96.3273 0
1 2 37.5513 5
5 5 81.537 2
3 4 47.2878 2
3 5 14.0648 5
2 5 -7.903 2
5 5 4.7337 4
1 4 66.0066 0
0 1 66.0363 4
3 5 -5.4744 1
3 1 41.2191 2
