3 4 38.0282 0
5 4 64.0801 5
3 5 64.7262 5
2 0 88.7056 2
0 2 20.2038 5
5 2 56.733 3
2 3 -6.9759 4
4 5 40.9072 5
1 1 11.6153 1
2 3 95.4823 1
3 0 23.8255 4
5 0 -2.2787 2
2 1 -3.6279 3
0 2 29.8916 5
0 5 94.7912 2
2 4 62.4912 1
3 5 66.5591 0
0 2 92.5899 3
2 0 48.0016 4
4 3 -8.9291 2
4 5 24.9476 2
2 3 44.9267 3
5 0 33.753 2
4 4 40.7893 2
0 2 32.5102 2
0 4 48.6365 3
2 4 82.214 3
4 0 79.3719 4
1 4 -6.8407 4
4 4 21.6475 1
2 3 99.0638 1
1 4 72.0368 1
0 3 38.5193 2
5 3 71.3903 0
3 2 98.437 0
2 1 6.7423 1
2 3 37.1412 4
1 3 6.2766 0
2 1 85.9554 1
4 0 84.7037 2
5 4 64.1933 2
3 1 30.6492 5
5 4 27.8038 5
0 5 98.5894 1
3 2 23.7074 1
0 3 79.9738 1
2 1 51.901 0
1 5 41.5698 2
2 1 26.9363 4
1 0 -3.7949 2
1 2 8.8923 1
1 5 90.284 3
0 4 76.9503 3
5 3 98.7789 1
1 5 -1.783 1
2 1 41.1834 5
2 1 -6.8284 4
3 0 83.6711 4
3 0 3.6743 1
0 4 -4.1993 0
1 1 4.729 0
3 5 13.3895 5
0 1 41.8794 3
2 0 -7.7184 3
3 0 26.9545 3
1 4 84.1268 3
1 0 45.1933 2
0 5 51.5904 1
3 1 72.8149 5
1 4 62.5164 5
4 0 56.924 0
5 2 7.9215 0
2 0 93.1217 0
1 5 29.9563 5
2 0 53.1244 4
2 5 90.733 5
0 1 6.6688 5
3 0 37.7594 1
2 2 88.9545 4
4 0 91.7155 4
0 5 43.3411 4
0 0 88.3119 5
1 4 -2.064 5
3 0 29.5424 4
0 0 70.396 1
4 2 -9.3298 3
4 2 77.5364 4
5 4 9.9786 0
3 2 25.5536 2
0 0 57.8264 2
0 3 -8.9899 2
2 1 12.0627 2
5 2 30.0434 3
4 1 25.3101 3
0 3 4.2723 4
1 0 44.9388 0
3 0 66.124 5
5 5 76.8538 1
4 3 13.2972 2
1 4 95.1878 4
4 1 6.5555 0
5 4 11.509 3
4 3 56.6744 5
2 1 63.942 1
3 5 98.1974 0
0 5 29.3467 4
5 1 52.4617 1
4 2 63.5085 1
5 0 72.8052 5
2 2 38.6525 0
4 3 24.5036 1
1 2 0.6718 5
3 0 19.497 1
2 3 53.4057 0
3 0 -2.7114 5
0 3 15.408 5
3 5 7.3053 3
5 2 15.5346 3
1 3 -4.7539 5
2 1 58.2044 0
2 1 87.129 4
5 4 65.707 4
1 3 48.1995 1
0 1 85.9223 0
3 2 46.3035 2
5 5 26.7601 1
5 0 23.7111 3
2 5 54.1808 2
2 3 28.3374 2
3 3 46.187 2
5 5 65.0147 1
2 5 98.3043 0
3 5 28.3414 3
4 0 80.599 1
3 1 54.8935 2
3 1 94.5738 4
5 3 58.4196 5
2 2 25.4643 0
0 2 29.4816 2
0 2 -0.633 4
0 3 29.3875 3
2 1 65.3334 0
5 0 36.7505 3
0 3 38.6684 0
3 1 10.4125 2
0 5 -8.4983 3
4 5 80.6511 3
5 0 23.9292 2
3 1 2.3816 4
5 5 48.3902 5
2 4 16.8935 3
0 1 86.9931 2
5 1 52.0725 4
1 5 -5.9144 1
1 5 -3.8966 0
1 1 83.986 2
4 3 97.8153 5
0 4 77.6845 1
3 4 99.3478 2
1 3 26.2816 2
0 0 87.5588 2
4 4 86.3554 5
3 4 49.4089 2
2 0 63.5114 2
2 2 11.7366 2
5 2 68.2114 2
5 4 75.1663 4
4 1 12.1605 5
5 4 2.8684 1
3 5 96.2956 5
5 5 69.5851 0
3 2 87.2199 5
1 3 58.9754 0
3 3 65.9836 4
0 4 25.7337 5
5 4 4.5115 2
1 0 94.5058 4
5 1 20.0043 2
4 3 30.1332 2
1 2 77.0869 1
2 4 0.1287 2
3 1 38.594 2
1 2 32.1983 3
5 4 82.9448 5
2 2 -7.5609 2
4 5 24.0407 5
2 0 90.1444 4
5 2 31.5879 1
0 3 94.2931 1
2 1 29.496 5
2 1 75.7966 3
3 1 77.4654 1
4 1 75.3772 1
5 2 57.5132 4
3 5 74.6353 1
1 3 12.3269 5
2 3 43.4097 2
1 4 87.0858 3
3 4 58.5769 3
3 5 -5.5772 4
4 1 21.693 5
1 5 76.6193 4
1 0 25.7672 0
3 1 52.0465 0
3 0 96.169 5
0 1 55.7563 5
4 3 47.1105 5
3 5 83.6154 5
2 5 57.5681 4
5 0 39.8957 0
0 0 80.2896 1
4 5 94.9956 4
0 5 21.2846 5
1 4 70.1972 1
5 3 -0.7946 4
3 3 78.5967 3
4 5 77.9292 3
3 0 69.6112 0
1 2 31.3516 3
2 1 96.171 5
0 3 30.2937 2
4 1 -4.6205 2
3 4 56.3065 3
0 2 53.2714 2
1 3 48.1084 3
0 2 67.582 1
4 4 87.3762 5
3 2 73.1993 1
5 5 72.8933 4
1 5 21.3481 5
2 5 14.6179 3
2 0 83.6704 5
5 1 79.8505 0
1 2 68.2388 3
1 1 38.0485 2
2 1 62.5095 3
3 1 9.1848 0
5 0 57.7246 3
1 5 25.4816 4
0 4 8.635 2
3 5 -5.5749 5
2 0 7.4126 2
0 0 -0.8308 5
4 4 -4.8828 5
0 5 46.284 3
0 4 97.711 0
2 4 12.8778 1
2 0 3.2532 1
3 1 -0.9802 4
5 3 58.7005 3
4 5 15.524 2
1 3 37.4898 1
1 0 83.9832 3
5 4 80.347 3
2 0 42.9876 2
3 4 57.3789 0
1 3 85.5413 3
3 3 30.4341 0
0 1 87.2205 1
2 5 67.7425 1
5 3 50.0638 4
3 1 57.8105 2
0 1 36.1827 0
1 2 -2.8313 3
4 5 80.9019 4
0 1 87.9652 3
2 1 99.3834 5
3 0 87.7705 4
4 1 23.3701 5
4 5 99.4925 2
1 4 17.2183 3
5 0 72.2145 0
3 2 79.2266 0
0 0 31.9263 3
0 4 76.9302 4
2 3 99.274 0
4 1 65.8395 2
5 1 67.5578 0
2 3 66.8903 3
2 3 1.7693 3
0 3 96.0786 5
3 0 93.6596 4
2 5 12.4603 1
4 4 30.9952 0
3 1 86.1227 3
1 3 29.3474 1
2 2 12.7969 3
1 1 72.7896 4
5 5 82.8005 3
1 2 96.7002 1
5 2 72.5536 1
0 4 49.6532 4
2 5 30.7853 4
4 3 43.0092 0
1 4 31.2231 5
4 0 -0.7947 5
2 1 85.7729 5
4 4 1.2029 0
2 2 13.7622 3
0 2 34.9553 0
4 0 95.5803 0
1 5 37.4925 4
5 2 18.0476 0
4 2 44.7648 2
4 4 85.8259 3
5 3 14.1786 1
2 4 25.244 0
4 2 56.5281 3
0 1 60.4278 1
3 5 16.3034 0
3 2 99.4875 0
3 5 -8.9498 2
3 1 95.1405 5
3 2 78.0832 2
0 3 83.4301 4
4 5 37.468 4
1 4 56.8947 4
0 3 86.7711 3
3 2 78.4458 0
3 5 65.9596 2
4 3 35.2309 2
1 5 27.5571 5
4 2 97.4671 3
3 2 69.4982 3
4 1 2.2729 0
5 4 32.3565 1
2 0 23.8882 4
0 0 77.4503 0
3 2 44.0858 1
2 3 81.018 0
3 0 65.8939 0
4 0 36.0498 5
2 4 51.1105 3
5 3 42.6058 2
5 4 75.3656 2
1 1 53.1564 4
1 0 80.5073 1
2 0 35.5595 5
0 2 88.6358 2
5 2 62.3856 3
5 1 86.08 1
1 2 66.9168 4
5 4 52.8035 2
2 4 43.3895 2
0 3 94.6971 3
4 5 73.6647 0
0 4 46.0714 4
5 0 83.7922 0
1 4 24.0955 0
3 4 42.9373 3
2 0 29.5541 5
2 0 89.7039 0
0 4 64.4058 4
0 0 12.7423 3
4 1 41.4447 0
0 0 58.6383 3
1 0 57.6635 4
5 3 15.9605 4
4 2 55.3773 0
1 1 68.9172 4
4 4 -7.8719 0
3 1 29.6183 5
0 3 64.4842 3
1 4 37.7173 5
4 4 8.512 3
3 5 26.1229 5
3 3 75.6361 3
2 4 -5.9078 0
4 2 55.7896 5
5 3 -4.4479 5
3 5 70.7013 0
5 3 9.954 3
2 0 71.2474 1
1 1 0.2197 3
5 0 96.9922 0
1 5 85.0108 3
5 1 39.2185 3
2 0 72.6235 1
3 1 44.265 2
5 4 1.3523 4
1 0 6.1746 1
4 0 46.8514 5
3 2 16.4839 2
1 2 90.1373 3
5 2 43.6002 0
0 4 0.8105 0
4 5 8.3227 1
1 0 30.4443 2
2 0 64.442 3
5 3 80.8114 2
4 3 17.4555 2
3 4 8.378 2
2 3 60.5784 5
2 5 69.5169 5
3 3 92.7357 5
4 3 -7.0193 0
4 4 59.0923 3
0 2 -3.0986 2
1 4 18.0662 4
4 1 -2.7734 3
1 1 96.4016 2
3 2 50.4308 5
3 2 32.2032 1
2 3 85.3695 2
2 1 82.1551 0
3 5 53.7 3
5 5 38.522 3
5 5 2.0973 4
2 2 69.2624 4
1 2 -0.047 3
4 1 60.6085 2
1 2 3.792 2
1 1 44.2454 3
5 4 46.1849 3
3 5 81.5197 1
4 5 58.5114 1
2 2 37.436 3
0 5 33.0632 0
5 2 89.1983 3
4 2 57.8681 2
0 4 75.8973 5
0 1 83.6617 2
2 1 -2.1093 1
5 0 14.766 0
2 4 26.2617 1
5 0 -7.6181 5
4 1 -6.1519 0
2 5 69.6713 2
2 5 21.7297 5
1 4 20.0817 5
3 2 35.1625 1
2 1 45.1499 0
1 2 67.1886 1
0 0 27.2498 4
4 1 28.3412 5
1 4 72.6013 2
1 5 98.4545 2
1 3 39.8957 3
0 1 30.1527 5
4 5 12.367 2
1 2 5.2468 4
3 2 42.5064 4
5 0 28.097 1
4 4 8.4078 5
3 1 7.3264 0
4 3 49.6158 0
2 1 45.929 5
2 2 76.1464 0
2 0 93.0976 1
1 5 10.4579 0
2 3 35.4828 5
4 5 96.0538 0
3 0 91.6117 0
1 2 60.5156 1
3 0 -0.1703 4
1 0 34.9428 4
5 0 83.4997 5
2 1 43.1728 1
0 0 7.5061 0
2 3 95.3437 0
4 2 81.2899 2
2 0 14.2043 0
3 4 27.3056 0
2 1 69.815 5
1 4 10.0595 3
0 3 -4.7009 5
2 0 -5.2514 5
2 1 28.4871 0
2 0 6.0875 2
2 3 75.1101 0
1 2 2.3432 5
1 0 35.8778 4
1 1 0.9903 0
2 2 4.2066 5
4 1 4.4725 5
5 0 57.699 3
2 5 13.1821 3
3 0 -9.1765 1
4 1 99.3841 4
4 1 6.6226 2
4 5 14.4406 4
0 5 -9.8251 2
3 0 55.6756 4
2 1 92.4302 5
1 1 67.9641 0
0 5 43.9015 3
1 0 8.9896 3
2 1 45.3628 2
0 5 95.4686 0
3 4 42.7528 2
0 4 38.9515 3
5 2 19.1329 5
2 0 3.386 2
5 0 23.1121 0
4 2 95.8117 2
4 1 69.2451 2
3 3 42.0605 0
5 1 67.9515 4
5 5 0.963 1
0 3 11.7202 4
1 0 74.2217 1
3 3 55.4125 3
3 5 29.8927 3
5 3 93.1812 2
4 4 74.0795 3
0 1 4.5501 1
0 3 62.9607 3
2 1 21.7254 5
1 3 6.5488 0
3 0 2.722 2
4 4 53.4104 2
1 5 68.9854 5
0 1 28.2366 5
5 0 72.6125 2
3 3 16.3845 2
1 2 -2.6979 3
1 2 76.528 0
4 1 23.2283 5
4 4 77.5602 1
0 2 8.3792 1
3 2 -8.5233 3
1 3 19.4038 3
2 1 76.9386 0
4 5 54.4473 1
2 0 33.8432 1
5 4 11.0028 5
0 3 25.5159 5
2 0 83.5428 1
5 1 78.8256 5
5 5 9.4358 2
3 2 3.3785 5
4 2 45.4029 5
5 4 78.9832 5
5 1 74.5251 5
1 4 87.1275 1
3 2 16.0168 1
3 0 95.9794 1
4 1 17.5121 0
1 0 94.6525 5
5 5 76.8143 4
3 3 55.1033 3
2 3 47.5946 2
3 0 13.5209 4
2 5 20.5084 0
1 0 39.3039 1
4 0 92.0762 3
1 5 70.9817 4
1 2 -6.8708 4
5 3 17.4117 4
5 1 -8.3362 1
2 1 33.0904 3
0 4 71.9891 2
5 0 4.3172 1
5 0 61.9337 0
3 4 6.671 3
3 3 39.6078 2
0 3 53.6328 5
0 1 75.0524 1
0 1 55.3839 1
5 1 -0.914 2
4 3 72.2111 1
5 1 63.4199 5
0 4 74.5135 5
2 3 11.936 5
3 1 7.1194 0
4 5 73.598 5
2 0 -0.6604 1
2 1 6.8147 4
3 5 76.0265 1
1 2 39.0922 5
2 0 83.8871 4
0 0 77.5163 4
5 0 0.333 4
1 0 15.5543 0
4 0 51.8476 2
1 2 29.1404 4
5 0 97.1113 1
3 3 -5.8642 0
4 0 11.9901 1
0 5 85.1155 0
2 1 1.2445 1
4 4 17.1224 5
3 0 67.6998 2
5 5 35.3015 0
3 3 -2.5368 2
5 5 75.8479 3
3 0 76.0944 2
2 5 94.0554 5
4 0 -2.1761 2
4 1 64.8606 2
4 1 51.9003 4
0 5 93.4853 4
1 0 87.4883 1
3 3 -2.0797 4
2 5 51.8685 0
2 1 8.5049 3
0 0 88.6849 3
1 1 12.6491 0
0 1 68.1999 5
2 5 99.1856 5
5 0 33.0456 5
0 1 42.9591 3
0 2 19.9751 3
1 2 7.5752 5
1 2 55.6459 3
2 2 2.9722 4
5 1 67.0791 0
3 0 26.964 2
0 3 68.3175 5
2 5 34.1319 1
0 4 19.0361 2
5 1 58.4202 1
2 4 50.718 1
4 2 9.3654 4
5 1 8.5089 5
4 3 15.0755 1
4 2 58.6513 4
0 1 26.9225 2
3 1 34.3068 2
3 4 11.8311 0
1 4 39.5327 4
4 3 25.1412 1
4 3 54.3783 3
3 3 80.3104 2
2 1 28.1803 5
4 0 28.6145 5
0 1 51.5647 4
4 2 47.2675 3
2 3 57.4558 3
0 4 44.9268 4
3 0 72.0271 2
4 4 64.2726 4
0 0 45.4717 5
5 3 68.657 5
2 2 29.5463 5
3 0 78.5947 4
4 2 40.9428 2
4 2 -0.5232 2
4 3 41.2412 4
4 4 38.5204 0
1 4 74.9934 4
3 4 72.1538 0
1 3 90.7728 4
5 2 92.8624 1
3 4 25.6459 2
1 3 64.0028 2
0 2 52.6739 4
2 5 83.0154 5
2 3 34.7645 4
3 3 62.8151 4
0 4 47.801 2
4 4 -2.857 0
3 3 77.3949 4
4 3 43.3682 3
4 2 87.7595 4
1 0 85.2298 0
1 3 40.8171 5
2 3 26.5449 0
5 1 54.0483 3
4 3 1.19 3
5 3 -0.8787 2
0 2 47.7949 4
3 2 94.2592 2
2 2 54.3326 2
1 3 66.9577 3
0 5 54.7484 1
5 5 97.3367 4
5 2 53.3181 4
3 0 46.928 0
3 2 80.9473 5
5 5 22.8715 5
3 2 36.3973 0
0 0 79.9672 5
0 1 -2.9016 5
1 5 27.9156 5
0 2 64.6255 3
3 2 89.6494 0
0 4 64.7961 5
4 0 85.9992 1
3 5 0.9791 4
3 1 77.616 4
5 5 -1.574 0
5 2 25.7262 2
0 1 75.3324 4
5 0 75.8846 3
5 5 62.8093 2
4 1 95.6027 0
2 0 99.2349 2
2 0 8.4724 3
4 0 5.2608 3
1 3 69.9112 0
3 3 70.3051 2
1 1 89.6022 3
3 1 89.3056 0
1 1 12.0283 2
2 0 -7.5536 3
1 1 -8.081 4
0 5 69.9638 3
1 0 11.4244 4
1 5 49.4128 5
2 0 -4.6627 5
4 3 31.8092 2
0 0 0.4294 2
3 2 74.031 1
3 0 68.853 3
1 3 26.2311 5
0 5 23.102 2
2 4 51.1793 0
1 3 34.1967 2
5 1 78.3658 5
3 1 58.2304 5
4 0 9.9485 5
1 3 95.8978 3
0 0 1.392 3
3 3 0.629 0
5 1 99.4156 0
4 4 81.0817 3
0 3 20.6032 0
5 3 63.6935 3
2 3 51.9561 0
5 5 -5.6768 3
1 1 74.7586 3
2 5 17.3624 0
3 1 91.5651 4
0 1 78.3522 4
5 5 66.1877 1
5 1 52.6286 4
1 0 81.3439 0
2 4 53.1699 0
4 1 38.9504 3
1 0 -6.535 2
4 3 82.0063 0
5 4 -9.2749 1
3 1 20.9729 0
1 4 83.8165 1
4 2 80.735 0
0 3 37.6487 3
5 2 29.3134 1
2 3 89.8025 3
3 0 -6.7099 0
3 2 23.3742 0
5 5 3.1288 5
2 4 80.4706 2
4 4 79.201 5
5 3 18.4998 3
2 4 58.3546 2
0 3 2.3385 1
3 2 59.6182 1
3 4 4.5055 2
1 0 51.7817 4
1 5 42.0845 3
2 3 81.3878 5
2 0 48.1725 4
2 4 77.2777 3
3 5 0.6338 3
5 2 65.3853 4
1 5 3.1875 2
4 2 66.9097 5
3 2 39.9612 2
3 4 40.1187 5
4 0 61.0193 1
0 4 70.0089 1
5 1 31.9563 1
3 4 36.0678 4
4 3 71.5438 0
2 3 40.2522 0
4 3 7.4883 1
0 5 88.2592 0
5 0 1.3651 1
4 2 34.7889 0
3 3 54.5098 4
1 5 89.8491 2
5 2 99.0578 2
0 3 61.4907 3
2 1 25.4841 3
1 5 58.465 5
2 1 18.8127 5
5 4 80.9603 5
2 5 18.1822 1
1 4 23.7553 0
2 4 36.3147 4
0 5 55.1871 4
0 3 97.28 0
2 1 64.7133 2
0 5 81.7876 4
4 5 57.9561 4
1 5 7.4738 0
0 4 -2.8456 2
3 0 62.9354 5
4 1 22.4031 5
5 0 43.8158 5
0 0 2.6682 0
4 0 90.321 1
4 5 36.6863 3
3 0 51.2244 1
5 4 -0.8444 5
3 0 31.6696 3
3 5 95.7659 2
4 1 95.6468 1
5 4 19.6162 4
4 5 3.7658 3
0 2 31.193 2
0 0 84.7569 4
1 5 26.7993 5
5 2 18.6113 3
0 2 12.0467 5
5 1 45.2699 3
3 1 48.0334 4
2 3 90.7013 3
2 5 24.7374 1
1 1 59.4612 3
5 4 59.8316 2
0 0 10.6573 4
3 1 57.2677 0
0 2 16.8064 2
4 4 26.5154 2
3 1 -3.7086 4
4 1 45.2788 4
0 0 7.5486 0
1 3 48.4592 5
1 4 95.9276 0
5 4 37.7459 3
2 5 62.271 5
1 1 75.6162 1
4 5 64.1495 1
5 1 6.5879 4
2 5 50.7413 5
3 1 32.5882 2
5 2 77.8409 5
5 2 22.2962 2
0 4 33.1131 1
1 2 99.9764 5
4 2 60.6592 5
5 1 50.4886 0
4 5 9.3631 1
2 3 40.9879 1
5 5 -0.3587 1
0 2 91.8453 1
4 3 59.7056 5
2 4 -8.194 4
1 2 79.6759 3
3 0 -9.1501 2
3 3 56.8799 3
5 2 0.1893 3
2 4 71.7681 5
1 0 2.4534 1
3 5 6.5236 3
4 3 74.3211 4
0 3 5.0959 0
0 5 51.0957 0
4 0 61.5927 3
5 5 52.9919 0
1 2 34.3036 4
2 5 -2.0055 5
2 2 -3.3896 5
0 4 -8.3113 3
3 1 62.4859 5
3 5 -1.0704 4
1 3 10.8681 3
2 5 99.8992 0
2 0 46.2747 5
3 3 88.2124 4
0 0 50.0861 2
3 5 12.9788 3
0 4 65.3196 2
0 5 34.6694 5
3 1 59.4358 4
3 4 67.3057 0
2 5 22.4841 1
1 0 22.2769 1
2 5 70.9543 1
3 3 52.0383 2
4 1 29.2766 0
1 3 11.3653 1
0 5 76.5333 2
0 3 58.0557 2
5 5 73.7554 2
3 0 69.2238 0
1 3 65.7878 5
5 3 63.9128 4
2 5 2.3028 5
0 1 55.2266 4
4 2 69.6247 3
4 1 37.7005 2
2 0 85.1257 5
4 2 45.5971 4
4 0 28.4506 4
4 4 61.1518 2
4 5 5.003 4
1 4 78.3593 2
4 1 84.8382 1
4 0 71.1308 2
0 5 14.843 3
0 5 42.4446 5
3 4 99.8798 4
1 4 42.543 5
3 4 -6.1614 0
0 1 40.119 0
1 0 20.9977 1
2 4 16.6759 2
5 4 60.568 0
4 2 74.661 5
4 2 90.1421 1
4 0 30.9684 3
0 3 41.3859 5
0 1 35.7462 5
4 1 62.8742 4
4 3 41.1861 3
2 1 68.4654 0
5 4 30.2473 3
1 0 80.085 3
1 4 70.2762 5
3 1 90.2532 0
4 5 21.3062 5
4 0 49.3563 5
2 5 40.0626 4
4 4 -4.5639 4
2 1 51.9462 5
4 2 -0.0173 2
5 3 65.9153 1
2 1 -9.681 3
5 1 76.0384 2
1 0 -1.6127 3
4 2 54.432 4
5 2 46.1605 5
3 4 -4.1346 2
1 5 8.9321 0
0 5 39.6986 3
2 4 40.64 5
5 3 1.8864 0
2 0 68.0655 3
1 1 36.1896 1
4 3 20.3292 3
2 4 -9.5084 1
3 5 -8.2263 3
3 4 81.1571 2
3 2 63.8804 1
1 5 18.2565 4
3 5 72.9102 2
0 4 1.5855 0
1 1 99.9456 0
0 5 47.3924 5
4 2 73.3673 1
4 2 14.415 4
2 5 83.2139 4
5 5 17.8634 0
4 0 20.1461 1
2 1 58.4848 2
4 1 57.4944 5
0 3 -6.5403 4
0 3 73.1532 1
5 4 91.0922 3
3 5 68.5919 5
1 5 29.4325 2
3 4 10.71 5
5 0 89.8393 3
2 3 47.9017 0
1 5 41.1678 0
1 4 35.0686 1
2 4 69.0515 5
1 1 47.1164 0
3 3 92.2426 3
4 2 57.7809 5
2 1 -4.3862 1
2 2 39.2754 3
3 5 17.5054 4
0 5 79.147 0
5 3 91.3639 1
4 0 93.8521 3
4 1 38.3558 4
3 0 54.0385 2
2 4 9.929 0
3 1 77.1826 1
0 1 39.7062 0
1 4 65.9922 5
0 4 52.8617 0
5 2 36.6763 3
4 1 46.2365 3
1 4 46.6336 0
3 5 67.4978 4
5 5 14.314 1
2 0 23.2027 2
1 2 29.2627 3
5 5 4.2217 3
0 1 59.1402 4
1 0 64.6912 0
0 1 18.9355 2
0 0 14.0018 4
2 0 86.9845 1
1 2 58.0415 3
4 1 52.2712 0
3 4 -5.61 5
0 1 85.3366 1
5 1 86.8882 0
0 0 -8.974 2
3 3 59.349 2
4 0 96.3772 5
1 0 0.2894 5
3 1 59.3177 3
3 0 9.7905 1
