2 0 45.2354 4
1 3 22.7428 0
3 3 46.9689 1
3 0 -7.5689 3
0 3 28.7406 3
3 4 99.014 1
0 2 52.5578 1
5 0 41.0676 2
2 1 15.1884 1
2 2 67.8872 1
4 1 89.7392 3
0 0 76.2847 0
5 1 4.5099 1
3 3 74.5099 3
5 4 16.5996 2
1 0 35.1097 3
3 0 62.8896 0
2 3 8.4393 3
0 1 16.4652 0
4 2 84.1251 3
2 5 34.8311 3
0 5 74.4976 0
5 2 48.8552 4
0 5 14.0398 0
1 0 -4.7703 2
1 5 92.4855 1
3 0 64.795 4
4 3 54.9812 5
5 1 -8.0925 1
1 4 16.2441 5
3 1 78.7054 0
0 4 35.3467 4
3 2 11.6322 3
2 1 38.452 3
3 3 8.7908 3
2 2 47.7857 5
0 2 30.3981 0
0 4 46.3553 4
5 5 31.1918 0
5 2 83.4226 3
5 3 41.1294 0
0 1 70.2925 5
0 0 30.7733 2
3 4 75.0993 2
0 0 45.3574 2
3 5 29.5468 0
2 4 69.8059 1
5 5 78.5777 3
4 5 53.993 1
5 1 55.7799 0
2 4 2.6991 3
1 0 64.6554 0
3 5 30.9229 3
1 5 88.3924 1
2 1 54.8484 2
1 1 20.6289 5
0 4 33.0304 5
3 5 83.9734 1
5 1 44.6861 2
1 5 49.8114 0
0 1 9.1673 0
5 2 16.7496 1
0 2 80.1875 1
1 5 57.1635 5
2 0 95.9961 4
1 5 34.5789 2
3 5 8.1982 1
2 4 -8.5951 3
3 5 56.5799 3
1 0 3.0673 1
4 0 82.6747 0
2 1 19.0036 0
2 4 27.4502 2
0 3 23.4793 5
2 4 63.1995 2
4 2 66.9742 0
4 2 -1.9593 2
4 1 71.7153 1
3 3 88.1288 4
4 2 60.0432 4
2 5 17.9489 0
1 2 48.7787 2
1 5 36.5463 1
0 0 25.9111 4
5 4 45.5738 3
2 4 72.5088 4
4 2 57.1273 1
3 3 5.1441 4
0 5 60.012 4
2 1 70.8884 3
5 0 6.9371 5
1 1 94.1974 0
1 2 46.8029 2
4 2 4.0721 4
5 2 31.9261 3
2 0 46.0963 5
3 4 64.3727 3
2 2 12.8011 5
3 4 57.4023 2
3 2 -7.6173 5
2 1 10.349 1
1 2 54.2558 4
3 3 47.685 0
1 1 5.9742 0
1 2 33.2092 3
0 3 46.9822 2
0 1 82.9074 4
5 1 57.6578 5
5 3 43.7954 4
2 5 28.8702 0
4 0 26.4738 5
3 5 8.6087 4
1 2 65.3323 4
4 1 34.5356 5
0 3 89.2909 1
5 3 -0.3841 4
2 5 69.3144 3
5 3 25.0586 4
1 5 36.4185 0
4 2 93.6851 0
0 4 41.7986 2
5 5 51.5553 5
1 4 61.3877 5
4 1 76.188 4
3 5 92.1614 4
2 2 34.3725 3
2 4 0.1437 5
3 5 31.5491 3
0 2 94.8769 3
0 3 54.41 0
5 5 89.4633 0
5 0 1.3498 2
4 0 7.2691 2
2 5 44.5044 3
5 1 28.4626 1
0 0 73.763 1
4 5 89.4302 5
5 5 93.2905 2
2 1 3.2049 3
4 2 60.9843 0
1 1 37.9848 0
0 4 75.6896 1
2 1 54.7919 3
3 3 -9.0889 0
1 2 64.94 5
0 3 71.6888 1
1 3 83.5585 2
3 3 14.9658 2
0 2 -4.2744 2
5 2 21.1632 5
5 1 82.6852 1
0 4 52.3939 1
0 3 81.2604 0
3 0 35.0636 2
4 4 49.8188 2
5 4 -5.569 4
5 2 88.3457 4
1 5 98.983 0
2 2 68.1609 5
1 1 70.86 3
1 1 15.9238 2
4 5 6.9732 1
2 0 66.1175 3
2 0 34.7529 1
0 4 32.9339 4
5 2 49.8825 2
0 5 30.3654 3
5 0 96.8577 1
1 5 63.0898 1
5 0 15.6823 2
3 3 60.9779 5
5 4 75.2461 3
5 1 86.3465 4
2 3 30.1941 4
0 2 50.7082 5
2 2 30.8407 3
2 0 3.6754 0
0 4 55.2784 2
3 4 44.988 1
4 2 69.2042 1
1 0 57.7626 0
1 4 51.0243 4
2 3 44.862 3
2 3 62.9122 1
1 3 93.9438 3
4 3 87.9864 4
2 4 25.3663 0
5 2 42.0139 2
0 5 40.2195 5
4 2 53.1324 3
5 0 3.7593 2
0 5 60.9008 0
5 0 26.0383 3
0 0 93.0953 1
1 3 10.5641 0
1 0 76.4923 2
1 4 69.5227 1
3 4 5.5819 1
2 5 85.8198 1
1 4 39.2505 2
3 3 95.1169 1
0 5 85.8195 1
3 2 -4.3664 3
5 2 25.6661 4
1 5 18.4728 0
1 1 33.4808 0
3 2 29.392 0
5 1 2.5115 5
2 4 77.3682 2
1 2 16.7 4
0 3 0.4703 2
4 4 33.102 5
0 1 25.9928 5
2 4 15.0776 4
3 1 93.4177 4
4 2 31.7027 2
2 1 71.3216 4
0 2 99.3074 2
2 4 61.048 2
1 3 -6.3122 1
3 5 27.4152 5
2 3 47.1683 0
5 2 48.4479 3
1 4 -0.8834 2
5 0 12.6621 2
2 4 92.4004 4
2 2 78.3024 0
1 5 90.1301 2
3 4 76.4764 1
1 5 47.6493 3
4 0 55.9596 4
5 1 77.562 3
2 4 55.1652 2
4 5 52.9139 5
0 0 36.8053 4
3 2 7.8892 4
2 0 59.72 2
3 5 45.9174 3
3 3 70.6879 5
1 5 51.5032 4
0 3 48.2814 2
4 2 39.5025 4
4 1 96.6839 4
0 2 11.1988 5
1 4 -0.797 3
5 1 43.8252 1
4 4 12.9692 1
1 5 84.1688 0
3 1 82.451 5
5 3 -1.2892 3
4 0 -3.5925 4
1 1 54.8015 3
1 0 70.6497 0
4 1 56.8207 3
1 3 -3.9202 0
2 1 31.2558 1
0 1 91.2778 1
1 2 46.1432 2
1 3 -9.0364 1
3 1 35.8487 3
2 3 84.8629 1
0 0 66.8993 0
5 5 48.3555 4
1 2 35.3182 0
4 3 13.8473 4
4 1 -4.6159 2
5 0 59.8886 0
1 0 48.1834 1
1 1 69.1817 5
5 2 51.5784 2
1 1 75.5533 3
1 2 82.0981 4
1 5 16.3545 5
1 5 9.3655 0
5 0 84.0213 0
3 2 72.2325 5
5 0 57.0813 4
0 0 55.0701 3
3 4 55.2566 0
5 0 75.0114 3
1 1 7.2004 5
1 2 53.0776 2
4 3 67.5404 0
3 2 7.3485 4
2 4 53.7832 2
2 0 98.5429 4
3 3 82.5676 5
1 4 33.7893 3
3 4 -8.4726 2
0 2 89.365 2
1 5 71.9591 3
0 1 49.002 5
0 0 36.549 5
3 5 35.7584 2
1 1 40.2529 4
4 0 94.5124 5
1 4 13.1521 5
1 2 32.3506 0
3 5 -8.2507 4
5 0 76.0673 4
3 5 70.7748 5
5 5 57.5678 1
5 4 32.4256 1
2 1 81.7407 2
2 2 84.5812 5
4 4 19.0209 0
2 3 85.8642 2
1 3 45.5167 3
1 0 53.0996 0
0 3 40.803 1
3 0 92.7316 0
2 2 43.8373 4
3 4 21.5899 2
0 3 15.6895 5
5 0 -8.8499 1
4 1 44.5647 3
3 5 49.407 4
0 4 -4.6426 4
0 4 32.6955 4
1 3 51.0074 2
0 1 35.8024 4
4 4 -7.0775 0
4 1 68.2875 5
4 5 73.4114 2
1 3 55.0176 4
0 5 16.292 2
2 5 27.8605 5
0 5 92.9764 3
5 2 70.4467 1
3 4 53.9144 3
5 5 81.5279 3
4 0 13.6356 4
0 2 40.8408 2
4 1 50.0696 4
5 5 98.7391 4
0 3 51.7532 4
3 5 67.3592 2
2 0 89.6011 0
1 1 29.9176 1
3 3 3.3109 0
4 2 82.9985 5
4 5 0.3448 3
5 4 94.0002 0
2 0 68.9537 4
4 0 51.9234 5
4 4 77.9775 2
3 0 34.6321 1
1 4 -9.8847 4
5 3 38.3667 4
1 2 50.6989 5
1 3 53.5441 0
2 0 37.0515 5
5 2 20.7351 2
5 3 19.8994 1
5 0 10.3975 2
2 1 22.8258 2
2 1 -7.478 2
3 0 85.0477 1
5 3 -0.0705 0
3 1 97.0183 2
3 3 20.56 4
5 4 -3.9949 3
5 4 34.9761 5
4 5 12.3195 3
1 2 83.7803 2
4 0 9.3532 4
2 5 79.4099 0
2 0 42.862 1
4 2 9.5599 5
2 3 4.9908 3
1 2 81.4481 4
4 4 43.6961 2
0 1 95.3567 4
2 3 32.0406 2
4 5 34.5948 4
4 1 62.2496 4
1 1 68.3163 0
1 0 16.8162 0
2 4 56.5021 1
1 0 66.5234 1
3 4 85.8247 4
0 3 12.2335 5
3 0 24.6835 2
2 1 28.5224 5
2 0 91.4541 1
4 0 1.3644 0
2 5 12.1774 0
0 1 65.7562 0
0 2 36.9579 0
4 0 5.893 1
4 1 40.5808 1
3 3 88.3734 0
5 1 37.4982 4
3 5 37.9475 3
2 4 34.276 4
5 2 97.3793 5
3 4 96.2518 5
5 0 38.1813 5
0 3 27.6601 2
4 3 99.5705 4
3 3 5.6737 2
4 5 22.344 1
3 5 83.1629 4
3 2 18.5576 1
2 2 14.7044 0
5 4 3.4117 2
1 2 11.5747 3
2 1 26.86 0
0 2 70.8623 3
0 4 -2.7889 0
1 4 83.5081 1
2 2 63.1718 4
3 2 81.0361 4
3 2 26.6647 0
2 5 1.7101 0
5 0 93.6561 1
1 1 6.4257 5
1 5 92.604 3
0 3 65.2045 4
2 1 73.555 0
3 0 74.791 1
4 2 33.7863 2
5 1 81.6683 2
2 1 71.8151 1
2 1 -0.3021 2
2 5 76.3373 5
0 1 60.9387 0
0 0 44.9391 3
3 0 73.1131 1
4 3 12.9305 2
3 1 55.9998 4
5 4 27.3857 3
0 4 42.7516 4
1 5 15.3136 2
5 3 82.3801 0
3 2 34.8396 3
4 5 40.1338 2
3 2 47.5774 2
1 5 9.1165 5
0 5 14.7717 3
4 0 76.5593 0
1 1 36.0274 2
0 2 31.551 4
0 0 2.2952 0
1 1 86.6868 0
1 5 79.6298 4
4 0 21.5731 4
0 0 7.3591 5
1 2 79.4322 1
1 1 52.6364 3
4 0 78.2508 3
2 5 -4.6775 5
5 1 77.563 3
5 1 79.9514 4
0 4 88.6046 3
2 2 57.0332 5
3 4 -3.9075 5
4 0 29.0055 3
0 4 68.4732 1
0 4 3.7001 4
1 3 82.2785 4
5 3 36.058 2
2 5 -8.3256 4
1 2 97.7987 0
4 2 2.1578 1
3 0 51.5855 3
4 5 29.8115 0
4 4 7.7899 1
1 4 30.9288 1
3 4 43.8657 5
0 0 45.1365 3
0 0 3.0344 4
0 1 34.6784 3
4 2 36.7654 0
4 1 84.2006 2
4 1 90.3367 2
4 4 74.5302 2
0 5 53.213 5
2 1 97.3777 2
4 4 8.803 2
0 2 79.9394 5
4 5 63.6992 3
1 2 9.3838 2
3 5 11.8693 4
2 2 48.7167 0
5 1 51.5525 1
1 2 13.2162 5
1 2 -1.0448 3
3 2 20.8739 0
0 2 74.6999 0
5 3 11.6151 1
0 1 2.0928 4
4 0 26.3347 1
5 0 74.6297 5
4 0 92.2159 0
0 3 -6.1763 5
1 1 30.2577 1
4 3 91.4897 3
0 4 97.0793 5
3 5 11.2857 4
5 2 45.6206 3
4 0 2.6676 4
4 3 39.1834 5
5 0 24.2275 3
2 1 56.9034 4
1 0 10.2965 3
5 4 78.4422 1
1 1 10.0265 1
0 3 42.2897 1
5 1 47.2859 0
0 1 80.9279 3
5 5 64.8417 5
1 0 -8.553 5
0 3 37.469 5
2 0 19.4571 2
5 0 79.3006 4
3 2 31.7691 2
0 1 58.4406 2
3 4 88.1265 2
1 1 33.6367 5
3 5 42.0978 4
1 1 -2.8986 1
2 3 26.0616 3
0 3 21.573 4
4 5 -2.8214 0
4 2 69.2879 4
1 5 0.0996 0
1 3 -0.226 1
3 2 55.9111 1
1 1 39.9223 3
4 2 57.0455 4
0 1 63.357 1
3 2 21.8988 5
1 0 32.4373 1
5 4 20.6361 5
5 2 36.8033 0
5 2 7.8519 3
0 0 65.2833 1
4 1 65.8939 2
1 4 48.8382 4
4 0 2.0704 5
4 4 95.092 0
1 3 59.8616 1
2 0 27.0098 1
5 2 52.7318 3
2 4 27.6902 4
1 3 20.7589 1
2 2 75.6714 3
3 2 33.7156 4
2 3 22.9894 5
5 3 24.1196 5
3 4 54.323 0
2 5 83.2042 2
4 3 21.5342 4
1 1 99.4092 0
4 2 27.1838 4
4 5 5.3838 2
3 3 37.0765 5
3 0 31.2706 5
1 2 48.0678 3
2 3 -9.0061 2
1 4 -4.9101 2
2 5 -6.8003 4
5 4 70.8371 4
0 1 7.6247 0
2 1 -3.7265 4
2 4 48.2407 2
0 4 31.4819 3
3 3 71.4883 4
3 3 33.8744 4
2 3 67.0024 3
2 3 86.6077 2
3 1 54.3566 1
3 0 86.091 4
1 1 -8.7611 4
5 0 37.0322 5
2 3 56.5793 2
1 3 18.3424 3
4 0 91.1739 4
2 4 38.0354 5
1 5 23.8735 1
1 5 91.0205 1
1 1 75.0051 5
3 4 26.0277 0
0 1 1.9023 2
4 3 46.2427 1
4 5 90.6196 4
0 5 22.2083 1
5 4 19.06 0
3 0 34.4873 3
0 3 7.9527 3
5 0 -8.4904 3
4 5 53.1217 0
3 3 49.0831 1
1 1 3.2237 0
0 1 14.7076 3
0 1 53.7259 5
2 5 30.0016 3
1 2 75.3049 4
3 1 57.7052 2
4 1 99.2378 3
0 3 85.0759 2
0 0 87.6864 2
4 2 34.4975 3
0 3 46.0027 5
3 5 -4.9121 1
5 1 95.786 1
2 4 76.3808 3
4 0 54.7484 1
2 1 16.7968 3
0 4 54.7688 5
4 4 43.8483 5
3 3 43.3675 2
2 0 95.9457 4
5 5 33.1328 3
4 1 -0.1023 1
0 2 9.6009 3
0 1 -8.5792 4
4 4 97.655 3
1 5 48.0196 2
3 2 94.2848 2
1 4 56.6708 1
5 3 77.8379 4
3 2 52.8722 2
4 5 24.5848 0
0 4 21.8469 0
1 2 55.0829 5
5 4 43.0632 0
4 3 -3.7426 3
1 4 54.8474 0
2 5 91.8824 4
4 3 47.1437 1
1 4 4.1515 4
1 1 42.3631 1
3 3 21.9556 0
1 5 39.5557 5
0 3 3.2263 0
4 0 39.7274 0
4 3 39.9229 3
0 1 33.7368 0
2 2 7.5354 4
4 5 29.4193 0
4 5 3.0941 1
5 5 50.0178 4
4 3 87.4878 0
5 5 0.7365 3
3 1 9.6633 5
1 4 21.8242 4
3 3 64.675 3
4 0 51.3478 2
5 0 8.0781 3
1 5 20.8269 2
5 0 10.7652 4
2 5 49.2238 3
3 5 36.4852 0
4 5 47.835 3
0 4 31.2027 1
0 2 47.6676 1
0 4 -2.5815 4
2 1 15.6841 3
4 3 10.7303 0
1 3 55.0769 0
0 5 65.0893 1
2 4 76.2746 1
2 0 71.1687 0
0 2 5.0576 0
4 1 82.7459 1
4 2 74.2043 3
5 4 17.1898 1
1 0 51.8578 1
2 0 10.0532 0
5 1 74.7236 5
3 3 91.0792 5
0 1 46.1709 3
4 0 66.2494 1
4 4 37.1941 2
1 2 65.3045 4
0 3 73.4672 1
5 2 65.7028 4
2 1 54.3165 4
4 3 3.5068 2
3 4 66.8727 3
2 5 52.6762 3
1 5 55.4997 3
3 3 50.4311 4
3 1 72.161 5
1 2 89.1867 2
2 0 40.0124 2
2 3 13.7185 3
0 2 24.0476 4
4 1 9.1513 1
3 0 86.6224 3
3 0 12.4286 5
3 3 41.2962 4
0 3 15.165 5
5 1 95.5911 1
2 0 21.3484 0
1 5 62.0617 0
3 3 92.6024 0
4 0 27.1083 4
4 4 18.4983 2
4 0 45.6918 4
4 2 8.2204 2
0 0 95.662 4
2 3 1.3494 4
5 5 73.0068 3
5 1 -6.0464 4
1 3 48.8023 1
3 4 47.038 4
0 0 18.9589 4
4 2 96.8787 4
4 0 62.3421 5
2 0 4.2146 4
4 4 11.4794 0
0 4 -0.9957 4
1 2 74.8383 1
0 0 74.8647 5
5 0 27.3583 2
5 2 77.9108 4
0 1 74.4315 1
5 0 62.1267 2
0 5 44.7574 3
3 1 5.5845 2
5 4 15.3026 4
5 3 99.9442 0
5 4 74.728 2
4 2 75.9947 0
4 1 28.9579 0
5 5 54.9875 2
1 5 55.1767 3
1 2 71.4956 2
3 0 46.5618 1
1 5 12.2502 0
3 0 39.0346 1
1 4 18.2185 2
4 2 69.3949 2
1 4 50.8264 4
1 3 31.5605 3
5 2 8.9463 3
3 0 38.0926 3
3 4 71.3269 0
2 5 68.8343 2
2 2 91.5315 0
4 1 92.1607 3
1 2 30.9776 1
2 2 4.3137 1
2 5 -2.0487 2
4 2 9.9518 1
2 0 55.5587 2
3 3 84.6445 4
5 2 -5.8699 1
5 0 37.6796 0
0 1 71.0974 1
0 1 82.7234 2
5 3 86.1412 0
1 3 88.6841 4
5 0 75.7485 1
5 0 45.5363 3
3 1 37.1008 3
1 4 52.2392 0
5 3 53.5823 3
3 5 48.915 3
1 3 40.3209 4
2 2 99.9967 1
0 0 24.5971 2
3 2 -3.668 2
0 2 38.4176 2
4 4 70.4182 4
0 5 69.9721 1
0 0 9.4033 5
2 4 13.549 5
1 4 19.0781 1
1 5 56.6969 0
0 2 74.4558 4
3 0 30.8234 4
2 4 0.7225 5
2 5 37.7977 3
2 0 10.4231 5
1 2 79.0043 0
0 4 74.7445 0
0 0 38.3952 3
4 2 53.4861 3
0 1 87.948 5
5 3 74.6864 2
3 2 12.3155 1
2 0 -2.8944 0
2 0 54.6162 5
2 4 -9.52 0
0 1 27.3825 1
2 3 40.2065 2
2 3 -1.5747 4
5 0 39.7688 0
1 0 37.4524 5
4 2 58.196 5
5 1 40.8987 0
3 2 68.5635 1
3 5 68.7398 0
4 1 42.5526 0
2 2 47.1434 0
4 2 52.8774 3
2 0 40.8878 4
2 2 85.542 0
2 3 81.4709 0
1 5 19.9088 2
3 1 73.9264 2
2 0 7.4983 4
5 2 89.5883 0
2 2 24.2873 4
4 0 48.8563 1
5 4 -3.4119 0
2 4 20.8985 2
2 0 13.7203 2
2 1 30.7708 3
0 0 -4.983 1
4 5 74.5958 2
1 5 92.2061 3
3 3 51.7467 1
1 0 -4.1521 1
5 4 88.7225 0
1 5 15.548 3
1 5 -4.6901 4
3 5 74.7822 0
4 1 63.0745 3
4 2 66.9676 4
3 2 99.7584 3
5 4 67.6598 0
2 3 80.0746 1
0 0 95.7864 5
0 0 54.3372 5
4 4 58.6198 0
4 2 11.8463 3
1 3 30.0919 5
2 2 48.8451 0
3 2 80.8093 0
3 5 16.5879 2
2 2 60.8531 3
2 3 30.1394 0
3 0 56.5743 5
4 1 -7.8519 4
1 1 59.21 4
5 3 66.5071 4
5 3 8.4901 0
0 0 54.5141 1
5 5 58.5726 4
0 5 89.4261 4
4 3 90.0286 0
3 1 96.6998 0
1 4 1.7896 1
4 5 52.7042 1
4 2 52.3497 1
2 0 20.0127 5
5 2 45.7243 1
0 0 41.5738 3
5 0 66.5723 0
0 0 45.8284 1
5 1 94.7419 4
2 2 88.2749 4
0 0 63.9065 2
0 5 7.2077 5
1 2 61.722 1
2 5 28.7495 1
4 4 -9.2335 3
5 4 97.3427 1
0 2 52.4268 1
3 1 90.5112 4
5 1 50.9603 0
0 0 -6.0772 3
5 0 62.4366 3
1 4 -7.1321 5
2 5 79.5047 2
3 1 -0.433 5
2 5 87.8449 2
2 4 65.8272 5
3 5 92.121 1
4 2 82.6688 2
2 2 31.2537 0
4 0 47.0201 1
0 0 -7.1947 5
1 2 28.063 1
1 4 62.5771 0
0 5 75.556 5
5 4 79.0261 4
0 0 7.9076 5
1 1 98.741 1
0 3 -4.5299 2
5 1 55.9056 1
5 1 84.925 2
0 1 34.6446 2
0 1 42.4361 3
5 5 67.6437 4
5 2 5.8181 2
2 2 3.9942 5
4 5 70.6715 3
4 4 69.2851 4
2 2 3.9728 5
1 2 19.243 2
3 5 67.4558 1
3 3 27.4671 4
3 5 0.502 4
5 2 57.3751 1
5 5 70.8837 3
2 0 82.9777 1
2 5 82.775 2
3 0 47.5421 3
2 4 38.1884 2
1 5 20.3689 4
3 1 -9.0768 0
4 2 24.1779 3
4 1 69.5465 2
2 2 77.5197 0
4 2 -6.323 0
4 1 18.6069 5
5 5 61.4789 5
5 2 30.4779 2
5 2 -8.0154 1
2 4 21.5507 5
1 3 94.2458 5
1 4 89.7086 0
4 2 42.129 5
3 3 27.5704 3
1 3 -9.6713 2
5 3 -8.0313 5
1 3 54.9451 1
0 4 29.3557 2
1 4 84.8339 3
3 2 17.4021 4
5 3 96.0425 5
3 0 64.1294 3
0 2 13.5941 2
4 0 81.8268 4
3 0 36.763 1
0 1 -6.007 4
2 5 82.5715 5
4 3 12.8671 0
4 4 65.2791 1
3 3 68.7792 4
1 5 97.6433 0
5 5 25.4243 3
5 2 38.216 2
4 3 89.7094 0
2 3 29.4995 2
2 1 75.2209 3
2 1 10.0332 1
2 2 -3.0598 4
5 3 56.5543 3
0 3 10.2513 2
0 5 71.4982 5
3 3 80.6776 4
2 5 68.5736 0
5 1 45.9848 1
1 1 39.6947 5
3 5 90.9721 0
5 2 57.357 3
1 3 90.9755 2
4 0 58.8295 5
0 2 89.7422 0
3 5 6.3753 3
3 2 51.6401 2
4 4 -4.0538 3
3 1 77.8691 1
2 1 48.4889 3
5 0 29.3699 0
1 1 43.8134 4
4 3 51.5383 0
5 5 46.2822 3
3 0 65.2924 4
2 5 53.0764 2
2 2 76.0749 4
3 3 81.9979 0
3 4 6.5142 0
1 1 86.5755 5
0 0 -1.1494 4
1 4 90.3291 2
1 0 21.8719 3
5 3 5.9497 5
5 5 64.6038 5
4 3 41.9656 3
3 0 54.1819 2
4 2 77.6337 0
0 4 9.5631 3
0 3 41.4116 1
1 0 84.8644 0
4 3 92.0487 1
0 4 45.7224 4
2 2 4.5205 3
4 4 31.839 0
1 1 67.324 2
2 1 35.0382 0
0 5 76.3963 2
1 3 98.4778 5
4 5 34.7889 2
4 4 -0.2092 2
5 0 -3.664 3
1 0 78.2066 3
2 3 85.2521 2
3 0 90.9977 2
1 0 32.3598 3
2 1 37.5409 5
5 1 42.9486 1
0 1 96.4872 1
