3 2 22 1
3 3 48 4
2 5 38 1
0 4 41 1
5 3 59 0
2 0 8 5
1 5 81 1
5 2 30 5
2 4 15 5
1 3 39 0
5 1 74 2
2 2 74 2
0 1 71 0
2 4 -9 1
4 4 38 1
4 3 71 5
2 1 16 4
2 1 31 4
5 5 76 2
5 0 19 3
1 1 5 2
5 3 55 3
5 2 99 0
5 4 63 1
1 3 86 5
2 3 26 4
5 2 92 4
3 5 52 0
1 4 78 4
5 0 97 2
5 5 80 1
2 5 77 2
1 2 81 1
3 1 58 5
5 4 21 0
4 4 68 4
3 2 14 1
4 4 74 3
5 2 18 1
5 2 -9 2
2 1 33 3
5 5 66 0
5 2 -2 5
4 4 53 3
0 4 20 2
4 1 84 2
2 0 8 5
3 1 37 3
2 5 47 5
5 5 18 5
4 1 4 0
5 1 45 2
1 4 44 5
1 0 18 3
4 1 96 4
5 0 0 0
0 5 12 4
2 0 67 1
5 5 -1 0
1 5 -6 0
5 0 97 2
3 2 6 5
0 1 39 4
1 4 58 1
0 4 69 5
3 4 42 2
0 0 2 4
5 4 3 2
3 2 91 0
2 3 46 2
5 4 80 0
2 4 54 3
5 5 -1 5
3 1 51 5
4 0 31 4
2 3 23 3
0 2 -7 0
5 4 71 5
1 0 13 3
1 1 86 4
1 2 54 0
5 3 28 2
5 5 90 2
3 1 39 5
0 0 28 3
3 3 34 2
4 2 -8 0
3 1 31 2
1 5 5 1
3 4 86 0
1 4 32 1
2 1 93 4
2 0 61 5
1 0 17 0
4 0 5 2
5 4 80 1
2 4 92 3
0 5 43 4
0 5 -5 1
3 3 12 3
3 0 27 1
4 2 54 5
0 0 45 0
2 4 44 5
4 5 12 5
5 3 -2 3
0 3 40 2
5 1 18 1
5 3 38 1
1 3 34 2
3 2 97 3
5 2 46 5
1 2 90 0
3 5 80 2
1 1 35 0
2 0 11 2
0 4 81 2
5 5 37 5
0 2 -4 3
5 4 39 2
0 0 84 0
3 4 55 4
5 4 96 1
4 3 80 0
5 1 -8 4
2 3 46 4
3 1 17 1
5 4 86 5
4 3 0 0
1 4 46 5
1 0 22 3
4 3 18 2
3 5 26 5
2 0 57 0
4 0 9 1
0 5 97 1
3 2 83 4
5 4 72 4
0 2 15 4
4 1 1 3
1 5 52 3
5 2 98 4
1 5 94 0
0 5 8 4
1 3 29 3
4 1 11 1
0 3 85 2
5 0 -3 4
1 5 10 2
1 3 88 3
2 3 -8 0
1 1 93 1
4 5 68 0
4 1 62 5
3 5 4 5
4 5 48 5
1 3 90 4
1 5 55 2
4 3 26 1
0 4 78 5
2 1 6 2
5 5 -1 1
3 1 70 4
3 1 -5 1
0 4 40 0
1 2 65 0
0 4 99 1
1 0 7 5
1 5 4 5
0 2 92 0
0 3 75 5
5 3 60 0
4 1 53 0
5 2 0 3
1 5 61 5
1 1 -5 4
0 0 67 0
4 5 96 3
5 4 91 3
4 2 61 2
3 2 74 0
2 4 99 5
1 0 83 2
2 4 87 0
5 1 48 0
0 4 76 2
3 3 97 3
2 4 10 2
4 0 13 4
2 4 22 4
5 1 58 3
3 2 41 4
1 1 92 1
5 5 56 5
3 3 85 1
0 4 78 3
3 3 3 2
1 1 2 3
1 3 -1 4
2 5 47 4
4 2 95 5
2 1 88 5
4 2 -8 5
2 3 -1 5
0 1 58 2
1 1 83 4
3 3 13 3
3 1 80 1
3 0 64 4
2 4 95 4
0 1 41 5
1 5 86 0
1 0 5 2
3 2 57 3
2 5 44 0
5 5 22 0
4 0 95 4
1 0 90 1
5 3 20 4
1 0 -9 0
5 4 42 2
5 5 16 0
0 2 0 0
4 0 89 3
0 2 60 5
2 0 -3 2
0 4 1 5
4 3 74 5
4 5 75 5
5 1 5 5
5 3 56 4
5 1 11 0
5 1 -8 3
0 5 69 5
4 0 48 5
2 1 54 5
0 2 52 5
5 2 61 4
4 2 74 5
4 5 22 5
0 0 15 3
5 2 72 5
2 2 1 4
5 2 92 3
2 0 99 3
5 2 8 0
0 0 81 2
2 2 70 0
0 0 20 5
4 1 57 3
0 0 50 2
4 1 63 2
0 4 78 5
4 0 87 4
3 0 71 2
4 2 19 3
4 0 17 2
5 0 -7 4
3 4 70 2
0 5 43 5
0 2 59 0
5 5 0 2
5 4 27 5
4 2 95 5
2 1 86 4
3 3 92 2
1 0 89 4
2 5 24 3
1 3 63 2
3 0 34 0
1 2 20 3
1 3 -4 3
0 5 75 2
1 3 49 1
3 3 76 5
3 1 -9 4
3 0 32 3
1 2 92 3
1 0 63 4
1 2 64 5
1 4 79 4
1 0 -8 5
3 0 76 1
5 3 18 2
2 0 44 3
2 0 59 5
2 5 78 5
0 3 90 5
5 5 98 0
4 1 55 3
0 2 84 5
0 5 80 3
0 2 89 3
4 3 64 0
1 1 59 1
2 0 86 2
5 0 5 3
4 4 94 1
5 0 12 5
1 4 30 1
5 2 -9 4
1 0 83 2
0 3 42 2
3 2 40 0
0 1 27 3
4 1 -8 0
0 4 63 5
5 1 0 2
5 4 56 2
0 4 42 4
1 0 82 3
1 3 44 4
5 4 72 0
2 0 78 4
0 2 -1 2
4 4 81 0
5 5 1 0
4 1 -8 4
4 2 83 0
4 0 26 5
1 1 9 4
2 3 80 1
1 3 -7 3
1 4 -7 1
5 5 81 3
5 2 57 2
2 0 43 0
1 5 27 3
3 2 88 4
5 1 26 3
0 0 58 5
0 5 46 3
3 4 55 2
1 4 53 1
2 1 5 4
1 0 93 5
1 5 21 5
1 3 86 0
3 3 84 2
0 4 11 5
3 2 62 4
0 4 26 4
5 3 14 3
5 3 -1 2
3 0 96 0
1 0 62 3
5 5 -3 1
3 2 42 1
3 0 59 4
5 1 45 1
4 1 89 2
5 5 -9 4
5 2 21 4
5 1 28 3
5 1 17 5
2 3 41 2
0 3 58 0
4 5 -3 0
5 0 50 2
3 3 10 2
3 3 11 1
2 2 35 3
4 1 97 3
2 0 91 2
1 5 92 0
0 4 93 2
5 2 80 4
4 5 29 0
5 5 92 1
1 3 93 2
1 2 47 3
3 2 7 2
4 1 1 5
0 3 30 2
0 0 23 3
4 2 67 0
5 4 16 5
0 3 65 1
4 1 44 0
2 3 17 1
2 3 100 4
4 0 19 5
2 3 95 1
3 3 96 2
3 2 56 5
0 4 37 2
0 1 79 0
1 5 17 2
0 5 -3 1
4 3 14 5
0 0 50 3
4 2 6 0
1 5 4 0
0 1 86 4
5 3 24 2
1 5 2 0
2 5 61 3
1 1 89 0
5 4 57 0
1 5 -1 0
2 3 50 2
4 1 -4 0
4 3 47 5
5 5 -9 4
3 4 71 4
1 3 37 3
1 1 -7 5
1 1 44 1
4 2 13 2
1 0 54 5
2 2 98 2
5 3 59 4
3 4 0 5
0 4 39 2
0 1 80 5
0 5 62 2
4 3 20 1
5 4 68 0
3 1 1 2
5 3 53 3
5 4 81 2
1 5 64 3
0 5 78 2
0 4 94 3
3 1 27 1
0 5 46 3
4 5 2 0
3 0 40 0
1 0 22 5
3 2 1 2
2 2 88 3
4 4 13 0
0 5 7 0
5 5 92 0
3 0 48 1
1 5 91 3
3 0 91 3
5 1 83 5
1 0 16 2
4 2 97 1
4 4 99 4
0 4 2 5
2 4 63 3
4 3 -1 2
5 5 56 5
3 5 96 0
3 2 -2 4
1 1 53 5
0 1 50 4
5 1 -6 2
3 2 70 1
5 2 -2 2
3 3 84 2
0 1 57 5
4 2 60 3
5 5 81 5
2 1 17 3
0 4 2 4
5 1 41 3
2 4 77 3
3 5 48 3
3 3 43 1
2 1 62 4
5 4 97 5
3 5 99 0
3 1 64 0
5 0 54 4
4 4 7 0
0 5 11 1
1 5 94 3
4 4 84 4
4 4 43 0
5 4 12 3
4 2 41 0
0 1 93 2
2 5 50 2
1 0 41 4
3 5 75 5
2 3 86 3
2 4 75 4
4 4 20 1
4 1 19 3
1 2 77 1
4 2 16 0
3 1 16 5
3 5 -5 0
5 0 82 3
4 4 71 2
0 3 12 3
5 0 67 4
3 4 45 0
0 1 2 2
1 3 44 3
0 0 14 4
3 1 37 3
0 0 39 0
3 1 0 4
5 1 21 2
4 1 43 2
1 4 63 0
3 3 90 1
1 0 65 1
5 0 95 3
4 2 40 5
0 4 17 1
1 1 13 0
0 3 40 4
5 2 90 2
1 3 40 2
3 3 71 4
5 4 40 5
1 0 16 3
4 5 -8 5
4 2 90 3
4 0 17 4
2 5 49 4
5 2 1 5
0 4 89 5
2 5 -2 3
1 3 17 2
3 3 10 2
5 1 -3 2
3 1 -4 2
3 4 30 2
2 4 61 0
1 3 77 5
4 2 60 5
2 1 2 2
3 2 96 0
4 4 32 3
0 3 99 4
1 2 44 5
5 2 84 4
2 2 -8 3
1 3 66 3
0 4 63 2
2 3 48 3
4 5 45 4
3 4 56 0
0 0 28 4
2 1 -1 5
0 2 15 0
2 3 70 5
5 4 43 5
5 0 46 0
4 1 20 4
0 5 -10 4
0 3 67 5
5 2 2 3
4 3 87 0
0 2 67 1
4 0 54 3
2 5 52 5
0 0 49 3
0 2 51 4
0 3 -8 4
2 5 77 4
0 3 32 0
2 3 59 1
4 0 18 1
1 4 77 1
3 2 57 3
2 1 49 2
4 4 85 1
5 2 44 0
1 4 53 3
2 3 59 2
4 3 -5 4
2 0 68 2
0 1 50 1
2 4 92 4
1 5 13 4
1 3 3 1
4 5 6 4
2 3 96 5
5 0 70 5
4 2 73 1
1 5 89 0
3 3 32 5
3 0 18 4
4 1 74 1
3 5 90 2
4 2 92 5
1 3 42 2
4 3 0 5
2 3 -7 5
3 1 -7 1
3 2 72 1
3 0 1 5
1 5 32 2
3 1 51 3
2 5 47 1
4 3 72 3
5 0 70 0
5 0 -9 0
1 0 23 0
2 1 58 1
1 2 24 1
2 3 69 5
2 1 70 0
2 4 46 0
4 5 9 3
4 4 -7 1
5 5 52 5
2 1 3 5
3 2 99 3
1 1 57 1
3 1 80 3
2 4 25 2
1 2 8 2
4 5 18 0
4 0 70 5
5 3 88 2
0 0 18 3
2 0 86 2
3 0 80 5
0 3 95 4
1 1 25 1
4 3 30 1
5 0 88 4
5 0 41 0
2 3 -8 5
1 3 62 0
0 1 36 0
5 4 27 0
0 3 9 0
3 3 52 3
4 0 -3 4
5 1 9 5
3 0 65 1
1 0 -1 2
0 1 9 4
2 4 5 4
0 2 78 3
3 1 54 5
4 3 44 5
1 1 93 0
1 3 69 3
0 4 66 4
1 0 90 3
2 1 89 3
1 5 80 2
3 5 18 4
1 3 5 2
1 5 32 2
0 3 -3 4
5 5 98 2
2 0 4 0
1 3 37 2
3 2 86 2
3 4 36 2
2 5 16 2
4 1 6 4
3 4 72 5
4 2 96 2
5 0 0 0
5 2 25 1
1 0 98 0
5 5 68 0
3 5 -9 5
4 0 33 4
1 5 42 1
0 4 56 2
1 5 -6 1
0 0 40 0
0 5 50 2
3 5 1 0
1 1 85 5
2 3 1 5
0 5 -1 0
5 4 13 5
4 5 28 3
3 2 63 1
4 4 81 1
1 4 22 0
3 1 53 1
2 0 -2 2
0 3 8 3
0 5 27 5
1 3 -6 3
4 5 15 4
5 4 54 3
1 3 98 5
0 4 12 0
1 1 81 1
4 2 70 5
0 5 3 2
0 5 81 4
0 3 -2 2
0 2 -7 5
5 0 -2 2
4 2 20 0
5 0 71 4
4 1 74 2
1 0 40 0
1 1 11 4
4 0 4 1
0 2 56 3
0 4 77 4
0 2 89 0
4 4 60 5
2 1 11 4
0 1 41 3
0 2 50 1
2 0 2 5
4 5 89 5
1 5 29 1
4 5 54 0
2 0 35 2
5 0 97 1
1 5 68 0
4 1 21 5
1 0 -3 3
4 4 89 3
1 1 51 5
0 4 65 3
0 1 80 4
3 2 82 4
5 5 71 4
3 0 14 2
1 2 39 0
4 2 54 0
1 0 89 1
5 1 31 1
0 3 18 4
0 4 92 1
5 2 25 3
2 3 58 0
5 2 43 0
2 4 20 3
3 3 75 3
2 1 3 5
5 1 67 3
3 3 64 1
3 3 83 5
4 5 80 5
5 1 46 2
4 1 43 0
1 0 58 1
1 2 10 2
1 3 88 5
3 4 64 2
1 2 48 3
5 2 32 0
0 2 92 3
4 0 89 5
2 2 90 0
1 3 21 4
0 4 40 0
4 0 17 4
1 3 99 2
0 0 93 3
3 4 25 2
0 2 10 4
2 5 7 1
2 5 4 5
2 5 -2 5
3 0 52 4
4 0 74 5
0 5 22 5
4 0 97 0
1 3 96 2
3 0 25 4
5 0 83 1
4 1 30 4
5 2 31 5
4 2 49 4
1 1 63 2
0 1 -7 3
0 2 97 4
3 0 68 5
5 1 10 1
5 0 65 3
1 2 81 1
0 2 11 3
2 1 80 4
4 5 -4 2
1 5 -8 3
2 1 34 5
2 2 53 2
4 5 24 5
4 3 1 3
0 2 66 4
2 5 52 3
1 4 98 4
4 4 6 5
0 2 65 5
5 4 16 0
2 1 87 2
3 2 49 3
0 1 25 4
0 5 22 0
2 4 100 4
2 0 83 2
3 3 1 3
2 2 39 2
1 3 69 1
2 1 55 2
5 4 58 2
5 5 65 0
1 0 -2 3
5 2 4 0
3 2 63 0
2 3 64 1
1 2 66 4
5 2 67 2
1 3 -3 1
2 4 84 4
2 0 88 2
0 3 7 5
0 3 63 2
4 1 4 0
4 5 45 4
0 1 97 2
5 3 90 0
5 5 42 1
2 1 63 0
2 2 16 0
2 0 -5 3
1 1 57 0
1 1 41 3
3 0 25 3
0 2 50 2
1 5 32 1
5 4 21 1
1 2 53 1
5 4 97 1
4 0 46 5
0 2 12 2
5 3 52 5
2 3 37 0
5 3 42 0
4 0 63 2
3 1 2 0
3 5 9 0
4 5 89 0
4 5 91 1
4 3 79 2
3 0 88 4
4 2 -2 3
5 1 33 3
5 4 93 4
0 5 11 5
0 5 18 5
2 2 53 1
4 0 15 4
4 2 88 2
3 0 39 3
5 3 0 4
1 4 89 4
3 1 86 4
5 0 55 0
3 2 13 4
5 1 69 2
5 0 94 0
0 1 35 1
3 2 74 2
1 3 -6 5
5 3 59 0
1 5 70 5
0 0 55 5
0 2 63 2
3 3 98 5
2 5 0 0
4 1 85 2
0 2 22 5
2 2 63 3
1 4 51 1
4 2 -6 0
0 3 24 2
0 4 79 1
0 2 -5 0
1 5 70 2
3 2 10 5
2 2 44 5
4 0 47 0
2 5 96 1
3 5 7 3
2 5 20 4
3 3 48 5
1 0 23 4
4 3 91 0
2 3 25 5
0 4 95 4
3 0 11 2
1 5 63 4
5 0 82 5
0 1 70 4
2 3 59 3
5 0 85 5
0 0 57 5
1 3 91 0
4 3 -5 4
3 1 45 4
5 2 13 5
4 2 16 0
4 3 29 5
0 1 52 1
1 2 74 2
0 5 64 3
1 2 31 4
5 0 38 0
4 2 -10 0
3 2 33 4
3 2 84 2
5 2 21 4
2 4 20 0
4 5 -9 5
4 3 64 2
5 4 46 4
0 5 90 3
3 1 19 3
1 1 26 1
0 4 10 5
0 4 9 0
5 3 5 0
2 2 8 4
2 5 -1 1
5 4 66 5
0 2 100 4
0 1 70 4
4 0 6 0
4 3 -6 3
4 4 41 5
1 2 32 0
2 0 94 5
0 0 62 0
4 4 94 4
5 3 26 4
5 1 62 4
3 2 65 0
2 5 -3 5
5 5 37 1
4 2 81 1
2 3 62 0
5 4 15 5
1 4 49 5
3 4 23 3
3 1 84 4
0 0 81 0
1 0 -7 1
2 1 89 2
1 3 39 4
3 2 23 1
4 4 92 0
2 3 59 1
5 1 56 0
4 1 63 4
3 4 78 3
3 1 51 1
3 5 100 2
4 4 91 3
1 0 94 5
5 3 56 0
4 5 79 1
0 3 -1 0
5 0 60 0
2 1 60 1
2 2 75 4
0 3 70 2
3 0 3 5
0 1 -4 0
0 4 54 5
2 5 79 4
3 2 81 0
5 3 46 2
3 0 95 4
2 5 48 1
4 3 82 4
4 3 90 3
3 5 72 5
2 5 71 0
3 1 72 4
3 2 49 3
2 5 70 2
1 3 88 1
0 5 86 1
3 3 55 2
0 0 32 1
5 4 -8 4
3 2 44 5
0 2 32 2
5 1 48 2
0 3 13 1
5 5 42 1
5 4 6 2
2 0 16 4
5 0 87 5
0 1 80 2
2 2 4 4
5 3 -1 3
1 5 20 0
1 4 73 3
3 1 84 5
4 0 43 4
3 1 65 2
3 1 37 3
3 3 51 0
4 3 80 0
4 1 33 3
