2 2 75 0
3 2 -8 0
2 4 55 0
5 1 14 5
4 5 69 3
3 5 12 1
4 0 69 3
5 4 76 1
5 3 80 5
0 0 70 3
2 3 61 1
0 1 0 4
2 0 76 4
3 1 95 4
3 2 -7 5
1 3 87 0
0 3 6 0
3 4 52 3
5 0 81 3
0 1 91 4
3 3 80 1
2 2 62 2
0 5 67 0
2 0 77 1
2 3 76 3
2 1 94 4
1 4 61 0
4 2 19 1
1 0 -5 5
4 1 12 2
5 0 69 5
3 2 56 4
5 4 59 1
2 4 36 1
5 0 75 1
4 1 69 1
0 5 67 4
4 4 31 4
4 1 42 1
5 4 45 0
4 0 33 1
0 0 22 4
5 4 4 5
5 2 2 4
2 5 1 5
4 5 57 5
1 3 77 3
1 5 27 3
3 1 22 3
0 3 84 0
2 0 3 5
2 2 22 0
0 3 42 1
5 0 78 0
2 2 54 1
5 0 -8 1
5 1 14 0
2 4 62 0
4 0 43 2
1 3 34 3
1 1 46 1
1 3 59 0
2 3 81 4
0 2 19 0
3 5 48 4
5 3 74 5
1 2 -1 4
4 5 61 2
1 5 79 3
3 1 28 0
2 0 39 2
3 0 7 1
2 4 9 2
2 3 44 4
5 5 28 2
0 2 37 2
2 5 77 0
3 2 -8 2
5 1 49 0
2 0 34 2
5 4 32 1
1 4 10 5
1 1 40 3
2 4 76 3
0 3 97 2
1 5 46 5
2 0 32 1
4 0 17 2
4 2 66 0
5 0 81 1
4 1 76 2
3 2 61 1
0 2 37 3
1 1 27 0
4 4 -3 1
0 5 59 2
5 5 58 5
2 0 49 4
1 4 20 3
0 1 14 0
3 0 12 1
0 2 22 0
3 1 28 2
4 2 40 2
3 0 2 0
0 4 85 4
3 0 40 4
2 5 49 4
5 3 70 2
5 3 24 3
5 4 35 1
2 0 -8 0
4 3 59 4
1 5 11 5
5 3 75 2
0 1 83 5
3 3 31 0
5 4 45 4
3 5 63 0
5 3 20 0
0 5 -1 2
3 2 81 4
4 2 -9 0
3 5 54 4
5 0 51 4
2 1 98 4
2 1 8 0
3 2 82 0
0 5 68 3
4 5 -9 3
4 0 71 3
4 1 15 2
3 5 35 0
5 3 65 5
1 1 34 4
1 3 80 3
4 0 20 2
4 4 61 1
1 0 69 4
5 1 96 3
2 1 11 3
2 2 0 2
2 0 75 0
0 3 94 5
5 3 13 2
5 1 -4 3
5 2 63 1
0 1 -4 0
5 3 75 3
2 3 50 3
2 4 11 5
1 3 22 0
2 5 25 4
4 0 98 3
3 5 49 1
5 0 58 2
2 5 66 0
2 1 48 1
3 3 51 4
0 2 85 4
3 1 89 1
1 0 65 3
0 2 57 3
5 3 67 5
3 2 8 4
4 4 54 4
1 2 95 4
4 1 4 5
0 1 46 3
5 3 44 5
5 4 59 2
4 3 94 3
3 1 6 1
4 0 87 0
5 3 80 5
3 1 67 4
0 5 100 4
0 4 10 4
0 2 -9 1
1 3 14 5
3 5 60 4
2 3 21 3
5 4 -8 0
2 1 55 2
1 4 16 0
2 5 25 3
1 1 65 5
1 4 36 4
4 4 67 2
5 0 41 0
1 2 -3 4
2 2 96 0
3 4 51 3
0 1 71 0
4 5 30 0
4 2 22 0
3 2 40 4
2 4 63 1
1 1 56 2
1 4 20 1
0 4 15 4
1 2 18 4
4 3 32 0
5 1 77 5
2 1 63 5
3 2 58 4
2 3 5 4
2 2 10 1
2 5 3 0
3 2 94 2
2 1 22 1
0 3 50 0
2 3 14 3
5 2 26 3
5 4 54 0
5 2 65 1
1 3 62 3
2 4 59 4
5 4 52 3
4 2 11 1
1 2 64 2
3 3 -8 1
1 1 99 4
1 2 54 2
1 4 72 1
1 3 52 4
2 1 -3 5
4 5 86 0
0 1 36 2
4 5 40 2
3 5 85 0
5 5 70 1
3 2 80 0
4 3 11 0
5 5 -5 1
5 5 51 3
3 5 11 3
0 2 -3 5
1 3 72 4
4 4 -8 3
1 1 95 2
0 2 89 0
5 1 2 5
2 1 29 0
3 4 16 4
0 2 67 3
5 5 36 1
5 2 66 2
5 4 86 0
4 1 60 2
0 4 82 5
0 3 90 0
0 3 88 0
0 2 81 4
1 0 70 3
3 1 47 2
5 3 -2 0
2 3 73 1
4 5 -9 4
2 3 80 1
1 5 55 5
2 2 24 0
5 2 12 0
3 3 46 5
1 2 26 1
4 0 21 4
5 0 51 0
2 1 38 4
0 4 57 4
3 2 94 1
0 0 63 3
0 3 10 4
4 5 35 0
3 4 70 5
2 4 59 1
1 2 61 5
1 3 32 3
5 3 79 2
1 3 75 0
2 5 44 1
3 2 33 3
5 1 48 0
5 5 85 4
4 0 -9 1
1 0 52 1
4 3 13 0
2 5 88 5
0 0 4 1
5 2 66 3
0 1 54 1
4 0 78 5
0 0 88 0
3 4 48 0
0 4 64 2
1 5 42 4
2 3 84 1
4 1 4 2
2 0 81 3
4 5 23 1
1 5 34 4
1 1 66 5
1 4 63 2
4 2 55 2
3 4 -8 4
2 5 44 2
0 1 25 0
4 3 89 1
3 3 91 3
0 1 34 2
5 0 8 5
1 3 79 4
3 2 15 5
2 2 89 5
5 2 90 3
2 1 35 0
3 2 15 1
0 0 86 1
0 0 64 3
1 0 -5 5
5 2 72 5
0 0 90 1
3 0 53 4
4 5 50 1
0 2 9 3
5 3 37 4
3 1 22 2
1 5 93 3
0 4 72 5
3 3 42 1
1 1 24 5
1 4 66 3
3 0 80 3
2 4 76 0
4 1 14 3
2 5 14 3
0 0 -9 2
2 3 82 4
5 5 -3 5
0 1 9 4
4 1 66 4
5 5 85 3
2 1 80 3
4 3 70 2
0 4 17 2
0 5 22 1
0 4 92 2
1 4 17 4
2 4 72 2
5 4 2 1
3 3 11 4
0 0 -10 4
4 4 74 1
2 3 31 0
4 0 62 1
2 3 89 0
4 0 70 5
3 5 75 5
1 2 55 4
4 1 46 5
3 5 71 0
2 4 24 0
2 1 6 0
3 4 78 0
2 3 40 4
5 5 -9 4
2 3 41 5
3 2 84 3
3 1 80 4
0 0 12 2
0 1 22 3
2 0 29 4
4 0 50 1
5 2 37 2
0 4 37 4
2 2 -8 2
0 4 75 2
1 3 21 5
3 0 26 0
3 1 71 0
0 0 25 1
5 3 -7 1
3 3 48 4
5 1 99 1
0 5 27 4
2 4 4 4
3 3 79 4
4 5 63 3
1 4 4 0
3 5 70 5
4 4 86 5
1 5 49 5
2 2 88 5
1 3 76 0
0 1 31 3
2 1 88 2
4 5 27 5
4 0 54 3
5 0 32 2
3 0 -5 1
2 4 81 2
2 0 39 4
0 4 34 1
5 5 53 0
3 5 66 5
0 2 32 5
4 5 4 5
3 5 47 1
3 3 39 3
2 5 72 4
2 4 10 5
2 5 52 0
4 1 19 2
4 5 93 3
2 5 21 5
4 2 66 3
4 1 75 1
3 2 1 5
0 3 37 1
3 5 -10 0
4 5 80 1
1 5 21 2
4 4 57 1
2 5 39 0
0 4 94 3
2 1 27 4
4 2 38 3
0 3 35 2
1 1 43 3
5 3 93 1
3 1 77 1
5 3 4 5
5 5 53 4
3 1 79 4
0 4 51 4
2 3 0 4
0 4 -1 2
1 3 -8 5
3 0 59 2
2 5 31 2
3 2 79 5
3 2 77 3
2 0 9 0
0 5 92 2
5 0 -6 2
5 4 57 1
2 1 -9 0
1 5 -8 3
4 0 43 1
5 3 93 1
5 5 17 1
3 5 18 3
1 2 36 2
4 2 -1 0
4 2 70 5
1 3 76 5
2 0 51 3
2 3 56 5
0 2 74 5
5 1 53 2
0 3 75 4
5 1 25 1
3 5 49 3
3 1 12 0
0 3 14 0
1 1 60 0
0 3 -9 2
2 3 90 5
2 3 0 0
2 3 -8 5
5 4 62 1
0 5 14 2
4 4 51 0
2 3 68 4
2 5 53 5
4 4 -6 1
5 5 41 0
2 3 0 4
2 0 81 4
4 2 79 4
0 5 -2 4
2 3 99 3
0 0 45 5
0 1 1 2
1 4 19 0
2 2 34 2
0 5 28 0
3 1 68 1
3 5 27 5
2 2 19 4
4 4 -5 5
1 5 -5 1
5 3 46 2
0 0 67 1
3 2 53 5
5 2 82 4
3 4 81 2
5 3 -9 3
5 3 79 3
0 4 16 3
3 0 51 3
0 5 91 5
2 2 85 4
2 1 -7 4
1 5 11 1
0 2 27 3
3 0 87 1
2 1 27 0
4 5 -1 3
5 3 55 2
3 1 -4 2
4 1 28 2
4 1 42 0
4 4 18 3
0 2 86 1
2 0 -8 5
4 5 89 4
5 4 41 3
4 2 26 0
5 5 43 2
5 0 90 0
2 2 58 5
0 5 2 1
2 5 5 5
3 5 34 1
4 2 -4 2
5 5 86 4
3 3 37 3
0 5 49 4
5 1 20 2
0 0 -6 5
3 2 93 5
3 0 15 1
3 5 52 2
2 5 69 4
1 1 32 3
2 5 19 5
2 2 41 1
2 5 34 3
5 5 29 1
0 3 56 1
2 4 25 0
3 4 46 1
3 5 -2 0
5 1 98 4
2 1 95 0
0 4 96 5
5 4 96 2
5 1 3 5
4 3 6 4
5 2 57 4
1 3 -5 1
5 4 38 5
1 0 45 1
4 3 65 1
0 0 45 0
2 3 -8 0
5 3 63 4
3 1 15 2
3 2 92 3
5 1 55 4
3 1 30 3
2 2 8 4
3 5 9 2
1 1 15 5
2 4 12 5
1 3 82 3
0 1 22 2
2 0 90 3
1 5 85 4
4 3 23 1
1 2 98 5
0 1 25 0
1 0 -4 4
3 5 97 5
4 2 61 0
2 4 87 0
4 2 45 0
4 4 18 1
0 3 3 5
4 4 77 5
2 3 67 1
2 5 -4 2
0 4 20 3
3 4 76 3
2 4 -7 3
5 3 17 4
4 5 65 0
3 5 21 5
1 3 57 2
0 2 100 4
0 3 69 2
1 2 53 1
1 5 39 4
1 0 -7 0
2 2 86 2
1 4 79 2
4 4 42 5
5 5 -4 3
0 3 60 0
3 2 17 2
2 5 46 1
5 1 66 4
0 5 4 5
3 1 80 4
5 0 93 2
4 3 15 4
0 2 53 4
0 0 50 1
0 5 22 5
3 3 73 0
2 2 49 0
3 0 26 4
4 0 99 0
0 1 93 2
4 1 87 3
2 1 20 0
1 5 -4 2
0 2 99 2
0 1 5 4
3 1 41 0
4 0 75 5
4 0 12 2
1 1 58 1
0 0 9 0
1 2 17 3
2 0 83 2
3 0 58 4
5 5 52 1
3 1 86 1
5 2 3 5
5 1 65 4
3 2 57 5
0 5 26 1
5 2 92 5
1 0 0 5
1 1 -10 5
3 2 99 4
2 0 91 0
3 0 83 2
4 1 -8 5
4 3 2 5
4 4 44 1
4 2 78 4
2 0 84 3
4 1 14 1
2 0 35 1
2 0 88 3
5 4 94 1
0 2 61 1
5 5 47 0
0 3 15 0
5 4 28 5
0 1 96 1
5 0 97 3
2 0 97 3
5 4 94 0
2 0 56 1
5 4 -7 3
4 1 9 2
4 4 4 0
4 4 51 0
0 1 2 1
4 1 90 0
4 1 75 0
3 5 25 5
3 3 44 0
3 1 43 0
1 5 91 1
0 2 52 2
2 4 58 1
2 0 31 1
2 2 86 0
5 1 34 5
0 3 84 1
1 2 89 3
5 5 41 0
2 3 3 4
0 3 40 3
2 5 -7 4
2 3 26 1
5 4 24 2
5 2 32 1
0 4 20 0
3 3 67 2
3 1 43 1
2 2 75 1
5 1 94 4
1 4 31 1
5 0 41 3
0 4 65 3
2 1 3 4
0 2 65 2
2 4 73 5
2 3 28 2
4 1 91 3
3 1 26 0
3 2 23 2
0 1 26 5
0 1 46 3
5 0 53 4
3 5 -5 1
3 4 11 5
2 3 84 0
0 2 36 1
0 0 50 5
2 3 -5 0
3 5 75 3
2 4 38 1
5 0 24 2
5 0 24 3
1 0 17 4
1 4 90 4
1 4 67 5
5 2 49 1
0 2 33 3
3 2 41 5
5 1 34 4
4 1 -4 4
3 3 86 3
3 3 65 5
2 1 7 2
5 4 73 4
1 0 22 1
4 0 38 2
3 2 12 2
3 2 38 3
1 1 -9 0
1 3 11 5
4 3 36 1
4 5 76 1
4 0 57 1
1 1 63 2
0 1 47 0
2 1 21 1
4 3 90 3
1 0 21 3
4 4 84 5
2 5 84 2
2 2 93 4
4 5 96 5
4 1 72 5
2 1 36 4
3 5 37 5
1 4 30 1
2 2 79 1
1 4 82 2
0 5 64 3
2 2 92 0
4 1 52 3
2 2 33 0
5 5 89 0
3 5 84 3
3 1 3 4
0 4 50 1
5 2 39 3
5 0 72 3
0 4 82 0
2 4 65 1
5 1 68 3
5 3 87 4
3 4 25 4
1 1 7 5
4 3 -5 4
4 0 -6 1
0 1 -8 5
1 2 42 0
4 1 8 0
1 2 95 2
3 4 52 3
4 3 45 4
5 5 23 5
5 2 11 5
3 2 83 0
2 2 65 3
1 0 27 4
2 0 91 1
2 4 65 4
2 3 40 0
0 2 -8 2
0 3 46 5
1 4 88 3
4 3 48 5
2 0 11 1
3 0 14 0
3 5 36 4
5 4 98 4
1 2 -8 3
2 0 51 2
1 5 71 4
4 0 -5 4
5 4 41 1
1 4 42 3
4 2 -5 5
0 3 -2 2
2 5 84 5
5 2 61 2
0 3 59 3
1 3 71 4
0 2 80 2
1 4 72 3
5 4 51 1
1 3 67 1
0 2 25 1
4 3 26 4
2 3 72 1
0 0 98 1
2 4 58 1
4 4 14 3
4 5 93 0
3 0 -1 5
2 4 8 3
2 2 44 3
4 2 99 5
5 4 21 1
5 5 32 0
5 3 75 5
1 0 8 2
0 5 93 0
2 5 77 1
4 3 68 0
4 1 42 0
5 4 76 1
4 4 3 0
5 4 30 1
5 2 71 0
3 2 90 2
3 2 37 1
1 1 60 0
1 1 74 0
2 1 -1 0
2 1 73 1
5 4 -3 3
5 1 97 3
0 3 13 5
3 3 -1 4
0 4 70 2
3 4 9 0
2 4 57 3
5 2 74 1
3 5 53 1
5 0 49 3
4 5 7 1
5 3 52 0
1 4 71 1
0 2 62 1
4 1 6 4
1 3 78 3
2 0 13 4
0 2 13 0
2 1 37 0
2 5 78 1
0 4 80 5
5 3 65 3
5 2 50 3
4 4 -4 2
0 3 56 5
3 1 78 2
4 1 27 0
5 1 62 3
0 1 73 1
0 5 12 1
3 1 7 0
5 0 62 5
0 3 98 0
3 5 52 5
5 3 96 3
0 3 26 5
1 2 18 4
3 4 -10 5
4 4 23 3
4 1 89 5
4 3 51 3
3 4 57 3
5 0 33 1
0 1 79 0
1 2 77 3
5 4 68 1
3 2 54 1
5 4 18 2
3 4 74 5
4 0 73 1
3 3 17 2
3 2 40 0
1 0 72 3
5 3 61 1
3 3 66 3
0 4 38 2
3 5 72 2
2 3 15 3
1 1 10 3
5 2 89 0
3 4 49 2
1 1 15 4
1 1 38 4
2 2 91 0
1 3 63 1
0 1 70 0
3 2 49 2
3 3 87 0
5 1 92 1
4 2 97 3
0 5 -9 3
3 2 94 4
3 4 19 5
3 2 24 4
2 0 13 0
3 0 -5 4
5 5 2 0
5 4 33 0
1 4 86 1
4 3 52 4
3 0 77 5
2 0 71 2
3 1 12 4
2 1 42 2
3 2 10 3
2 0 96 4
2 3 -9 1
2 0 30 4
0 5 0 0
3 0 51 0
2 1 75 0
4 5 16 3
0 2 80 0
2 5 52 2
1 3 -4 4
5 2 19 0
5 4 70 4
4 3 99 4
0 2 88 0
2 1 47 2
2 5 40 1
1 3 23 5
3 0 27 2
0 2 31 2
1 3 49 1
1 5 28 1
2 1 10 1
0 1 58 0
5 2 28 4
1 2 80 3
2 1 88 1
3 3 79 2
3 2 53 3
1 3 -8 2
1 1 20 5
5 3 84 5
3 2 5 1
3 2 -6 3
4 4 32 2
5 3 89 5
1 0 93 2
2 4 17 2
1 0 67 0
1 2 84 2
2 5 51 3
2 2 94 0
0 0 99 3
3 4 74 0
0 4 81 0
2 4 17 5
5 3 6 2
4 1 -3 1
1 4 14 5
0 3 32 4
1 5 94 2
5 1 81 0
0 5 4 5
0 3 22 1
5 1 -7 5
3 4 57 2
4 1 34 1
1 4 18 0
1 0 5 2
2 1 8 4
5 2 38 3
4 1 52 5
4 0 28 5
5 1 48 0
1 5 7 5
2 2 23 2
3 3 19 5
4 2 9 3
2 4 45 1
1 4 76 1
0 5 -1 4
5 2 64 2
5 5 70 5
1 2 26 4
0 0 91 3
1 5 12 4
2 3 56 5
0 2 92 2
4 2 60 4
2 0 61 5
3 1 43 3
0 5 19 3
2 5 100 3
0 3 62 2
4 1 -8 2
