3 4 61.5184 1
4 4 30.1167 1
3 2 51.6745 5
1 2 42.9168 4
1 3 87.3498 3
0 0 48.3292 4
4 2 38.5135 3
3 2 34.4934 4
2 5 52.9671 4
1 1 78.4375 0
1 5 49.2242 1
2 5 62.7821 4
3 4 71.1641 5
3 0 47.2185 4
4 1 36.9499 2
4 3 86.4332 1
5 3 35.9257 2
5 2 40.8137 1
0 2 98.9375 2
1 3 -9.9739 4
4 2 10.4020 4
3 0 32.2360 0
2 5 92.5849 5
3 2 -2.2967 2
1 4 -8.9566 3
5 2 -4.2048 0
3 1 -0.2602 2
0 0 -5.8644 2
1 1 42.7759 0
5 1 53.8833 4
2 4 19.8856 2
5 0 33.8116 4
0 0 0.0869 0
1 0 27.0008 4
2 0 47.4771 1
0 0 70.5499 3
5 4 -9.6319 2
0 2 41.4042 5
1 1 22.6703 3
4 0 83.8104 4
0 2 68.7109 2
0 2 54.8019 4
5 1 20.4992 1
5 4 90.1373 0
2 3 -5.0389 2
5 3 2.0414 1
3 2 33.0793 1
1 5 3.6881 2
1 5 95.2057 4
4 1 77.7788 5
4 3 18.4881 1
1 2 54.7410 3
4 4 98.0564 1
2 3 87.2619 5
5 2 56.0878 4
1 2 89.4096 4
4 0 98.8103 3
1 4 71.7688 1
3 0 -2.8515 4
0 1 34.1738 5
5 0 82.1608 2
1 0 15.3626 0
0 3 81.3707 0
4 5 3.2373 0
0 2 -4.8360 1
5 4 32.2500 3
1 0 -5.9595 4
3 4 95.2997 2
4 5 80.8826 5
1 5 78.0847 2
5 0 59.2756 5
4 1 13.7956 1
2 0 47.0086 0
0 3 55.7001 1
5 2 47.7535 3
2 1 18.6257 3
1 0 46.6773 5
3 4 44.0305 4
4 1 99.5969 4
0 1 88.7180 5
4 0 40.9719 3
1 1 58.5231 3
4 4 72.2659 3
0 5 -6.1648 1
1 1 88.4414 3
4 5 84.6139 2
3 4 40.3175 0
5 0 33.0287 3
1 2 20.0255 5
5 1 42.4345 0
1 2 -5.1186 1
3 4 83.7413 5
5 1 -6.1035 0
2 5 26.1957 5
0 3 92.4748 1
2 2 70.8734 2
4 1 20.9530 1
3 2 17.7914 1
2 1 -9.4410 5
1 0 66.5286 4
0 5 29.6226 0
5 2 64.5722 1
4 3 34.0182 4
0 2 37.0708 3
5 5 89.5723 5
3 2 56.7891 5
1 4 86.3857 5
4 0 4.0647 0
2 5 99.5935 3
1 3 95.0556 3
5 4 16.4992 1
1 5 66.99 0
3 5 -6.7856 2
3 2 14.2414 2
5 3 94.6654 5
0 5 4.9332 4
5 5 44.1155 5
2 1 92.4958 4
0 5 27.7548 5
5 5 69.7531 5
5 4 96.2873 3
1 1 18.5003 2
0 0 -0.1947 5
4 1 71.908 0
4 2 4.0159 2
3 4 71.061 2
0 4 48.9163 3
3 2 74.8409 5
1 4 63.0117 4
1 0 33.4844 4
3 2 5.9171 2
1 3 64.7979 1
4 2 6.0458 5
5 0 55.8768 2
4 5 3.581 5
4 3 59.4185 1
3 2 67.4555 3
0 2 6.7972 5
1 5 92.7876 1
5 5 -4.2177 1
3 5 33.0989 5
1 0 50.2737 2
3 5 42.0764 2
3 3 -2.0994 5
2 2 66.6014 1
5 4 33.315 1
2 4 85.2441 0
5 2 40.3286 1
4 1 38.6072 3
2 1 13.0743 5
1 5 61.6362 2
5 4 1.2143 1
3 3 64.739 1
0 0 29.1142 3
1 0 2.9082 4
5 2 55.2732 1
5 5 34.4393 0
0 1 33.6309 2
5 4 95.0011 5
5 3 75.3435 5
5 0 75.5504 5
3 2 59.5567 3
2 0 3.2 0
0 3 60.555 4
1 0 54.5536 4
3 2 66.3098 0
4 1 32.2356 5
5 3 22.82 1
0 2 -3.0152 4
1 3 79.4155 0
3 4 79.9209 4
3 0 47.0791 4
4 5 80.071 5
0 1 96.2249 0
1 4 66.4737 0
4 3 78.0564 0
0 1 53.2589 5
1 0 51.8746 0
0 0 45.6763 2
4 1 36.5356 5
0 1 23.066 4
2 5 48.7513 1
4 3 66.4612 4
2 4 49.203 1
5 0 62.8879 0
1 0 10.6881 2
1 1 56.2359 1
4 2 20.5135 5
4 3 -1.8204 2
2 3 61.4746 1
3 3 -0.8421 2
5 3 93.4219 1
4 1 -2.2386 5
2 5 66.6483 1
5 2 52.0006 5
4 4 8.0447 1
2 3 31.6836 4
1 0 19.7138 4
0 5 50.3206 0
2 5 -0.2128 2
2 1 85.5741 1
2 0 0.7742 1
3 0 76.1007 0
1 4 70.116 2
4 3 0.5095 2
5 4 85.1938 4
2 4 0.8973 0
1 2 94.1161 3
1 2 78.6693 5
4 4 55.4079 3
3 4 4.0329 0
5 4 68.4545 5
1 1 31.6681 5
2 0 91.0286 5
2 5 75.5281 5
4 3 67.7465 1
3 2 77.8316 4
2 2 94.7878 4
5 1 23.5706 0
2 3 74.7636 0
5 0 -1.5637 1
0 1 53.2848 0
5 2 50.9576 3
0 3 64.4736 5
1 3 44.7586 5
5 4 66.767 3
0 4 10.9202 5
0 5 36.7477 4
5 2 16.8649 5
5 4 65.2486 0
4 3 96.1112 5
4 1 9.2296 2
1 4 28.8621 0
3 3 31.7004 2
0 2 90.545 1
4 0 21.9071 3
2 2 13.4373 5
5 4 33.2984 2
5 4 80.83 0
3 4 83.3187 0
2 0 57.7083 2
2 2 1.788 2
5 1 34.2275 0
0 3 44.1251 0
4 4 88.8361 3
0 3 -9.2399 5
2 1 41.7769 2
2 2 37.1176 1
4 2 1.9564 3
5 3 7.8018 2
5 3 -9.3609 5
1 0 10.8524 0
1 3 36.3161 2
0 1 63.2825 3
5 2 3.0672 3
4 3 77.9802 5
1 2 72.6199 3
4 5 91.5917 3
1 0 95.3446 0
1 1 27.8533 0
5 1 -4.2756 2
3 4 71.1175 3
3 2 21.0446 0
3 1 57.9374 5
4 1 17.4413 0
2 5 17.209 3
1 3 67.7107 0
5 5 45.2567 1
1 4 59.1799 1
1 0 4.5525 0
2 1 92.2008 3
0 4 11.9608 0
3 3 47.7468 5
5 1 14.3953 3
3 0 46.085 5
0 2 2.106 2
2 2 68.2744 1
2 0 9.9927 0
0 5 71.923 1
2 3 20.8175 4
0 3 10.3324 3
2 2 23.4792 0
5 0 65.1258 1
2 2 71.5421 2
5 4 48.1748 2
1 5 20.3542 4
3 0 87.5913 1
5 5 56.2019 0
4 5 79.915 1
5 3 91.8051 0
4 4 27.7188 5
3 1 48.6913 1
0 1 11.0877 4
5 2 88.0745 4
2 2 39.333 5
0 3 -2.5521 3
4 4 76.9974 1
4 2 66.6377 1
2 0 95.1383 0
5 1 71.4787 3
3 5 48.5717 4
0 1 38.1519 4
3 4 75.7309 3
4 2 12.7617 0
1 4 13.9588 5
0 4 40.0985 5
5 4 18.4718 1
2 5 19.5366 0
1 1 -4.9826 1
2 0 60.3577 2
1 2 86.0721 0
5 1 98.849 1
4 0 -9.846 2
5 4 96.944 2
0 5 87.2385 2
5 1 34.9177 4
2 2 98.3787 5
0 2 14.1208 2
1 2 96.8765 4
5 4 1.7087 5
5 3 94.0222 2
5 5 56.4776 1
3 1 25.6689 1
4 5 78.8506 3
1 3 15.4895 5
3 2 6.3168 3
0 3 9.9665 1
1 1 52.6624 5
1 5 21.0249 2
1 1 79.9249 5
4 1 -2.36 0
3 1 40.0527 5
3 0 69.6738 1
5 0 56.3623 3
3 0 2.1039 0
5 0 4.5397 0
2 1 93.2458 4
0 0 95.3379 0
4 5 80.0081 5
0 1 5.3153 4
3 1 23.8123 3
1 1 -3.8537 5
2 5 49.7974 0
0 0 49.9106 0
4 3 5.6019 1
0 1 36.9849 1
2 5 21.5531 5
3 5 87.2646 0
3 1 98.9845 1
0 2 29.3039 4
2 0 29.6543 0
0 4 6.6213 3
4 2 55.9573 5
3 1 88.2429 5
2 4 79.9319 2
0 2 90.7858 5
2 2 79.1791 5
0 0 84.7885 1
5 1 25.2282 3
3 5 77.6536 3
0 0 53.5627 5
2 1 -0.0508 1
1 3 28.787 3
3 3 66.2763 3
4 5 26.6812 5
1 3 36.0526 3
4 4 44.1862 4
1 3 -0.8021 5
3 4 53.5664 5
5 1 67.3403 1
2 0 12.3608 0
2 4 42.1319 1
0 0 90.2498 2
1 2 40.6427 4
3 1 13.1811 1
0 5 5.1581 5
5 1 31.5207 0
5 3 30.8853 5
0 5 53.9768 3
4 1 -6.6796 2
1 0 16.955 0
4 3 6.4689 1
3 5 5.4124 4
5 2 41.7203 5
2 3 75.9537 5
0 2 2.2393 0
5 0 56.4591 1
4 1 -8.8046 3
5 3 50.9572 2
4 4 23.6637 1
3 1 19.901 0
4 3 97.5719 1
5 1 34.0443 0
1 3 10.2063 5
4 4 82.5884 5
3 3 24.4509 5
3 3 8.1307 2
5 3 11.4204 0
0 0 29.8972 2
0 1 21.0428 4
0 0 13.3101 0
2 1 50.6861 5
0 1 19.6085 4
4 0 52.0113 3
0 0 24.6038 2
0 2 72.6847 3
4 1 24.592 3
5 2 97.1236 5
5 0 26.445 5
4 0 45.2395 1
0 4 77.5676 3
4 0 21.9131 1
5 3 -1.3372 5
0 5 15.4727 1
5 5 5.4949 5
1 4 46.7931 5
4 5 47.5616 2
3 1 27.2923 2
4 3 -5.5986 5
5 3 16.3022 4
4 0 95.3817 4
5 3 0.7147 0
1 2 50.185 0
3 0 40.0289 1
2 1 -2.5022 4
2 2 -0.1848 1
5 3 18.3739 3
2 3 61.5321 1
0 4 43.7085 2
2 3 34.9937 4
5 1 38.491 4
4 2 31.1051 5
3 4 39.5102 5
0 4 97.5175 0
5 1 66.972 4
0 1 83.8366 2
3 1 52.7147 0
1 3 86.1575 5
0 2 41.2465 5
4 3 2.0031 1
5 0 90.9206 3
3 1 34.1673 0
2 2 99.6082 3
1 5 71.5413 0
2 3 -5.7889 1
3 1 60.4238 2
4 0 98.6592 3
0 2 76.8515 3
1 0 13.2642 0
5 3 19.6833 5
1 0 5.5912 2
3 0 22.817 5
3 3 47.7256 5
2 1 81.3604 0
3 2 95.9702 2
1 1 28.4204 3
3 3 48.9057 1
5 3 29.0162 5
4 3 80.5317 4
4 1 -1.441 5
4 4 5.9079 5
5 5 80.7758 5
2 0 6.5557 3
1 3 85.0731 0
5 3 18.9083 5
0 3 93.7656 1
5 3 60.2808 4
0 0 14.0485 1
3 5 50.0695 1
4 3 13.7751 1
1 5 53.452 0
2 2 -8.219 2
4 0 66.9249 5
3 3 35.1425 2
4 3 47.5487 2
0 1 40.4706 2
1 4 55.4381 4
3 3 21.3531 5
5 5 38.1243 2
5 4 93.1692 0
0 0 -0.1398 0
4 3 1.4043 5
4 4 0.9672 3
4 4 78.6458 5
2 3 13.3058 3
4 3 2.5951 3
0 2 96.4378 3
3 5 67.4218 5
3 0 93.3578 1
4 2 19.437 5
2 2 82.2333 3
5 1 -9.5427 3
0 0 -7.1129 2
4 5 55.994 2
1 4 99.2112 1
4 3 11.1926 5
3 0 78.1465 4
3 1 93.3331 3
5 1 34.3431 2
4 1 38.1142 0
5 1 45.4683 5
4 3 82.7334 5
2 4 7.4958 2
1 0 0.2592 3
0 5 74.7035 1
0 4 67.8334 0
4 3 -7.2181 5
1 3 59.7909 2
1 1 61.7775 1
2 1 48.8959 1
5 3 74.7431 5
0 2 -0.874 1
5 0 60.2225 4
0 0 40.504 4
0 0 5.6019 2
1 0 -1.488 2
1 3 1.0739 0
3 0 43.5169 5
0 1 65.607 3
2 5 89.9133 1
1 2 -8.8846 1
5 4 59.4335 0
0 2 99.3114 3
4 4 50.1131 1
4 5 17.9951 0
1 4 -6.7489 0
4 4 73.7057 1
2 0 88.843 0
2 1 14.1737 5
5 1 19.435 3
1 0 28.3409 4
5 2 41.3748 3
3 4 94.098 1
2 1 11.7664 5
2 3 1.3184 4
2 1 77.3509 5
3 3 87.1143 3
4 5 19.8841 2
4 0 56.8025 3
1 4 28.8207 5
0 3 8.3974 0
4 2 54.5556 2
4 5 94.5416 4
2 3 -6.7066 1
2 3 76.9986 2
1 0 13.6703 2
2 1 75.7466 0
0 2 65.7122 5
2 1 41.1914 2
1 4 -2.7141 2
4 1 47.9989 0
4 2 68.7892 5
0 4 88.193 3
5 3 24.9562 2
1 1 -4.5374 3
3 0 98.9286 3
0 0 39.8064 4
2 4 32.1143 4
0 2 -8.038 4
0 3 21.2802 3
0 4 90.9838 0
2 5 -8.21 3
0 3 69.5579 2
2 2 34.0379 4
2 3 57.3553 3
2 5 98.2364 3
5 0 82.7383 4
0 0 14.6416 0
1 0 99.2894 5
5 3 14.8975 0
1 5 89.2504 2
4 0 92.7521 0
2 0 2.1884 2
0 2 26.2262 4
3 2 66.8531 1
4 3 3.1892 2
1 4 87.6578 3
5 3 63.5059 4
4 1 53.5673 5
3 2 25.4102 5
3 1 0.0979 2
5 0 28.8311 1
5 5 70.8795 1
5 0 -1.7341 3
0 1 -8.5559 1
3 3 10.6709 0
2 1 79.5395 4
4 2 73.6537 2
5 3 62.0818 4
0 1 14.0663 2
3 3 85.4645 4
1 3 10.6749 2
3 1 65.4893 4
5 0 6.2019 0
5 0 16.4619 3
1 2 -6.8555 5
4 3 28.7153 0
4 0 28.987 1
1 3 45.2409 4
2 0 38.5475 2
0 0 61.3484 5
3 1 22.3406 3
1 4 20.3518 4
3 4 37.6922 5
0 5 17.3839 0
1 0 -4.1548 0
4 2 16.2644 4
0 2 14.9112 4
5 5 34.5015 3
0 1 70.7317 5
2 3 12.6276 1
2 5 21.6792 4
2 5 -9.6582 1
4 5 58.433 5
2 5 16.2481 2
5 0 8.331 2
3 1 95.8467 5
3 3 26.746 1
2 0 8.7798 0
4 2 96.6496 4
0 3 86.054 3
0 0 80.0819 4
5 2 81.8895 4
4 1 73.0492 0
0 2 78.4282 2
3 3 70.8297 4
2 5 43.5143 2
3 0 81.0524 2
5 2 88.051 5
4 3 2.4037 5
4 5 60.378 1
3 1 62.5304 1
2 3 -6.6005 4
5 5 97.062 2
1 5 -0.1799 3
5 0 96.1998 5
5 4 88.9144 3
4 1 19.184 5
2 2 33.0129 3
2 2 10.963 4
4 5 27.7602 4
0 3 77.4866 4
2 2 2.121 0
3 5 6.1844 5
1 4 96.3339 4
4 5 7.8868 3
2 0 77.9764 0
3 0 13.9058 4
0 0 43.7203 0
3 2 62.6279 0
0 2 5.1491 2
4 5 95.4377 4
1 0 68.4517 1
5 1 37.5256 0
2 1 -6.465 2
1 5 60.0749 3
3 0 88.2337 2
4 2 9.0632 3
5 2 78.4818 1
5 1 17.5022 3
4 1 23.1168 0
2 4 91.9831 3
4 1 31.3563 3
0 1 47.9229 5
2 4 92.8368 5
2 3 28.9613 3
3 3 40.7412 4
0 3 -0.2728 1
4 2 76.5295 4
4 2 4.0002 4
4 2 -4.111 3
1 3 63.7087 3
4 3 82.3118 0
0 2 81.2884 5
0 2 55.3774 2
4 3 65.9652 0
0 5 54.3079 4
5 5 -4.1678 1
4 1 51.8254 3
1 1 88.4558 5
1 2 59.1063 5
0 3 58.603 1
0 0 -9.9961 4
0 4 0.655 1
0 3 -7.2878 4
3 3 -3.8782 0
2 3 43.2091 1
1 4 18.6299 4
5 3 84.5245 4
0 3 6.0871 0
1 1 80.0405 5
1 1 46.2666 5
4 1 42.3774 2
2 5 1.0022 4
3 2 63.447 3
3 5 77.9841 3
3 3 6.2983 2
3 0 52.063 0
4 2 -6.2508 5
5 4 38.8927 2
1 3 87.0667 3
2 0 97.9929 2
4 4 13.1858 5
4 3 46.435 1
5 1 28.7054 5
4 2 40.543 1
2 5 23.3223 3
0 5 43.2119 3
4 5 9.8412 5
4 5 47.7977 1
5 2 54.7737 4
2 4 57.9223 3
0 0 -6.7526 5
1 1 0.6194 0
3 5 42.4054 1
5 1 1.5975 1
5 3 73.1395 3
0 0 57.3094 0
0 5 -1.983 2
4 5 82.4747 1
2 0 66.8598 3
1 5 53.1158 1
1 2 44.0213 5
2 1 12.1312 1
3 4 78.9539 1
0 4 -7.3333 5
0 1 -6.3437 1
0 2 75.1824 4
4 0 27.4782 5
5 5 60.6456 3
1 1 52.7407 3
4 2 29.2134 4
1 0 38.2766 5
3 0 52.6068 1
4 2 1.1004 3
1 0 56.1639 2
0 1 80.3461 2
2 3 67.3601 0
1 2 -1.7745 4
1 4 92.499 4
2 3 58.0509 4
5 0 54.105 2
5 0 -6.4498 3
2 1 26.7995 0
1 1 50.1796 5
2 5 90.3551 0
1 3 -1.9797 4
4 5 81.8504 0
2 0 94.4899 4
5 4 92.23 4
3 1 19.7559 0
0 0 44.6256 1
5 2 37.4667 2
1 0 92.4371 0
1 4 56.8953 3
5 5 71.1716 4
3 0 32.5837 3
5 1 37.2691 3
4 1 2.7142 0
4 2 28.6968 2
3 0 16.1987 0
4 0 14.9838 5
4 4 -4.9642 0
5 1 79.3884 0
0 1 38.2411 2
0 2 28.4634 5
1 2 4.2688 3
3 5 3.4614 0
0 2 93.2207 1
3 5 70.874 2
1 3 68.4447 2
4 2 85.5868 1
4 2 25.0745 4
4 0 -4.0603 3
5 4 43.4828 0
1 1 82.5568 4
1 2 71.61 1
0 2 69.7402 1
0 1 66.8176 5
3 0 -7.6581 0
2 2 54.7064 2
0 0 20.7002 4
3 3 -7.9267 3
3 3 -5.1143 1
3 1 62.5918 4
0 5 23.5663 4
2 0 90.1059 2
2 4 13.8199 0
2 5 81.2163 3
3 5 92.1423 0
0 4 32.6922 5
5 2 84.4366 4
3 3 52.9863 4
4 2 7.8804 3
3 5 99.1874 1
1 0 20.877 5
2 0 99.8687 4
2 2 52.8191 0
4 2 29.7864 5
2 5 79.1285 4
0 0 23.7585 5
2 2 83.2352 3
3 0 38.39 3
0 2 42.8229 4
1 3 -3.5557 0
2 4 50.6593 0
3 1 18.3808 2
2 3 3.9945 5
1 1 85.8363 5
0 1 2.5891 0
1 5 45.7391 3
4 2 -5.3849 5
1 0 94.6874 2
2 0 64.6227 2
4 5 -5.0794 1
2 0 -1.4773 3
0 4 -1.4805 1
2 4 30.8495 5
3 0 60.6076 2
1 0 25.9195 2
2 3 88.7131 2
3 2 58.4108 1
2 0 21.996 1
4 0 1.6855 1
2 4 68.7345 5
4 4 68.4124 1
3 4 -6.4141 5
1 3 73.8873 5
0 0 95.4488 1
4 4 99.7594 5
4 5 35.9888 5
0 4 77.8026 4
3 5 47.6893 3
2 2 11.4526 4
2 1 26.1553 2
1 3 24.6298 0
5 1 38.9508 3
2 0 28.7183 4
0 2 61.8663 4
1 3 76.4935 1
4 1 91.8289 1
3 5 54.3231 1
4 2 77.5442 2
2 0 -1.0343 3
4 1 53.3613 5
1 1 86.4046 0
1 0 36.0488 4
5 3 71.7139 1
0 3 -7.3675 1
0 1 46.6387 4
3 3 28.9805 3
5 4 16.5578 2
0 2 88.7169 2
4 4 57.8293 5
0 0 71.2623 2
3 3 59.3915 5
3 2 73.3426 5
1 5 10.1796 4
4 0 6.7482 0
4 4 30.6861 5
3 3 25.2481 1
4 5 54.6889 0
1 2 44.2623 0
4 4 88.7032 4
4 3 21.3783 3
2 1 94.8865 0
5 5 13.1749 4
2 4 86.7542 2
0 2 21.327 0
2 2 43.5299 1
1 2 93.3125 2
4 0 91.6967 5
2 1 0.5574 4
4 1 -6.9915 0
4 4 77.8891 0
3 0 30.6495 2
4 3 70.5298 4
1 3 22.4436 0
5 5 91.1102 0
3 3 44.2581 0
1 2 70.4797 0
2 0 71.8705 1
5 0 25.9827 4
2 2 39.881 5
4 5 75.475 5
5 2 88.15 0
3 0 92.5605 4
2 1 82.5574 5
5 0 94.4101 5
0 1 5.0562 3
1 5 11.5246 3
1 3 79.5256 5
3 2 4.4971 5
0 4 84.2872 5
1 0 37.7751 3
4 4 12.9402 1
0 3 65.678 4
3 5 54.2289 5
2 3 48.3507 1
2 1 86.2543 5
3 3 77.6421 3
4 2 49.7755 2
0 1 2.3604 2
3 3 25.7937 5
3 0 9.3814 2
5 0 28.2336 3
5 1 75.105 3
3 4 35.3203 1
0 2 19.4716 1
3 0 51.8483 2
2 5 24.938 3
3 3 33.8547 0
2 3 70.1006 2
5 0 23.9362 3
1 4 86.3184 4
1 5 2.1347 4
4 2 4.2137 4
0 5 -7.6771 3
0 5 26.6617 2
4 0 62.0425 4
1 2 48.902 1
4 3 84.5695 1
2 1 90.1719 2
3 1 50.8246 1
0 0 83.003 4
0 4 33.7731 3
0 1 21.1399 0
1 5 74.9653 1
0 2 72.4907 3
5 3 4.4313 5
2 0 -1.582 4
5 5 73.8625 3
0 0 71.6917 4
4 1 0.5112 4
3 1 81.4619 2
2 3 46.3591 0
2 2 40.4796 0
2 5 53.3821 3
2 3 0.2369 3
4 2 43.1684 5
4 4 16.9075 0
3 5 33.301 2
4 5 1.9135 1
4 0 33.7083 1
3 2 42.4487 0
5 2 26.5679 5
0 0 51.6974 1
3 4 17.4966 1
3 4 82.1877 4
5 4 73.664 0
3 2 35.3044 5
2 1 -5.9839 5
4 4 34.7188 0
2 5 13.0147 4
3 4 44.9797 5
1 2 40.7509 3
4 4 84.4518 5
0 0 36.8272 0
3 1 73.2575 1
4 5 3.3625 1
3 0 -5.7032 3
3 1 58.8781 4
3 1 72.3893 4
3 3 -8.9816 0
3 2 69.1937 5
2 4 25.4625 2
4 5 8.254 2
4 5 12.4908 4
5 2 47.1318 2
3 3 13.1679 2
5 5 99.5805 1
1 4 68.659 3
0 2 35.7933 1
3 0 99.2641 0
2 5 10.6442 5
0 4 40.4453 0
0 4 41.5564 1
0 2 59.9978 1
2 5 -8.4458 1
2 2 80.283 3
4 5 23.6325 4
3 2 51.7224 5
5 1 -1.4776 1
0 5 13.8086 1
2 4 1.2554 4
4 5 74.266 2
4 4 56.5253 5
4 5 90.0153 1
1 0 76.1701 1
0 4 6.1141 1
3 0 25.5672 0
1 4 78.7958 3
5 3 25.9798 4
0 1 51.616 3
3 5 42.1926 2
4 2 48.3754 4
1 1 94.0039 2
5 1 82.3864 4
3 3 66.461 2
5 0 51.3696 3
