4 3 48.0903 3
3 1 36.496 1
1 5 44.8186 1
0 5 56.2328 1
1 4 76.5092 4
2 3 43.491 5
0 0 82.215 5
2 4 74.0282 0
5 0 9.6732 2
4 2 12.4675 2
3 0 63.4637 5
5 2 53.4501 3
0 5 48.8974 4
4 0 90.1806 5
1 1 49.421 4
5 4 90.0571 1
4 0 90.6778 3
3 5 -0.3311 2
1 5 59.4349 1
3 3 41.3037 1
3 3 23.4675 1
2 3 34.3191 3
1 1 41.8583 3
3 5 29.3677 5
4 4 -2.5103 2
2 0 90.5678 3
5 1 57.9044 2
4 0 -0.6127 0
4 4 39.1302 5
3 4 90.1473 5
3 3 85.9201 2
0 1 37.2769 0
5 2 80.6073 3
1 4 -6.4709 4
4 3 -1.2422 0
1 2 66.2742 0
4 5 91.9166 3
3 2 54.2517 1
4 3 72.0691 0
4 3 1.4652 2
4 5 56.3478 3
5 1 63.1947 2
2 4 7.2823 3
1 4 14.9228 4
5 3 16.475 2
0 3 39.8934 3
3 0 74.7726 1
1 0 95.0836 1
4 3 -3.6526 3
1 2 94.6832 4
3 3 94.8181 0
1 0 58.9259 4
5 1 82.6647 0
0 2 70.7049 1
4 3 43.8922 5
1 1 71.5544 0
0 0 34.0011 2
4 3 32.5278 2
0 5 1.1769 3
5 5 63.3971 0
5 0 7.4224 4
3 0 61.3464 4
2 3 28.0297 5
1 3 36.1599 5
5 0 44.7139 5
1 1 95.1683 2
0 4 21.435 0
2 2 66.4259 1
1 1 64.1116 4
0 2 8.9612 1
1 3 71.0533 4
0 2 70.6896 3
4 3 86.5754 3
5 4 62.1408 1
4 4 28.0739 3
5 1 14.333 0
0 1 2.6183 4
1 4 20.9284 2
1 0 38.9478 1
3 5 1.2509 1
0 4 39.7468 2
5 1 51.9045 4
2 5 0.3601 2
5 3 3.8209 2
3 2 15.517 4
0 0 75.2403 1
5 4 39.5228 0
3 3 56.781 5
2 2 3.2672 3
4 5 95.8654 1
1 3 34.3959 4
2 1 78.3878 4
5 1 71.5817 1
5 3 35.3393 3
1 5 91.1732 2
5 1 57.0545 2
2 0 47.9121 3
5 5 13.3335 4
2 1 13.9958 2
3 2 57.4813 1
2 0 47.6654 1
5 5 -9.6653 1
3 4 82.4438 0
0 0 97.039 1
5 5 97.0557 5
1 4 2.8929 1
5 0 72.2029 1
5 1 85.0507 0
2 1 -8.4212 1
1 5 16.0922 3
1 3 77.6028 0
5 0 53.5778 1
5 5 50.0321 0
2 4 22.8691 0
3 3 21.4957 3
4 2 36.3724 1
3 0 8.2292 0
0 1 77.3198 5
0 4 46.9575 3
2 0 88.1076 0
3 4 64.2962 5
2 2 20.2382 4
2 4 61.7835 5
2 1 -7.062 4
0 5 42.843 0
4 2 40.8923 2
0 5 11.785 1
3 1 -2.287 0
4 5 87.4799 1
1 2 25.611 1
5 1 15.7126 0
3 4 40.8301 4
4 5 51.4536 4
4 5 -6.9466 5
5 1 -2.1452 3
5 2 27.7457 5
3 0 44.1203 2
5 5 21.9342 0
0 3 -4.8882 3
2 4 26.2505 0
1 1 -2.8643 4
5 0 72.862 0
4 2 38.9223 4
5 3 85.1342 2
2 4 15.7399 2
5 4 43.1092 3
1 0 32.8766 0
5 2 46.0979 1
4 0 59.5679 4
5 1 79.6862 1
3 3 4.3224 1
4 1 59.4721 2
5 3 51.7849 5
3 2 28.2874 0
4 4 18.6378 2
3 2 -9.5883 4
0 1 79.4749 1
1 0 83.9472 4
3 0 16.6924 1
0 4 57.4645 0
2 4 28.2681 5
5 5 11.3091 3
1 1 56.0599 3
1 3 19.3767 3
1 1 32.9893 4
2 3 49.7735 3
1 5 59.7481 0
0 4 72.3777 0
1 3 34.4426 3
5 4 68.6586 1
2 4 66.1686 1
3 3 39.8976 1
4 4 72.9195 2
4 2 75.583 2
0 3 44.443 0
3 1 11.1452 4
1 2 15.6313 1
3 3 37.0786 1
0 3 99.5439 5
3 1 -6.4543 2
3 1 33.5676 5
1 1 -1.9869 1
0 2 59.8879 4
1 2 84.1083 5
2 0 33.0287 5
1 4 99.8951 4
3 2 4.8049 5
5 2 17.1403 0
2 1 57.0477 5
3 5 17.3785 5
4 2 26.9807 3
2 5 63.3572 5
1 5 37.0428 2
0 3 79.0273 5
0 5 2.3597 1
0 0 82.6953 2
4 3 14.5921 2
4 1 48.6223 5
2 0 20.3468 5
5 4 76.0021 5
3 0 97.3303 0
4 0 -7.1545 4
2 0 78.7266 4
3 1 -1.9362 0
4 1 -8.3113 0
4 0 14.221 5
3 2 30.4098 2
4 1 39.5341 4
4 1 86.6314 5
4 5 44.8901 1
4 4 73.4146 3
5 5 -4.3694 0
0 4 8.2127 1
2 2 77.1323 1
2 5 -6.1065 0
2 5 47.5751 2
2 5 -8.1763 3
1 4 15.6792 5
2 2 1.2612 0
0 0 8.2945 5
4 2 -1.5041 3
0 4 96.6413 4
5 1 81.0658 1
4 0 71.7632 0
5 1 65.534 2
4 5 62.4853 4
4 0 23.2236 5
5 5 -7.3325 2
2 0 66.8382 3
2 2 28.1853 4
3 1 84.0216 0
4 2 68.346 0
0 0 89.1486 5
5 5 69.052 3
0 3 33.1895 3
5 4 55.8983 4
5 0 43.7535 5
1 0 78.1096 4
4 1 93.3849 4
0 1 5.0295 4
1 5 70.9617 5
2 3 15.1075 5
5 4 52.5875 0
1 3 20.8522 0
4 3 20.0343 3
1 5 95.3454 2
2 3 91.5404 3
4 3 13.8361 5
0 4 50.153 1
5 4 88.1808 4
0 2 60.2384 0
2 2 32.8774 3
0 1 36.7014 3
5 2 78.5741 1
2 1 44.1839 4
0 1 4.7624 1
3 3 8.9694 5
4 4 99.2646 1
2 3 10.4512 0
5 4 78.644 2
0 3 -8.6842 1
3 5 78.1181 0
0 5 45.0806 2
4 3 79.6944 3
0 2 79.546 3
5 5 29.5698 1
3 2 44.7192 5
4 5 96.1779 4
5 3 48.0608 0
5 3 28.2821 1
5 3 12.1856 3
5 3 62.2314 1
1 0 20.25 5
3 0 -7.6396 3
4 2 63.0342 1
5 4 60.4627 1
5 0 97.4141 5
0 0 68.2701 4
4 4 86.2381 1
0 0 61.0531 2
0 5 58.9453 3
2 3 16.1898 2
5 5 -9.8547 4
1 3 25.0755 1
2 4 -5.4172 3
2 2 67.8295 0
5 3 29.3242 4
4 1 3.9374 1
1 4 24.9415 4
1 0 62.2492 3
3 2 65.8575 3
4 3 3.7735 2
0 3 20.2544 0
5 4 12.3314 2
0 3 74.087 0
2 5 63.4238 3
4 4 96.2899 5
2 1 29.3073 2
0 1 21.6127 3
1 5 90.1763 1
1 5 25.9446 0
3 3 34.0206 2
4 0 78.1492 3
3 3 32.6325 4
3 2 80.3531 3
3 3 15.5595 0
2 3 41.5558 4
3 3 41.5768 5
4 1 44.5788 5
4 3 93.4429 3
1 2 -6.6957 2
0 2 49.3078 3
3 1 50.5216 0
1 1 92.927 1
2 2 95.4389 2
5 3 80.1703 2
0 4 67.6755 1
0 3 84.4363 1
1 5 53.1423 4
1 0 31.9426 2
5 1 48.1068 4
4 5 40.0117 5
3 0 47.3004 4
5 1 69.3688 3
2 0 64.1037 3
4 4 56.0253 3
5 4 84.1201 2
0 1 18.4921 4
4 3 78.2048 4
1 4 21.1617 1
5 2 10.9435 4
4 1 27.3693 0
4 0 7.5083 4
4 2 48.6683 0
1 0 80.4763 1
4 2 49.7358 0
4 3 27.8777 5
3 0 18.6576 1
2 5 79.3766 4
1 1 64.7159 5
3 0 3.594 5
2 2 -0.7674 0
2 1 40.1722 3
5 2 23.9061 2
0 4 32.9839 0
2 0 37.6171 0
0 1 32.1974 2
4 2 -7.2053 5
2 2 63.4682 4
1 0 70.0392 1
1 0 84.4316 5
5 4 11.6722 5
3 3 85.9226 2
1 4 72.5788 1
5 5 1.8118 2
2 4 9.6262 0
4 4 47.6022 1
1 3 89.636 4
4 5 52.2857 2
2 3 68.0486 0
1 1 39.6933 3
2 0 5.8481 1
1 5 11.9011 3
3 0 80.7892 5
2 1 45.3898 4
4 2 91.0681 4
1 3 84.0064 2
4 2 65.6844 5
4 4 34.621 5
1 1 42.9358 4
3 4 53.6073 4
1 0 20.5709 5
3 1 50.6784 1
5 3 52.8298 0
2 3 89.8996 5
3 1 78.3723 3
2 3 3.1286 1
4 5 60.8947 0
5 2 79.6124 3
5 2 24.6455 3
3 1 69.4299 2
1 1 7.2437 5
5 4 92.0598 2
4 0 91.9096 0
2 4 6.611 0
4 0 63.6786 0
2 5 74.0825 1
3 2 60.9885 0
3 4 -0.2117 4
4 2 -7.6883 5
0 1 -8.3834 1
4 2 60.7207 1
1 5 38.9909 2
5 0 46.1007 2
4 0 12.4246 5
0 3 61.2246 2
1 2 17.4201 0
2 0 36.9275 0
5 4 45.0704 1
1 4 49.2127 0
4 3 97.8816 0
0 4 1.6673 3
2 2 91.4237 1
0 3 56.8882 2
0 1 18.6795 3
0 0 -7.4593 5
3 5 17.5258 5
0 3 60.3488 3
5 3 99.5326 3
2 0 52.9246 5
4 0 89.9665 1
0 2 77.2366 5
5 1 -1.7438 3
1 4 14.386 0
4 1 -7.7836 0
1 5 89.6873 0
0 3 80.2108 4
0 0 89.3082 3
4 1 -7.4375 0
2 1 36.9663 2
1 5 55.7433 5
4 0 56.4508 0
0 0 -0.7289 1
2 5 73.6921 1
4 1 78.2838 0
1 5 -2.1082 0
1 0 1.5166 1
0 3 43.9051 2
2 2 10.7906 3
1 3 -2.7778 1
5 5 -6.3634 5
0 2 55.62 1
0 5 -3.3144 1
2 1 4.9742 2
5 2 14.0953 2
1 3 28.9344 2
0 2 52.5898 3
0 4 64.7744 3
0 2 56.51 0
5 3 76.6507 3
1 0 37.8552 1
0 0 2.1228 3
0 1 -2.3864 5
2 5 65.8609 4
4 2 -4.3086 1
2 3 57.6203 0
1 1 8.7151 2
5 4 -3.135 2
0 3 65.2309 1
0 2 89.7869 5
0 4 36.4863 2
2 2 26.3564 0
4 5 26.4839 4
2 0 52.1641 5
5 5 -7.4692 3
3 1 7.5424 1
3 3 24.1298 5
1 4 85.7716 3
1 4 53.2784 4
3 1 2.2493 3
0 1 24.7616 5
5 0 68.9522 3
3 2 45.8447 2
4 0 11.4672 4
5 3 98.861 1
5 4 73.9391 1
4 0 94.4295 4
5 5 66.2389 0
5 4 43.9457 0
4 0 32.3988 1
3 0 51.7362 0
2 1 2.4224 2
4 2 61.2699 5
4 4 -6.0415 5
3 3 56.3587 4
1 4 85.154 3
3 1 93.7827 0
5 2 -6.4553 0
5 3 33.2236 4
1 1 40.989 0
3 2 -8.2721 0
0 4 96.0638 0
1 0 78.9813 1
1 4 25.6929 1
1 2 29.986 3
2 3 23.1869 4
3 5 26.136 4
5 1 76.9399 4
2 2 83.0827 3
1 0 9.8869 1
3 0 88.5357 2
3 5 93.7279 5
0 1 97.7841 0
0 0 44.652 3
0 1 48.8496 1
1 2 50.3734 1
4 4 36.8932 3
3 2 45.3678 0
2 2 91.7203 3
2 1 18.7815 1
0 2 3.6204 0
5 2 -0.4032 5
2 1 73.2597 1
2 4 -1.5098 0
3 4 -9.1068 0
3 3 51.795 4
1 5 24.6003 1
1 3 22.407 2
0 0 8.7142 0
2 3 62.4985 0
0 0 6.5123 1
2 4 51.0926 2
4 0 78.3289 1
2 2 54.4366 5
3 2 95.8338 2
0 3 51.4332 0
3 2 5.6542 0
3 0 30.6187 5
2 0 16.6768 1
4 4 44.2294 0
5 2 36.174 1
1 5 75.1203 3
0 0 78.6532 3
5 0 44.2479 0
5 3 77.5179 4
1 1 63.2065 1
5 3 46.9334 2
3 0 84.0217 5
2 2 71.3813 5
5 2 44.8268 2
4 4 58.5696 0
0 0 35.6761 5
4 5 22.7253 0
0 0 -6.8602 2
5 2 64.0756 2
1 4 25.8608 0
4 2 5.8367 3
5 3 -0.6128 3
5 1 11.3171 0
3 1 46.8983 0
0 1 -4.5056 5
1 0 17.1571 2
5 0 8.4695 3
1 3 13.5671 2
1 1 63.297 5
3 3 62.2855 2
2 0 -0.5109 4
5 0 33.1506 3
2 0 -3.4974 1
2 3 9.0349 0
5 3 20.2557 5
0 2 18.2485 1
4 3 26.9187 2
3 0 32.9688 1
0 0 19.5553 5
1 2 43.0546 4
2 3 92.0497 5
1 2 18.6794 0
1 2 90.0263 1
0 4 54.5873 4
2 5 88.0589 2
0 0 25.9898 3
4 5 32.8872 4
0 4 38.2497 5
3 0 42.7424 1
0 3 62.6229 2
5 5 77.6894 4
3 5 19.5427 2
3 1 9.3619 4
4 5 -8.736 5
2 0 45.2327 5
4 0 30.5125 1
3 5 41.363 1
4 0 15.1201 0
5 5 71.0447 0
5 4 48.8868 0
5 3 0.414 2
4 3 50.0424 3
4 2 25.2954 0
5 1 93.8507 3
3 0 -5.2366 2
0 1 67.7498 0
1 3 72.924 4
1 1 -8.98 1
3 3 49.1022 4
0 5 26.049 5
1 3 19.3914 4
5 4 35.6486 0
4 4 43.4824 4
2 2 79.9272 0
4 5 29.7188 1
5 2 4.5933 4
3 5 71.4493 4
5 3 23.3947 3
5 1 13.0986 5
1 2 -4.2577 1
4 2 23.9233 0
5 2 76.7841 5
3 4 23.7933 3
3 1 58.5436 2
1 4 98.9689 2
3 0 47.3897 2
1 0 45.2539 1
5 3 55.7998 0
4 5 48.155 5
3 3 43.5361 0
4 4 86.1389 2
3 1 98.0051 2
1 0 38.7735 5
3 4 63.9946 5
5 1 89.7429 5
2 0 -8.6378 1
2 4 45.8141 0
5 1 62.8542 2
5 4 66.4727 1
3 1 43.3402 2
1 1 12.9918 4
0 2 65.3978 5
5 0 62.9151 0
5 1 62.0151 2
3 4 83.942 1
1 0 78.2309 3
5 1 57.3412 1
5 4 51.0022 3
2 1 60.5245 0
3 3 27.1789 0
5 3 4.783 1
1 4 -6.0374 5
4 1 69.9687 3
2 4 -4.8962 2
3 2 54.3313 5
4 2 56.9981 5
5 3 28.3931 1
0 0 76.8642 1
4 5 50.5444 3
2 3 15.1302 0
3 1 64.3684 1
0 3 17.9393 2
0 2 -9.3723 0
3 1 44.9018 2
2 1 62.9051 4
2 0 63.7143 1
4 1 40.9056 0
1 2 62.9658 5
0 4 41.875 2
4 3 39.8314 2
0 2 92.1484 2
3 0 44.0496 5
0 3 74.6884 2
5 0 29.7048 5
3 1 84.8664 0
1 2 23.3895 3
2 1 72.5526 2
3 4 78.9246 2
4 1 84.3557 3
2 5 38.4042 5
1 2 18.9399 1
0 3 30.7054 3
2 3 53.1767 4
5 2 42.2289 1
5 1 0.6006 2
2 0 53.8428 1
1 1 55.9152 4
5 4 90.7068 4
4 4 9.6186 0
3 4 0.448 3
3 5 -9.5863 4
4 4 61.4081 1
0 4 -6.7032 4
3 1 0.2825 5
1 0 17.9573 3
0 2 49.6691 5
4 0 -9.3527 1
5 5 -5.1628 2
3 0 -7.5127 1
2 5 42.4223 1
1 5 96.1667 5
0 2 6.1587 5
2 5 60.0854 3
2 2 47.8965 3
5 5 44.0628 3
5 0 97.672 1
4 2 50.3896 0
5 4 82.7951 1
0 3 30.5931 3
5 4 71.0917 2
3 5 70.4176 5
4 5 86.4946 1
0 2 -5.2298 1
5 2 57.3817 1
3 1 54.6207 5
0 4 36.3325 2
0 4 5.9277 2
5 1 24.4003 5
1 5 7.742 5
1 3 35.3659 5
5 5 8.9564 2
5 4 34.9303 3
5 3 28.761 3
2 4 -2.5795 1
4 4 60.2098 5
2 3 11.9797 0
4 2 66.5657 5
4 1 44.1127 3
3 0 11.813 3
1 1 92.0597 5
2 5 92.802 4
2 2 82.4123 4
3 2 95.3817 4
3 5 3.0484 2
5 4 15.125 0
1 0 66.5295 2
5 0 39.4933 5
0 1 15.9857 2
4 5 10.4636 2
1 5 50.3436 1
1 4 73.0081 4
1 2 -7.0917 3
1 1 22.1268 4
2 3 97.6805 1
0 0 40.2307 5
2 0 20.2685 0
0 5 67.4984 2
5 4 29.0816 3
3 3 39.0652 0
5 2 13.8698 0
1 0 23.4682 3
2 3 16.0928 2
5 0 31.0374 5
4 3 80.7015 4
3 1 -2.098 2
0 3 19.9771 3
1 5 4.2947 5
3 1 14.102 1
1 3 14.031 3
4 3 4.6002 2
3 2 40.1273 1
0 1 65.553 4
0 1 -4.8082 5
2 4 33.406 4
4 5 80.267 2
0 3 10.5517 3
0 2 32.4657 0
4 4 -7.7855 5
1 0 50.9664 5
1 1 43.7043 2
3 4 32.7602 2
5 0 79.6948 4
2 5 7.3296 4
5 0 65.2476 1
0 5 89.2275 0
3 4 54.7433 2
5 3 32.8322 5
2 0 45.7202 2
4 0 28.7072 5
2 1 43.5291 4
5 0 25.3369 5
1 2 5.3946 5
0 3 79.0706 1
0 4 90.0346 3
5 2 45.7618 2
4 3 86.4822 2
0 2 -2.6686 3
1 3 33.5132 1
2 0 -1.062 5
4 1 14.0908 4
5 3 69.8391 5
3 1 2.2929 4
2 3 55.7 5
0 3 -1.0393 2
3 1 1.1759 4
2 2 33.4128 5
1 1 4.7102 1
2 3 -0.5005 3
5 2 98.9323 5
4 2 25.1396 5
0 5 -1.7844 2
5 5 5.7706 2
3 4 18.2055 4
1 0 59.1071 5
3 3 87.1983 1
2 0 91.7045 5
3 1 83.1468 3
0 3 93.6217 1
0 1 97.1715 3
0 2 -9.3783 3
0 5 97.5848 0
4 4 41.7271 3
0 2 17.1598 5
2 3 12.9517 4
0 3 24.7563 1
1 1 -1.03 3
2 4 46.8718 2
3 0 72.9816 0
3 4 53.1844 0
3 0 79.2615 2
3 4 -6.428 5
4 4 67.1136 0
2 2 57.6642 5
1 0 67.9669 3
1 0 91.7567 5
0 3 73.0261 2
4 5 44.1066 4
0 2 -6.8233 4
4 5 -8.183 4
5 4 -6.584 1
5 4 59.9575 4
4 0 34.2738 2
5 2 84.9131 3
1 2 55.8399 3
4 3 48.9497 2
3 4 61.4675 3
4 1 92.012 2
1 2 16.1543 1
3 3 48.3576 5
4 4 41.4186 5
0 0 26.9888 4
3 1 19.5462 1
2 0 61.8688 2
4 1 3.4521 2
3 1 1.3897 5
3 2 -5.8232 0
0 3 67.7586 1
4 3 44.8343 3
2 2 57.1256 3
5 2 90.948 0
3 4 69.1558 1
3 3 9.1687 1
2 2 97.9809 3
5 3 86.7222 5
4 1 13.9271 1
5 3 -1.7049 0
1 2 74.5215 5
2 4 66.0119 0
0 0 70.7996 5
2 1 79.0993 5
2 2 48.9425 4
1 3 11.4422 5
1 3 29.8065 0
5 2 -9.3153 4
2 3 70.4364 1
2 1 35.7352 5
4 5 61.8805 3
5 3 41.237 4
3 2 82.292 3
2 1 -4.7813 1
5 1 16.6549 3
1 3 85.9968 4
2 5 95.7322 0
1 1 22.1071 0
0 2 83.2033 2
2 0 96.0978 0
3 2 -1.0808 3
1 5 61.438 2
3 0 82.259 2
3 4 -1.6271 4
3 3 98.0244 3
1 2 37.0945 2
3 3 71.2305 5
1 5 50.2369 2
4 3 90.9269 0
2 1 44.9241 2
3 5 18.0644 4
5 5 7.0411 5
5 5 31.9725 5
2 5 -9.6154 0
4 2 90.3887 1
1 4 58.5815 5
4 3 95.1141 5
3 2 28.7407 1
3 5 17.4289 3
0 4 55.6553 5
3 4 80.8374 2
4 4 47.1141 0
0 5 53.8805 3
2 1 39.3531 1
2 4 10.0628 1
3 5 -4.1593 1
3 3 60.8553 5
1 0 9.0272 0
0 2 91.6783 5
3 1 79.0193 4
0 5 39.6048 3
1 3 34.7577 1
0 5 82.7329 4
3 0 69.5504 3
0 3 20.8711 5
2 1 94.6212 2
5 0 71.2871 4
2 2 63.637 5
3 0 86.9988 0
1 2 46.2437 3
0 5 7.7023 5
4 3 58.8273 1
5 1 -5.648 2
2 1 11.8868 5
2 3 49.454 4
1 3 65.9126 1
3 5 -5.3922 0
5 1 58.8123 0
4 5 43.571 5
4 2 83.6541 0
2 5 98.6278 5
1 2 58.1836 1
5 5 -0.4641 3
5 4 49.8621 3
2 3 76.5946 3
0 2 97.3322 4
2 3 16.992 1
4 4 82.8413 2
1 4 22.2543 5
3 2 95.8157 5
5 3 93.068 4
3 1 15.824 4
2 1 55.7819 4
3 3 43.296 1
2 1 93.1262 3
3 1 70.8219 4
2 5 16.5023 0
5 5 19.0937 1
4 4 62.0236 3
1 1 -6.7402 3
5 5 51.8049 3
5 3 93.3543 2
2 5 54.9134 3
0 5 68.2735 0
5 0 79.7992 0
1 3 85.9087 4
5 3 28.5686 4
0 2 -1.9248 2
1 5 12.178 1
4 1 -7.4638 3
5 0 86.2062 5
0 2 -1.8566 2
2 4 60.4541 3
4 4 -0.9347 3
3 0 87.6699 5
1 5 85.988 0
2 3 5.842 1
0 2 -2.0949 3
4 3 34.174 3
5 0 15.1758 0
3 1 78.4502 4
1 4 0.2259 3
0 3 6.76 2
3 5 -7.8942 5
5 3 92.7884 4
3 1 59.9117 1
5 4 93.4747 2
4 3 -7.3741 5
3 3 8.1967 2
5 4 10.9923 4
4 4 -2.2879 2
2 2 15.73 2
5 4 76.7631 3
0 0 39.0161 1
4 3 36.8846 0
5 1 74.0776 2
3 4 93.3301 3
4 3 88.5725 4
4 3 78.2362 4
2 4 -8.2068 3
1 5 0.1966 1
4 5 91.5754 5
0 2 26.4721 5
3 5 64.3755 2
4 2 72.743 4
3 2 34.4273 2
2 1 -4.2396 3
0 0 14.8445 5
5 5 22.9908 3
5 0 -2.2821 2
2 0 25.4906 5
3 0 73.5348 0
2 0 41.4101 5
1 4 97.8756 3
2 3 45.3957 0
2 5 62.6233 4
1 5 86.3915 3
5 0 3.1398 4
2 1 61.8889 2
4 1 2.1515 1
4 1 76.4787 3
1 2 -8.6465 0
5 4 80.2776 1
3 3 18.255 4
2 4 18.9853 5
0 0 33.1212 5
4 1 10.1143 1
5 2 67.6581 0
1 5 38.3988 0
1 5 73.2523 0
2 2 44.0804 4
3 3 86.7484 3
4 3 -7.0978 0
1 0 57.6422 5
0 3 76.4713 0
0 0 27.2713 2
2 4 86.8164 4
1 2 28.0463 2
