1 3 79 2
0 4 -8 0
0 5 80 2
0 0 60 3
5 0 80 1
2 1 18 3
4 1 9 0
1 4 50 0
5 1 2 0
4 4 21 4
0 5 -3 0
1 1 -8 4
1 4 93 2
0 5 55 1
0 1 66 0
1 3 -9 5
4 3 -7 5
0 4 91 5
3 0 -5 4
0 0 49 4
4 4 52 4
3 3 29 1
3 0 58 2
4 2 28 0
1 1 81 2
2 0 45 4
4 5 67 4
1 3 -1 0
4 3 -8 2
4 0 10 2
4 0 1 4
2 3 91 2
5 0 47 1
3 4 -9 1
3 1 47 3
0 1 11 3
1 0 82 3
2 5 87 1
0 5 -10 2
1 5 18 4
0 4 42 1
0 0 94 4
2 5 5 1
4 1 38 5
2 0 56 2
1 5 83 1
1 1 35 0
3 3 34 1
4 3 95 5
4 3 84 4
5 3 90 2
3 3 31 4
1 1 39 1
5 4 92 3
3 1 13 1
3 1 38 1
5 5 64 0
2 4 33 0
5 4 100 1
3 0 51 4
3 2 91 4
5 5 44 5
3 5 50 2
0 4 20 2
1 1 26 3
3 4 36 5
5 5 12 0
2 2 81 4
2 1 -4 1
5 4 19 4
5 1 47 2
2 0 16 4
1 5 91 5
4 0 63 3
1 4 48 5
1 3 83 3
4 0 49 3
1 1 36 2
0 2 47 4
1 0 -7 1
2 3 -5 2
4 3 72 1
1 2 94 2
1 5 94 4
1 5 66 1
5 0 5 0
1 0 77 1
1 4 18 0
0 4 16 5
2 0 93 0
1 0 5 2
0 5 88 2
2 4 28 1
4 5 -1 0
2 2 63 5
3 1 89 0
1 1 61 1
0 0 92 1
5 4 82 3
1 4 32 2
4 0 43 3
0 4 -7 0
5 1 -5 1
2 1 87 3
5 3 89 2
1 2 85 3
2 3 -7 4
2 3 59 2
3 2 -10 4
3 4 88 1
5 2 68 4
3 3 18 5
2 4 29 3
5 3 70 5
2 4 68 5
3 2 26 5
0 1 57 5
5 0 61 0
4 0 44 1
5 3 48 3
0 0 54 3
2 5 10 2
4 4 86 0
0 2 49 4
4 1 16 2
0 4 8 2
5 5 35 0
5 5 56 3
1 5 33 4
1 4 35 3
5 5 15 1
0 1 53 4
5 4 16 5
5 4 24 5
3 4 96 5
5 0 8 2
2 1 71 1
4 5 61 3
1 0 61 3
2 4 21 1
2 1 36 3
2 1 52 2
4 4 73 0
4 0 -3 3
0 4 55 5
0 1 99 2
1 4 73 5
2 2 39 0
5 5 32 2
5 2 5 1
0 1 70 5
3 5 47 4
1 4 28 5
3 0 92 3
2 5 61 1
3 3 3 4
2 1 40 5
0 2 17 2
0 4 22 3
3 1 48 4
0 5 73 1
1 2 9 4
4 0 72 0
3 5 8 1
5 0 48 3
2 3 4 5
3 4 13 1
1 2 3 3
4 5 53 1
3 5 36 0
1 0 82 2
5 4 1 3
4 0 64 1
4 4 -7 2
3 2 -2 2
4 5 44 3
1 3 34 3
0 0 84 0
5 3 29 5
5 5 74 1
1 1 21 4
4 1 61 3
3 3 62 0
4 0 2 2
3 1 45 0
4 3 13 2
0 0 -3 5
4 0 55 1
4 0 11 2
0 3 80 3
5 0 47 5
2 5 37 3
0 4 83 2
3 0 82 1
1 2 64 4
3 2 0 3
2 5 60 4
5 4 50 3
0 4 66 1
1 2 -1 3
1 2 11 5
0 1 69 2
1 1 80 2
2 2 65 3
4 2 24 2
5 1 34 4
4 2 49 4
2 3 71 5
2 3 87 4
2 1 30 1
4 3 45 1
4 4 61 0
5 4 95 0
0 0 -10 4
0 1 64 2
4 1 20 5
2 2 39 5
5 2 58 5
0 4 98 5
4 2 57 2
0 4 81 1
4 2 57 4
3 5 58 1
5 3 40 1
5 4 87 3
2 4 80 0
5 2 14 3
1 4 99 0
4 0 60 1
0 2 42 4
5 4 45 4
2 1 6 1
0 4 37 5
4 5 62 2
5 5 16 1
4 1 16 3
0 5 52 3
1 2 -6 1
4 5 75 1
5 5 81 1
2 3 66 0
4 5 61 0
4 2 -5 3
5 5 40 4
5 3 46 2
5 4 53 3
2 3 2 3
5 5 61 0
0 1 55 1
4 2 76 2
3 4 20 2
1 3 32 1
0 1 94 4
3 4 -10 3
0 4 30 4
4 2 85 5
0 5 0 2
2 2 0 2
5 3 -5 1
4 0 29 5
3 0 52 4
3 5 43 1
3 1 22 2
2 2 24 0
0 0 8 5
4 1 -7 1
0 1 70 0
4 1 11 3
5 4 -5 1
3 3 7 1
2 4 53 0
2 0 -6 3
1 3 84 5
0 5 17 4
5 3 9 3
3 1 4 2
3 0 82 2
1 3 90 0
0 1 14 0
2 5 33 0
1 0 81 3
4 5 51 4
0 4 37 2
0 1 94 3
1 3 6 3
5 5 -9 3
2 4 56 2
2 0 19 5
5 3 35 0
5 0 8 0
4 3 17 3
0 4 8 2
0 5 -3 2
3 1 92 3
1 2 91 5
0 3 -8 4
5 3 99 1
1 3 69 0
2 2 78 5
1 4 33 5
4 0 6 2
2 4 69 5
0 3 -3 4
2 1 14 5
4 5 43 2
2 5 83 4
4 0 56 2
3 2 43 4
5 2 -6 3
0 4 58 5
0 3 -7 0
2 1 60 0
5 1 0 3
4 0 26 3
3 1 -6 5
0 2 94 1
4 5 86 5
4 1 25 3
0 4 31 5
5 0 74 4
0 4 -3 1
5 4 40 5
0 2 33 2
3 2 3 0
3 0 59 0
0 2 74 3
3 5 6 3
3 5 24 3
3 0 60 5
3 1 78 2
4 2 84 4
2 5 93 5
4 5 21 2
3 3 71 5
1 0 29 4
4 5 -9 3
4 5 28 3
3 0 2 0
2 0 -2 4
1 5 8 5
2 3 86 0
1 1 85 5
0 2 -2 4
4 4 55 2
0 2 46 1
2 5 86 5
3 3 88 1
4 5 81 4
1 4 39 2
5 3 45 2
0 4 64 2
2 4 10 4
3 2 2 2
3 2 60 1
5 0 11 4
2 4 71 3
0 0 25 5
5 5 30 5
2 5 86 3
2 4 13 4
3 1 20 3
3 5 3 5
3 5 0 4
4 5 26 4
5 1 57 4
4 0 15 3
3 3 8 0
3 4 10 1
5 3 51 2
5 4 69 0
5 5 7 3
2 4 -8 0
0 4 66 1
4 2 -7 5
2 1 0 2
0 4 51 3
1 3 79 3
4 1 23 3
2 1 33 0
4 4 73 3
5 1 10 1
1 3 49 5
0 2 52 0
5 0 42 4
5 4 83 2
2 3 97 2
4 0 91 2
4 2 72 3
4 3 1 5
1 3 92 5
1 1 58 2
0 1 100 5
2 3 60 1
2 3 72 0
2 3 68 0
0 4 80 3
1 0 46 3
3 0 38 2
0 5 75 5
2 4 22 3
5 4 61 1
4 3 8 5
1 1 59 1
5 0 8 1
4 4 14 3
1 0 33 2
4 2 15 5
4 4 23 3
5 4 34 4
1 4 43 2
4 3 72 0
2 3 50 0
4 2 70 4
3 4 -1 1
5 1 74 1
2 2 68 3
2 5 55 4
1 0 16 1
5 1 32 0
4 5 85 4
4 5 77 3
5 4 68 1
5 3 36 2
4 1 11 5
0 5 30 2
5 4 -6 3
5 3 53 3
4 2 64 4
5 5 25 4
2 0 94 5
4 0 45 0
5 2 38 4
2 3 37 4
4 2 42 5
4 2 44 1
0 1 86 2
5 0 -10 0
3 5 28 2
1 1 89 3
3 1 49 2
1 2 40 4
5 2 -6 4
0 0 -5 1
0 4 2 0
2 5 53 5
4 2 0 3
3 5 32 3
2 2 40 3
0 3 26 1
1 2 38 3
2 4 43 5
3 1 -3 2
5 0 55 4
0 0 79 4
0 3 33 4
5 3 66 1
1 4 33 3
1 1 25 5
5 4 77 0
1 3 53 1
1 1 73 1
3 0 70 0
2 1 56 3
2 2 23 4
5 5 83 2
1 1 79 5
5 1 49 5
5 2 10 3
0 1 76 3
1 5 3 3
3 5 39 3
4 5 25 4
5 4 88 5
2 4 69 1
5 5 52 0
5 3 24 4
0 2 82 5
1 1 56 1
1 1 27 4
0 1 22 3
5 0 40 2
5 5 35 3
5 5 76 2
2 3 16 0
1 0 3 0
0 2 7 5
5 0 29 4
4 1 76 3
3 4 87 4
4 3 2 0
1 3 93 5
5 4 2 4
5 4 13 0
3 1 8 3
3 2 57 0
3 4 99 4
3 2 28 1
3 4 97 2
4 3 34 3
4 2 25 1
2 4 30 2
5 1 33 0
3 2 46 4
3 0 60 1
0 1 7 5
2 3 39 0
4 0 24 0
1 2 -2 2
3 2 87 4
3 0 7 2
0 0 17 4
3 5 8 3
1 0 97 4
5 0 66 2
4 1 83 4
3 1 -9 0
5 1 54 0
5 2 43 5
3 2 42 5
4 5 63 1
4 4 17 0
1 0 32 1
5 2 34 3
0 1 30 3
3 4 74 0
2 1 12 3
0 1 47 3
3 2 54 0
2 4 61 2
1 0 57 2
3 4 54 1
5 4 57 5
5 4 71 4
0 1 3 3
5 5 22 4
2 3 29 3
5 4 56 4
3 0 64 2
4 2 94 1
0 5 87 3
0 2 23 1
2 0 14 1
5 3 82 1
0 3 36 3
1 2 15 1
3 3 5 2
0 4 78 3
5 2 63 0
5 3 24 2
2 1 1 4
3 4 50 4
0 1 88 5
1 1 28 3
4 0 79 4
5 4 37 5
3 3 52 1
3 3 71 1
4 4 33 4
4 1 15 5
2 5 69 1
2 2 88 4
5 3 72 4
1 5 24 3
5 1 90 3
4 5 17 1
3 4 16 4
5 3 42 2
4 1 48 3
4 2 48 5
1 5 -10 1
5 0 33 5
0 2 16 4
2 2 30 5
0 3 90 1
1 2 31 4
1 2 69 2
2 5 26 5
1 2 4 2
1 1 98 4
0 2 38 2
2 2 17 1
4 3 84 2
0 5 7 0
1 3 -3 2
2 3 64 2
3 4 78 3
3 3 81 5
2 3 59 5
0 3 24 3
5 2 73 5
1 2 11 2
4 3 -5 5
2 5 23 1
1 4 -9 5
5 0 3 5
4 5 -9 0
0 0 43 4
1 1 81 0
5 4 88 2
2 0 46 2
4 4 6 2
4 2 78 1
1 4 78 2
4 3 48 0
1 3 -7 4
2 0 16 1
5 0 39 5
5 3 26 5
5 3 31 5
0 2 79 4
4 4 81 5
3 5 94 5
0 0 98 0
4 1 19 0
3 2 67 3
1 5 0 0
0 5 85 4
5 4 85 3
4 1 32 2
3 4 54 5
2 4 14 2
4 0 64 4
4 0 25 0
0 0 41 0
1 5 37 5
5 3 36 0
5 4 6 3
1 3 17 5
0 4 63 3
5 5 77 2
4 2 29 3
2 2 54 3
1 3 38 2
1 4 0 5
4 4 100 5
2 3 -6 1
2 0 17 5
2 0 72 1
3 1 51 3
5 5 5 1
5 1 85 3
4 1 44 2
0 2 -9 4
1 3 42 3
5 5 16 1
0 3 4 4
4 2 32 1
2 0 80 1
4 3 64 3
0 5 9 2
4 3 32 3
4 3 69 5
5 3 66 0
2 5 29 5
5 1 10 5
4 2 3 5
1 1 -6 3
0 5 8 3
5 1 77 0
4 1 70 4
4 5 15 3
0 4 70 2
1 5 -3 4
0 3 86 0
1 4 -2 3
2 2 73 0
3 3 13 0
2 0 60 2
1 5 1 2
0 2 69 0
1 5 -5 2
4 4 70 1
0 0 80 3
4 1 39 2
0 4 67 3
4 1 77 3
2 4 68 4
2 1 66 5
5 3 17 1
1 0 15 5
5 0 43 0
2 3 2 4
0 0 60 3
4 1 8 3
4 1 -4 2
5 5 2 0
2 1 72 4
5 0 11 4
1 4 42 4
2 1 49 2
1 4 -1 5
0 4 53 1
4 3 -3 5
0 5 1 4
0 4 13 5
3 4 39 5
4 0 6 5
1 1 70 1
2 4 33 4
3 3 48 4
4 5 0 1
5 4 -8 5
2 5 -1 3
3 0 64 5
1 4 27 4
1 4 6 3
1 5 -9 3
3 3 49 2
4 3 -4 1
1 1 83 1
2 5 45 5
2 0 -7 3
0 0 95 4
2 2 10 4
4 1 74 4
2 0 4 1
3 4 87 4
0 3 25 3
3 5 36 0
3 5 29 2
0 4 5 3
0 5 94 4
1 3 36 1
3 1 63 3
4 2 65 4
0 4 62 1
5 4 26 1
5 1 36 2
2 5 70 5
4 4 16 5
4 4 7 5
5 3 29 1
4 4 29 2
0 0 56 2
2 0 44 5
3 2 -5 3
3 3 87 5
4 2 14 1
3 5 32 1
0 2 75 4
4 5 60 3
0 1 15 3
1 0 67 2
2 2 100 4
3 1 65 0
5 2 -7 0
1 0 -10 1
5 3 68 3
1 4 63 3
0 1 2 3
1 3 -4 0
1 5 25 0
1 4 -9 4
2 0 88 1
3 0 49 2
3 3 86 1
0 3 70 0
2 4 58 1
0 4 23 1
3 0 -4 4
0 4 70 2
1 5 35 4
2 3 56 5
2 4 23 0
3 3 43 3
1 2 88 0
4 3 45 3
1 5 54 5
4 3 91 0
5 1 81 1
3 3 56 4
0 4 82 1
1 5 75 2
0 5 58 1
3 3 78 5
5 1 53 1
1 0 80 0
5 0 71 1
3 5 32 1
3 4 8 1
3 4 49 4
1 1 -9 3
3 5 47 0
2 5 36 5
5 4 20 5
5 5 56 5
2 5 41 3
2 4 91 3
5 4 61 1
4 2 79 4
3 1 42 1
0 0 1 1
0 2 41 3
5 4 11 4
4 4 -2 3
0 0 76 2
5 4 7 0
3 4 48 2
3 4 97 4
3 5 45 2
5 5 -7 5
3 0 76 5
5 2 52 4
2 3 -2 5
3 5 4 5
5 5 -5 4
2 3 33 4
1 2 25 5
4 2 30 4
5 2 94 2
5 3 64 4
4 5 67 4
5 0 4 2
2 0 85 2
0 2 25 1
0 0 4 5
4 4 51 2
0 4 24 2
2 5 23 0
1 3 15 5
1 1 19 4
3 2 78 2
1 5 -1 5
5 5 -8 1
4 0 92 4
1 1 43 3
3 1 79 2
3 2 28 0
5 0 44 5
3 1 30 5
3 4 13 2
2 5 40 2
0 2 20 5
0 5 39 5
1 4 38 5
2 2 16 1
2 2 9 4
1 0 26 0
5 5 74 2
2 3 21 4
0 4 51 5
2 1 30 2
4 3 24 5
5 1 55 4
3 3 42 4
1 3 75 5
5 2 17 4
1 2 31 1
4 1 53 5
5 2 71 0
1 2 37 0
5 0 49 5
5 5 52 1
1 0 59 1
5 2 55 4
0 1 67 5
4 2 90 4
0 1 91 4
0 0 64 0
1 4 36 3
4 0 37 0
1 2 93 3
2 3 48 1
0 4 56 5
2 2 71 4
1 5 37 0
3 5 28 4
4 2 41 1
0 5 55 2
4 0 29 5
4 0 12 3
1 0 64 3
1 0 -9 2
1 5 70 2
5 3 76 1
0 2 54 0
3 2 22 2
3 0 97 5
0 1 6 1
0 3 52 2
1 3 37 5
4 3 3 1
0 5 68 3
5 3 25 1
2 4 47 1
0 2 26 1
5 4 36 1
2 0 7 4
1 3 28 0
5 5 57 1
3 5 -9 4
5 2 90 4
1 5 46 5
0 4 74 4
4 0 33 4
2 5 15 4
1 1 77 2
3 1 53 2
3 3 18 4
1 4 85 5
5 4 66 2
4 3 92 0
5 4 52 0
5 2 14 1
5 2 91 4
4 1 72 0
0 4 72 3
0 2 63 1
3 2 58 1
2 0 17 3
4 1 62 4
2 5 44 2
3 4 21 0
1 5 92 5
2 1 -3 1
4 1 19 3
0 2 27 4
4 3 30 1
5 0 12 4
3 3 -6 0
0 1 55 4
5 0 27 2
2 4 85 1
3 3 22 4
5 4 67 1
0 5 27 4
1 3 19 5
2 2 100 3
2 2 85 4
4 4 60 5
1 3 55 0
0 2 22 2
5 0 64 0
1 1 94 1
2 1 84 1
3 1 67 0
3 2 93 2
3 3 31 1
0 0 90 5
2 5 -7 1
0 1 45 2
4 4 17 2
4 3 56 1
0 4 62 1
0 1 41 5
2 4 75 1
5 4 58 5
2 5 -2 3
0 3 43 5
2 0 41 1
4 4 43 5
5 5 20 2
3 2 68 2
5 3 98 1
5 3 82 4
3 4 42 5
2 1 82 2
3 0 17 3
0 2 45 2
5 2 -4 4
5 0 82 5
5 5 15 0
2 5 28 3
5 3 13 3
3 0 -1 2
0 1 47 3
3 0 14 5
4 1 18 2
1 0 -2 2
0 5 -9 3
5 2 85 0
4 5 69 3
1 2 26 2
1 0 21 2
1 1 54 5
5 5 16 5
0 1 66 5
5 1 57 5
5 1 97 4
1 2 60 5
1 0 44 3
3 2 11 3
3 2 72 2
1 3 31 4
2 0 24 5
5 5 -5 4
0 0 54 3
5 1 54 1
0 3 79 2
4 5 1 1
1 3 11 3
0 2 74 1
5 2 32 5
5 1 4 1
5 3 41 1
2 2 32 2
4 1 -5 4
2 3 1 0
0 2 5 5
3 3 77 3
