1 5 -9 4
2 3 -9 4
0 0 29 1
2 0 92 1
5 5 15 5
0 1 60 5
3 1 14 4
5 0 25 0
3 1 83 2
4 4 70 2
2 3 0 5
0 3 37 0
3 0 -7 5
1 2 43 2
3 5 63 5
1 0 3 3
5 1 22 5
0 5 34 4
3 2 91 5
3 1 99 4
0 4 -5 0
3 1 74 2
1 4 31 1
3 5 33 1
2 4 73 2
5 5 91 1
4 5 95 5
1 5 53 0
2 5 29 0
5 5 77 2
0 1 18 1
1 5 52 5
4 1 29 0
5 5 62 0
4 4 16 3
0 5 11 3
0 2 91 0
1 5 1 2
3 5 46 4
0 4 14 4
5 3 -6 5
3 4 -6 0
2 2 9 0
4 3 85 0
3 0 21 2
4 0 95 3
3 2 54 0
2 4 38 0
0 1 54 1
2 2 47 2
0 3 73 5
0 3 21 0
4 5 29 1
5 0 88 4
2 3 94 5
3 2 88 0
2 3 36 0
4 2 76 1
0 1 42 2
4 5 45 0
1 0 13 4
1 3 55 0
3 2 10 4
4 4 26 5
3 0 84 5
3 1 13 3
1 2 -2 3
3 5 -2 4
1 5 93 2
0 1 46 0
4 1 35 0
3 5 79 3
1 3 82 4
2 3 27 0
3 2 66 0
5 4 75 2
0 2 62 1
0 4 7 3
2 1 86 3
1 0 49 1
3 2 21 0
1 2 37 2
0 4 -6 2
1 1 4 3
0 1 74 2
1 4 -10 5
2 1 36 1
4 5 47 0
2 3 -4 5
2 5 97 1
4 0 15 4
4 2 23 3
3 0 23 2
3 2 15 4
2 3 -10 2
2 1 70 5
0 5 96 0
0 4 15 0
3 5 63 0
5 3 72 2
5 1 39 0
0 2 1 1
2 3 -3 4
2 1 6 0
1 4 62 1
2 1 9 4
5 1 65 0
5 3 48 5
5 3 14 0
1 4 52 5
5 0 61 5
3 1 71 4
0 3 72 4
5 2 61 3
3 1 -5 0
2 1 -1 5
5 0 76 3
0 3 3 1
2 4 30 0
5 5 49 4
2 0 10 3
0 4 31 0
4 0 58 5
2 2 19 2
3 4 42 4
3 2 27 0
4 1 40 3
0 1 38 5
5 0 66 5
4 4 36 1
3 1 54 3
0 1 72 3
3 4 14 0
2 2 44 3
0 1 50 4
3 5 22 0
1 5 5 5
5 5 74 2
5 3 96 2
2 3 87 1
3 3 13 1
0 2 95 0
0 3 36 0
5 2 9 5
0 2 10 4
1 0 56 4
5 3 13 3
2 3 -7 2
3 2 31 4
3 4 46 3
0 1 32 4
1 0 -7 4
1 3 65 5
1 3 70 5
0 2 53 1
5 1 76 5
4 0 63 1
3 0 32 4
1 2 -3 2
0 3 72 5
1 4 0 4
3 1 4 1
2 3 4 1
0 0 49 3
5 4 75 3
5 0 83 3
2 5 39 4
5 5 47 2
4 3 88 4
4 3 59 0
2 1 92 1
0 3 4 2
4 3 77 3
2 4 71 4
4 4 63 0
3 0 44 5
5 5 24 1
0 3 12 0
1 4 41 2
2 3 80 5
3 0 36 2
4 3 14 4
4 0 0 1
4 5 68 5
4 4 -4 4
1 5 -5 1
5 0 45 3
3 2 11 5
5 1 3 1
5 1 36 0
1 0 42 4
2 2 54 0
2 5 56 0
1 3 64 4
2 5 23 4
2 4 15 5
3 1 65 4
4 0 7 2
5 1 56 1
1 2 75 2
0 3 79 0
4 5 71 2
4 0 59 2
3 3 89 0
5 1 68 3
0 0 67 3
1 4 56 2
2 0 81 5
4 2 25 0
2 3 14 0
4 1 -9 3
4 3 47 5
2 4 -5 4
3 5 63 2
4 4 41 5
2 5 -6 5
4 4 85 5
0 3 43 1
2 5 94 0
3 3 46 0
1 1 96 3
1 3 40 3
5 1 3 5
1 5 22 0
5 1 24 5
1 5 9 2
0 5 58 5
1 0 35 1
1 5 16 2
2 0 0 4
0 5 77 2
2 1 23 4
2 1 64 5
0 1 66 1
2 0 67 2
3 3 29 0
0 5 71 3
5 0 98 3
2 0 57 4
2 0 24 2
1 4 49 5
0 1 41 2
2 5 5 2
0 5 60 0
4 1 32 0
5 0 -7 1
2 3 25 2
1 5 54 1
0 5 95 1
3 3 68 3
4 5 93 3
4 1 75 4
2 1 15 3
0 4 18 0
5 4 76 1
4 5 -8 4
1 2 4 5
5 1 22 3
3 5 10 5
1 2 35 1
2 5 47 4
1 1 18 3
2 0 93 5
4 3 38 4
2 5 -6 3
2 2 9 1
5 4 9 4
1 4 26 0
3 2 12 0
4 2 8 4
5 4 79 2
4 2 87 3
5 0 17 3
4 3 21 1
2 4 1 3
3 2 -5 3
0 4 48 0
0 4 78 2
2 1 51 3
1 2 98 5
5 4 61 5
3 4 96 3
3 4 49 4
2 3 -8 5
0 3 67 5
0 3 54 0
2 4 38 0
0 0 96 1
4 2 78 5
3 0 27 3
2 3 38 2
0 5 27 4
5 4 36 0
5 0 32 5
2 2 52 5
5 1 12 5
1 2 57 5
3 4 47 0
2 2 74 0
5 2 76 3
5 4 77 1
3 2 24 1
5 5 89 1
4 3 -2 5
4 4 8 2
3 0 23 0
1 2 -4 5
1 4 26 5
3 3 72 3
2 4 99 0
5 3 74 1
4 5 22 1
5 3 85 0
5 3 12 4
2 1 -8 0
0 0 84 1
3 4 54 4
2 0 96 4
5 1 -10 2
5 4 85 1
5 3 41 4
3 3 -5 1
3 2 36 0
1 5 36 2
2 5 21 5
4 2 34 4
3 5 71 1
1 0 49 5
1 1 14 3
5 3 0 5
5 0 39 1
0 3 23 2
3 3 87 1
5 3 88 3
1 3 39 2
5 0 46 4
4 3 80 2
3 2 57 5
2 5 16 2
4 5 27 4
2 1 39 3
2 0 96 1
3 3 41 4
3 2 -7 1
0 3 36 2
0 2 56 2
1 2 0 2
3 1 62 1
0 4 55 0
5 5 -5 2
5 0 78 2
3 2 70 1
1 5 22 2
2 1 48 2
5 5 36 1
2 1 91 5
1 3 37 0
5 5 91 5
0 0 19 0
4 5 -1 0
5 1 80 4
5 2 81 0
0 4 66 4
4 4 55 3
2 0 0 0
5 2 45 5
3 2 34 0
2 5 24 3
3 0 46 5
3 4 44 0
2 5 41 4
3 3 64 3
4 1 68 0
5 2 68 2
3 2 98 4
2 0 48 4
0 2 69 5
1 5 15 5
1 4 67 3
3 2 84 2
2 3 65 4
4 3 9 1
0 2 -4 0
1 0 49 3
0 2 43 3
1 1 51 0
2 3 71 4
2 1 19 2
2 1 -10 2
4 2 21 0
5 5 8 5
1 4 43 1
2 0 49 5
5 5 73 3
3 2 92 3
3 2 1 0
1 2 -2 5
1 0 6 4
2 1 19 3
2 4 80 2
1 4 93 4
2 5 8 0
3 4 56 2
4 4 -4 4
4 2 68 5
0 1 97 4
3 2 30 4
0 3 41 4
1 1 49 0
4 1 24 4
0 4 88 0
5 0 99 4
0 2 85 1
2 1 67 1
2 1 1 4
2 4 41 1
0 4 71 0
1 0 47 1
3 1 22 0
2 5 34 1
1 0 27 5
2 2 12 0
0 2 15 1
0 2 23 3
3 4 0 5
0 0 58 5
3 2 58 2
5 2 25 3
5 5 38 5
2 2 99 2
0 4 72 1
4 4 1 3
4 4 19 1
0 3 24 0
4 5 78 0
3 0 91 5
3 5 32 4
0 0 -4 5
5 4 60 1
5 2 5 5
0 3 49 3
4 1 7 0
5 3 29 5
3 1 62 3
4 4 76 1
0 4 11 2
3 4 78 5
0 5 -10 2
4 1 5 5
5 5 29 1
1 4 59 0
5 1 7 0
0 5 63 2
4 2 58 5
1 2 79 4
3 0 6 2
0 2 27 5
0 2 64 4
5 0 68 1
5 4 34 3
0 2 51 1
1 2 -9 2
2 3 19 3
5 4 96 0
5 4 -7 0
5 4 97 4
4 2 38 5
2 1 -6 3
2 5 83 3
1 1 47 3
4 4 92 3
5 3 28 5
4 4 81 0
1 3 62 0
3 5 4 1
4 0 87 0
5 1 51 0
2 3 81 2
5 3 89 0
4 4 -8 4
0 1 26 5
5 2 84 4
4 2 70 4
1 5 53 2
0 4 68 0
2 3 79 5
0 2 16 3
1 4 16 2
0 5 35 1
5 0 80 2
5 1 4 5
3 3 -9 4
2 4 74 3
5 4 72 3
2 3 66 1
4 1 30 5
5 4 63 1
4 1 69 0
0 4 14 1
2 1 -5 4
4 2 37 5
2 5 94 3
3 3 60 4
0 4 94 2
2 4 14 2
5 2 53 4
3 2 6 1
2 5 12 3
2 2 65 5
2 4 59 4
5 4 44 4
5 3 96 0
5 0 68 2
4 3 65 1
3 3 26 0
5 5 3 4
4 3 37 2
1 2 57 2
2 0 74 5
3 2 88 4
3 3 48 3
1 5 -9 0
4 1 29 4
1 0 82 3
1 0 -1 5
2 4 42 5
1 1 91 1
1 4 21 4
5 1 24 5
4 1 43 3
4 0 52 4
2 3 62 0
0 5 86 0
2 0 77 1
2 4 -9 2
1 3 72 2
4 3 34 5
3 0 92 2
2 2 36 0
2 1 54 3
0 4 88 3
2 5 81 3
5 5 5 1
0 5 27 1
3 5 84 2
4 4 -3 4
5 1 68 2
3 3 71 5
1 4 30 0
1 0 87 2
2 5 87 5
5 1 51 0
5 3 40 2
4 1 0 1
3 1 36 1
4 2 34 5
4 2 22 3
0 3 52 0
3 2 -1 4
5 4 93 4
4 0 40 2
2 0 7 5
5 2 23 2
4 1 27 5
0 3 91 4
4 1 47 5
1 4 76 2
5 4 42 3
3 3 29 2
4 0 43 2
2 2 70 2
5 5 13 2
1 3 49 5
3 0 27 3
4 1 95 5
0 4 19 4
0 3 35 5
1 2 85 2
1 2 55 3
0 0 63 0
0 2 61 3
3 1 74 4
2 1 63 5
2 5 49 1
1 2 94 3
4 2 34 0
1 2 20 5
5 3 24 3
4 2 86 2
3 1 58 2
1 1 85 4
2 2 28 0
5 5 54 2
3 5 56 3
2 4 1 3
3 0 7 4
2 5 60 1
3 1 16 5
5 5 77 5
2 3 -10 0
3 0 18 4
3 5 69 2
5 3 64 3
5 5 17 2
0 4 28 2
4 2 99 4
5 1 45 2
2 5 74 0
0 3 -7 4
3 0 -8 3
2 4 65 5
0 0 38 0
3 3 53 5
2 4 -6 4
3 5 56 4
2 2 65 3
5 1 2 2
4 1 63 4
3 3 34 1
2 1 77 3
1 2 87 2
5 4 55 0
3 0 40 1
4 4 14 0
1 1 78 0
1 4 -9 2
1 0 56 2
1 3 60 4
1 3 35 5
1 2 43 5
4 3 39 0
5 2 47 0
1 5 74 5
0 5 -4 3
5 5 15 2
5 3 83 4
1 3 81 4
1 2 10 5
3 1 89 3
4 2 68 0
1 4 85 4
3 3 93 0
0 1 64 1
1 0 19 5
1 2 85 3
0 0 54 5
4 4 79 1
2 4 85 3
2 3 96 5
5 2 32 2
5 1 10 5
2 2 22 0
0 4 1 5
4 5 84 5
2 0 14 3
1 4 96 5
2 1 -4 4
5 5 49 5
4 1 39 5
3 4 23 0
4 2 85 0
2 3 64 1
0 0 19 4
1 1 17 2
0 0 2 3
1 4 13 3
0 1 -10 3
3 2 42 3
0 5 53 3
5 5 43 0
4 1 75 3
1 5 56 0
3 3 62 5
0 5 36 0
3 1 -5 4
4 4 33 0
5 2 1 3
4 1 -5 5
1 3 83 5
2 3 18 3
3 2 2 4
0 3 -6 5
5 1 57 0
3 2 78 4
0 4 69 3
5 0 15 1
2 5 100 5
4 3 65 0
4 0 71 2
4 4 1 3
4 1 54 3
0 3 20 0
2 1 -3 1
5 3 70 2
1 3 78 1
1 0 37 5
0 4 68 3
2 2 47 1
4 1 12 2
4 1 73 2
1 5 82 5
0 0 35 3
1 2 84 3
2 2 91 3
4 1 75 5
2 0 -7 1
5 0 23 0
1 4 17 0
4 2 30 5
4 5 43 4
0 1 27 4
3 0 44 3
0 3 67 1
0 2 35 3
0 4 23 1
2 5 32 2
0 3 18 1
5 5 51 2
1 1 39 4
2 0 73 3
3 3 41 5
3 0 -9 2
1 2 26 5
5 4 78 3
5 5 64 1
0 5 74 1
0 1 15 2
4 3 72 5
5 3 27 3
2 2 3 0
2 4 21 4
0 4 23 3
5 1 83 4
0 2 33 2
2 1 43 3
4 4 88 2
4 5 88 3
3 0 2 0
3 4 42 2
3 2 22 5
2 3 28 1
4 4 77 1
1 3 65 1
2 4 27 5
0 1 54 4
4 2 95 3
4 2 72 0
3 3 70 5
4 1 91 5
5 3 -3 4
1 3 76 3
0 4 74 3
3 3 38 2
3 0 73 1
4 4 88 3
1 3 15 3
4 1 87 3
0 5 76 0
3 1 99 0
1 4 56 1
1 5 77 3
4 5 91 2
1 1 16 5
1 0 77 1
4 4 92 2
2 3 -8 3
5 0 82 3
4 2 68 5
0 3 57 5
1 1 28 4
3 2 76 4
2 0 5 2
1 3 69 0
0 3 85 2
2 4 87 4
2 2 48 2
1 0 3 4
5 4 76 2
1 2 29 2
1 4 78 2
1 3 35 2
1 2 27 0
3 4 85 3
4 4 60 3
4 3 -7 1
0 1 69 1
1 0 17 0
3 0 89 0
4 5 89 4
3 3 91 4
4 5 4 3
4 4 75 1
4 3 12 5
0 2 78 2
4 2 78 1
4 0 42 5
4 3 24 0
3 0 16 1
4 4 46 3
0 0 26 5
0 1 48 2
2 5 -1 0
1 5 8 5
5 0 -1 3
2 2 30 2
0 3 20 3
4 1 62 5
0 0 86 2
3 3 4 3
2 5 71 0
2 1 35 5
4 3 18 1
0 1 85 3
0 3 49 2
2 5 50 1
1 0 53 2
4 3 6 1
5 4 14 4
5 5 -9 0
0 2 27 4
1 1 5 3
0 2 72 4
2 4 67 4
5 3 -9 2
0 5 2 3
3 4 98 3
5 1 -7 1
2 0 53 0
0 4 7 5
5 2 4 1
5 1 97 3
0 2 53 1
3 4 27 1
4 0 28 5
2 2 79 0
3 1 78 5
3 0 21 1
0 3 27 3
2 5 85 2
1 2 52 3
1 4 35 3
1 2 56 4
4 1 66 1
2 5 53 3
5 3 16 5
3 5 77 3
1 2 23 5
2 1 59 2
2 4 89 4
3 1 56 3
2 3 2 3
5 2 15 4
5 5 -5 1
4 4 -5 1
2 4 61 5
2 1 22 4
3 0 59 5
0 4 22 4
0 3 67 3
1 3 36 2
1 3 32 5
1 1 30 4
1 0 14 4
1 0 55 0
5 2 92 5
0 0 65 1
3 1 2 5
0 3 10 1
3 2 90 2
3 2 36 0
0 5 -3 2
1 4 78 1
2 4 48 5
2 3 78 1
1 4 49 1
5 2 58 5
3 5 43 3
0 2 17 4
0 1 8 1
5 2 41 1
3 2 -9 5
1 1 57 0
4 0 67 5
0 3 23 3
3 0 85 5
2 2 6 4
3 1 83 5
2 2 19 0
5 2 9 1
0 3 58 4
1 5 68 0
5 3 39 2
2 4 15 1
2 1 65 3
4 0 20 1
5 5 55 1
5 2 9 3
4 5 14 3
1 1 81 4
0 1 17 3
1 2 27 5
5 1 -4 1
3 2 1 1
1 2 73 2
0 5 53 2
1 5 80 1
0 1 15 0
2 0 34 1
1 1 26 0
3 5 0 2
2 4 85 0
4 2 60 5
0 2 7 5
5 5 23 2
3 2 -2 4
4 1 31 2
0 1 25 4
0 3 75 0
4 0 83 5
2 0 28 5
1 5 66 4
2 0 58 3
0 2 66 2
2 3 94 3
3 1 9 4
5 5 4 2
3 1 -8 3
0 5 35 0
5 5 86 5
2 5 38 2
1 0 86 0
3 3 93 2
0 2 7 2
4 4 63 4
2 5 62 4
3 3 86 2
1 5 14 3
0 4 -5 4
0 0 -5 2
3 5 1 0
5 1 56 3
4 4 45 0
4 4 13 2
3 5 3 1
4 4 3 4
3 5 49 2
0 4 80 2
3 4 -5 2
5 0 63 3
2 3 73 4
1 3 43 4
0 0 43 1
5 3 7 0
5 5 98 0
5 5 94 2
3 1 60 3
1 2 36 0
3 4 15 5
5 0 96 1
0 3 56 4
4 4 59 4
2 0 61 2
2 4 50 3
3 0 19 3
2 4 -6 3
3 4 47 3
3 2 -2 4
2 3 88 0
3 2 29 0
2 5 57 2
3 1 100 1
0 4 -5 5
5 3 13 1
0 5 -6 2
4 2 37 1
1 3 67 3
1 0 64 0
3 3 66 3
0 4 76 3
0 2 21 3
5 1 -9 0
1 2 63 1
2 2 27 0
5 0 100 2
4 0 46 5
5 0 63 4
4 1 52 3
3 5 40 4
4 3 5 3
0 3 14 1
2 1 48 5
0 0 -7 0
2 1 24 4
2 4 93 0
3 5 97 2
0 3 99 4
5 3 25 2
3 3 7 4
3 5 11 0
4 4 78 1
