4 1 -2.833 1
3 2 88.7538 2
1 4 10.5784 0
2 5 8.8861 0
0 3 41.8198 0
2 4 61.0635 5
1 5 -1.3342 4
3 4 -7.8708 3
2 2 29.8538 0
2 2 56.8224 1
5 4 20.7592 1
4 5 -6.6491 4
4 1 -8.4944 1
1 0 61.148 3
3 2 83.1229 2
4 1 27.759 3
4 5 32.6577 3
3 0 29.8318 4
0 0 97.6057 5
5 3 2.7936 5
1 5 48.4222 2
5 5 90.1775 3
0 5 20.454 0
3 2 96.4754 3
4 2 82.1387 3
0 3 91.7977 5
2 3 31.2949 1
4 5 8.5308 4
5 0 60.0323 2
3 3 28.8909 0
0 1 64.8742 0
2 4 16.2616 0
1 5 63.951 2
0 5 43.3124 4
2 5 93.0561 2
2 4 17.8975 4
5 3 48.4003 3
1 2 35.538 4
0 1 68.4113 2
0 3 4.905 5
5 2 58.4799 3
5 3 98.1068 2
1 4 37.9626 4
4 2 55.5904 0
4 5 85.7492 2
5 1 65.376 0
2 1 47.1858 0
3 2 15.2272 5
5 1 -8.9739 3
2 3 90.7868 2
2 0 5.0459 4
5 2 18.6803 5
5 4 52.7741 0
5 4 7.2851 0
5 5 29.9439 4
3 3 -5.2037 2
4 0 99.0396 2
4 3 89.828 2
3 0 27.003 2
2 4 57.5214 2
1 1 16.5372 2
3 0 54.4175 2
4 0 9.2927 1
0 3 77.4158 4
1 0 6.7752 0
4 1 19.1983 4
1 2 96.71 3
5 4 62.5688 5
5 0 58.9661 3
4 4 21.005 2
1 3 91.7698 0
4 1 50.6695 0
5 3 56.4854 4
3 1 -7.8613 2
2 1 11.2859 5
3 1 -9.0886 0
4 3 -3.26 2
2 2 44.7703 0
4 0 13.9095 3
5 2 68.9425 1
2 1 77.9569 5
2 3 17.987 4
0 0 2.2349 3
4 3 -8.7888 0
0 3 -0.3935 2
1 2 72.7592 4
4 3 3.7234 3
0 4 22.635 4
4 5 98.2755 3
3 1 61.7118 5
2 3 28.7784 0
0 0 46.3517 0
4 4 47.9761 4
4 1 61.5102 4
0 2 62.5805 4
1 5 18.8626 5
3 0 93.8941 2
5 2 65.8454 2
4 2 3.0579 2
4 0 39.0375 4
3 5 93.7181 1
4 4 44.8558 3
5 0 28.817 5
4 1 37.2988 3
5 4 96.8253 3
2 5 7.054 2
4 3 44.9199 1
4 5 20.9271 0
4 3 81.2951 1
4 0 40.5909 1
3 5 83.1451 4
0 2 -0.4986 5
1 2 -2.3189 1
1 0 6.3411 0
2 5 67.4732 1
4 2 18.7127 2
4 2 92.4038 1
2 2 0.3538 1
2 5 17.0988 4
3 4 -6.7135 0
0 0 82.5786 3
0 1 31.6124 1
3 0 60.0491 0
3 0 37.8794 0
2 4 29.047 4
4 2 99.4003 2
0 4 2.0671 2
5 5 33.508 3
0 3 21.1704 2
2 0 80.5363 4
4 1 26.2785 5
5 5 59.6016 3
3 1 -9.5349 4
0 4 9.9454 2
0 3 9.9256 3
0 1 87.8212 1
5 1 35.6322 1
1 0 18.4384 1
1 1 -0.4566 4
2 2 21.4858 1
1 0 65.6378 1
0 1 -8.3727 4
3 0 -7.2404 2
2 4 38.3903 3
1 4 64.808 5
4 4 63.3328 0
1 1 9.6982 3
5 3 50.9819 4
0 2 80.9096 5
1 5 25.5855 2
4 2 32.0063 0
3 4 4.8161 4
0 0 45.3538 1
4 4 27.3405 4
1 1 94.6456 3
1 5 87.0484 2
3 4 30.8519 0
4 0 29.5617 1
4 4 17.2611 5
3 2 44.435 1
1 5 27.0352 3
0 1 66.9602 5
4 5 60.8409 5
2 5 53.4195 0
3 0 99.8438 0
2 5 82.2769 1
5 3 98.3848 5
0 4 40.8874 5
4 4 35.5007 0
2 1 77.2085 5
1 5 67.3424 4
2 4 30.1098 1
1 5 46.0857 2
0 0 64.8743 2
0 0 50.1436 2
2 4 94.2027 2
4 4 39.5975 4
2 1 89.3487 5
3 5 73.9964 3
4 2 73.4901 1
1 1 20.5176 4
0 2 0.6013 1
4 0 29.7863 5
1 2 15.3273 2
1 3 16.0269 5
3 1 70.5389 4
4 0 80.0849 0
3 5 42.3232 0
2 3 39.6796 1
2 1 71.7317 1
4 1 12.5584 1
4 3 84.3714 5
3 4 41.4075 5
3 0 83.4538 0
3 4 29.3597 3
1 3 46.6046 0
4 4 46.8358 3
4 4 21.9301 2
4 5 78.9772 3
5 2 30.7206 0
2 4 -6.6315 5
5 4 45.1505 4
0 5 58.4968 2
2 3 62.449 4
4 5 1.6583 1
3 2 36.7219 1
2 1 43.5815 3
5 4 24.39 2
4 4 44.4545 2
3 2 87.3785 5
5 0 51.4626 4
2 2 10.2783 3
0 2 24.1286 1
3 2 14.1374 1
5 2 6.7756 2
0 1 78.0296 4
3 3 19.6141 0
0 2 4.7193 2
5 1 75.8516 2
3 3 25.68 3
1 4 77.2076 5
1 3 4.565 1
1 5 72.7258 3
2 4 41.6679 0
4 0 10.3779 5
4 1 13.4865 2
3 1 15.452 3
2 0 71.3294 3
0 5 11.0486 4
3 2 72.2681 5
0 4 41.5003 5
3 0 90.6041 5
3 2 44.4149 4
4 1 22.2968 3
0 3 66.1618 3
1 2 63.2444 2
3 0 14.0566 2
2 1 54.1258 3
5 3 3.323 1
2 0 18.3208 4
3 2 18.5313 2
1 2 26.7604 5
4 5 11.0253 1
5 4 62.1063 0
3 3 -1.9897 0
2 0 17.9877 1
5 1 -7.5466 2
1 2 10.7749 1
2 4 4.1257 5
0 0 21.2831 1
1 4 59.881 0
4 2 74.4419 2
0 3 -7.2661 2
0 3 63.2359 4
2 1 30.7275 4
0 3 12.9305 4
5 4 7.6402 4
5 4 65.1556 4
4 2 97.3411 2
0 1 59.6402 5
4 4 83.8304 2
1 1 -1.8785 1
3 1 78.6421 3
5 0 -1.7882 3
4 2 66.2061 5
3 4 26.3383 3
0 1 59.359 4
3 3 -7.9255 4
0 2 57.3279 1
2 1 66.1862 5
0 3 70.5702 5
2 4 64.8869 2
3 0 96.6953 4
1 4 17.4532 5
0 1 -7.6275 4
5 1 72.8919 2
3 5 50.7025 5
4 3 51.898 4
3 3 95.1098 2
4 4 84.0587 5
5 1 98.5251 5
4 0 14.2422 3
2 5 83.5335 0
1 5 42.3117 4
3 5 92.7721 5
3 2 57.214 5
4 0 78.5546 1
4 1 91.7776 3
5 4 27.5903 4
2 0 2.2541 4
1 4 -6.816 3
1 5 38.1946 2
2 2 62.8231 3
3 4 93.2105 0
4 3 17.1771 1
2 1 46.6778 4
3 1 98.0065 5
4 5 95.5653 4
0 4 64.253 5
5 5 0.2335 0
0 2 4.1383 2
2 0 89.3887 5
3 5 88.1687 4
1 4 41.7582 5
1 2 82.9888 1
2 2 21.8482 5
4 5 4.7056 0
2 0 87.1013 2
2 3 62.4693 4
3 5 26.9176 0
3 4 48.42 1
2 3 79.5743 5
3 5 12.2093 0
1 5 50.4854 0
1 4 11.407 3
0 3 97.8786 1
1 4 82.9693 5
0 5 75.2155 2
1 3 12.8511 3
1 4 7.1837 0
4 1 22.1439 3
4 3 74.6017 4
0 1 37.0084 5
1 1 49.997 5
5 2 69.2385 2
2 1 84.8679 3
3 4 -7.9874 3
3 3 26.2647 1
0 5 2.7485 0
2 0 -9.2754 3
3 0 -2.2591 1
4 0 54.7816 1
0 3 50.491 0
0 3 20.5829 1
2 1 67.2675 2
4 4 51.1821 4
5 4 94.7579 2
0 5 -9.3696 2
5 1 30.6907 2
0 5 53.2318 0
3 3 84.7599 3
3 5 5.5162 4
0 4 12.9986 0
2 3 22.7503 2
2 5 2.7509 5
5 5 -0.5421 3
4 5 4.2765 4
5 5 25.6779 4
0 0 92.439 4
2 2 28.5928 3
0 5 51.9926 5
2 0 51.3964 4
1 4 98.9568 5
3 1 84.1625 4
5 0 11.4676 1
4 0 77.5363 0
5 3 51.0548 2
2 5 -4.183 0
5 4 4.1241 2
1 3 31.889 5
4 2 31.3546 3
0 3 17.5415 5
2 5 62.8065 4
4 0 -4.4341 0
5 1 79.4985 5
1 2 88.97 5
3 1 72.6856 5
1 2 29.6139 2
2 0 39.1621 4
5 3 32.641 2
3 1 -7.1319 5
5 5 78.3082 1
0 1 27.2756 4
5 0 79.9311 4
0 1 4.8548 4
4 2 28.5115 2
3 3 22.4197 3
3 3 74.0998 1
3 4 68.4477 3
0 5 79.6324 3
3 4 66.6227 0
2 3 58.9274 2
4 3 12.7102 1
5 3 5.7608 3
3 5 35.9858 1
3 4 93.671 3
3 3 98.5236 3
3 2 51.6448 3
2 4 13.2454 4
0 0 -3.4834 4
0 4 17.0384 3
2 1 79.7512 4
3 5 84.77 2
1 1 93.511 2
4 2 17.2699 2
3 4 83.335 4
1 0 84.7952 3
3 4 53.0546 0
4 2 91.4755 4
5 2 44.1734 1
5 3 -0.7853 0
5 0 74.8411 0
5 0 54.4795 1
1 4 99.1155 4
0 5 69.911 0
3 4 28.8294 3
0 0 -9.226 3
5 2 91.7283 1
5 3 97.7117 2
4 3 23.6576 1
0 2 16.595 0
4 4 -0.3425 4
1 4 93.5827 1
1 0 -7.4297 2
1 5 11.3124 0
5 3 21.0918 4
2 0 28.0882 5
2 1 63.6927 0
4 0 43.0746 0
1 2 53.1369 1
2 5 -2.2549 4
0 0 91.8079 1
5 3 37.3431 0
3 4 39.7228 1
2 5 50.6157 2
5 3 19.3516 0
4 1 65.1645 1
2 5 95.769 2
1 5 39.6128 5
3 4 10.9731 0
1 1 34.5336 3
2 5 0.8874 2
1 2 -3.536 3
2 5 28.5244 5
2 1 85.9256 3
1 0 75.0067 4
2 1 74.4752 2
3 5 21.5412 1
4 5 83.1455 4
4 5 13.652 4
1 5 63.0778 4
2 2 8.0507 4
5 3 17.6556 2
0 2 3.5259 2
2 1 17.0602 1
4 0 9.5872 0
4 4 37.9608 3
4 2 57.5122 2
1 5 90.2479 3
0 5 85.7626 5
4 1 88.2294 4
2 2 16.7642 4
2 3 81.6413 5
5 1 99.6565 2
1 0 9.5986 5
5 4 80.9618 2
4 5 94.0781 5
1 4 99.2667 3
5 2 43.3256 2
1 2 31.0452 5
2 0 10.4197 0
2 4 97.8627 2
3 2 49.212 2
4 4 68.5686 0
3 2 36.8769 4
0 4 93.1567 1
5 1 70.5126 3
1 5 48.8704 0
2 1 -3.1658 0
3 2 55.5897 4
5 5 -8.9902 0
3 2 73.2938 0
2 2 76.0059 1
4 4 9.1015 0
0 0 79.6061 4
1 4 67.0724 3
5 3 5.0026 3
3 0 56.9149 0
2 0 96.1549 5
4 1 0.7356 3
5 1 26.4 1
1 5 89.3149 4
1 4 86.0155 0
0 0 94.9358 5
5 3 14.6461 3
5 0 55.2165 1
3 4 22.1254 3
5 2 55.9952 2
3 3 66.5941 0
5 4 87.3299 2
0 3 87.6263 3
5 4 -3.9734 0
2 0 8.9007 0
2 5 40.0368 0
1 0 31.244 4
1 3 22.8422 4
2 3 17.5868 0
3 3 85.88 1
3 4 82.8698 5
2 0 59.5971 3
4 5 50.266 3
3 3 32.03 3
1 0 50.0335 3
1 5 53.767 4
3 3 3.1439 2
2 3 -9.5129 5
0 2 97.499 4
2 3 65.3988 2
0 4 -5.8718 1
3 4 60.2948 2
2 1 33.0648 3
5 0 23.768 5
2 2 77.8983 3
0 2 67.6756 4
4 4 66.8666 4
2 3 56.3376 1
0 5 37.9144 0
0 1 62.9718 2
0 2 94.404 2
1 4 73.6622 5
2 4 29.8116 2
0 1 15.1562 1
3 1 7.8651 3
5 1 26.113 5
5 3 87.8991 2
2 4 78.9927 5
2 1 80.9062 2
0 5 70.6347 1
0 4 82.5182 0
0 4 19.127 4
2 5 98.5697 3
2 0 51.3996 2
3 5 92.9753 0
5 2 9.1035 0
4 1 9.4566 1
1 3 72.323 2
3 2 87.6239 0
5 3 -4.665 2
1 1 34.1091 2
5 5 8.3811 2
0 2 76.5751 4
2 3 -9.2717 5
0 2 -6.5634 4
4 1 79.303 1
0 1 11.5007 0
4 4 -6.765 0
0 1 65.344 1
3 5 50.8984 4
5 0 79.7065 5
5 2 46.326 4
4 5 79.4975 0
2 4 90.9779 0
0 3 94.4511 0
1 5 89.7258 4
0 2 86.8473 4
0 4 -5.7845 5
0 0 12.2697 0
1 1 8.8531 5
0 5 69.7157 1
1 5 50.8458 3
3 2 11.6207 3
3 4 37.301 2
4 4 79.1439 4
5 3 81.0781 0
5 5 46.9737 2
2 4 31.8089 5
0 3 17.5185 0
2 5 4.0709 5
5 4 90.9501 5
3 1 55.2701 1
4 0 26.459 2
3 4 96.6157 2
1 0 6.1628 4
4 2 26.7614 0
1 2 25.2967 4
0 3 10.418 0
5 5 44.6422 4
3 1 96.2524 1
0 2 47.6349 0
0 4 -1.4594 3
1 2 -2.6066 1
1 1 56.8708 4
1 0 43.1508 1
5 0 70.6715 3
5 5 84.5397 2
1 3 15.0399 3
4 0 3.2888 4
0 5 10.9094 4
4 3 56.2686 5
5 2 99.5269 2
5 2 9.0905 5
0 0 82.0377 4
0 1 20.4315 0
1 2 78.5789 4
1 3 94.4701 3
4 0 81.8416 1
2 3 82.9619 2
1 4 -4.1459 3
3 1 42.0749 2
5 0 17.2257 4
1 1 85.0785 5
3 2 3.9729 5
1 2 -5.7259 4
4 5 83.7053 5
5 4 36.1888 5
3 5 48.3987 3
0 3 -9.936 0
1 3 89.3486 5
2 1 5.346 4
5 1 62.3481 2
3 2 16.6012 1
3 2 38.4201 1
1 2 12.7815 0
5 2 91.5352 4
1 0 74.2968 1
1 0 31.7001 3
1 1 97.8561 5
0 2 26.6855 0
4 3 66.243 2
1 2 86.771 1
4 3 48.591 3
0 1 85.2835 2
1 1 77.6061 2
1 5 80.202 3
5 2 29.318 0
5 2 41.2629 4
2 2 -5.3905 2
3 5 17.9945 0
1 5 31.8944 2
1 5 94.4806 5
2 0 44.5135 5
1 3 22.0673 5
2 5 63.8224 1
3 2 55.9594 4
3 1 39.2002 4
5 1 48.1936 3
1 1 9.7208 2
2 2 19.9432 2
2 4 25.7863 4
4 4 65.419 4
4 5 35.074 3
4 5 88.7126 3
5 1 8.6343 4
5 3 97.2241 5
2 2 49.7028 1
1 0 93.7493 1
5 2 98.1305 3
5 0 -5.9824 0
1 0 14.842 3
2 1 25.2908 2
3 5 27.4836 1
5 3 71.7551 2
0 2 44.3703 5
2 1 57.1654 0
3 5 84.556 1
4 4 -6.9131 0
2 4 26.4109 1
0 0 3.6353 1
4 3 22.6917 1
4 5 34.447 2
0 4 90.8191 3
4 0 28.3185 4
3 3 85.2986 1
4 3 17.4327 1
1 2 17.495 5
1 1 90.732 1
1 5 21.8812 4
1 2 60.0337 4
0 3 60.1815 5
0 4 99.6101 5
1 0 49.573 0
2 0 84.9543 4
0 0 -3.7009 0
4 3 23.5335 4
0 4 95.5243 0
0 0 11.685 1
0 3 98.1473 4
0 1 27.6945 2
3 1 64.9576 3
4 0 32.2628 1
3 4 93.8867 1
2 0 88.8304 4
0 4 16.0105 3
5 2 39.8629 1
2 3 59.6194 1
1 5 48.7609 2
3 5 16.169 2
0 1 33.8376 4
4 0 43.0372 3
5 2 82.3549 5
1 1 11.6653 0
2 1 87.26 2
1 1 87.0614 2
4 0 90.7104 5
1 3 79.7246 5
2 1 3.9935 5
1 4 9.1152 1
1 4 34.8355 2
1 1 9.5273 2
0 0 77.0429 1
3 3 54.3839 2
3 3 65.6282 4
5 5 43.3678 5
3 3 47.2536 1
5 2 21.7857 1
4 5 50.2581 3
1 0 -3.7712 3
0 1 15.9571 2
3 3 26.2319 4
1 4 10.659 1
5 5 87.4939 5
2 0 53.6319 3
1 2 34.076 2
0 3 80.1511 1
0 3 7.2945 5
3 1 -7.6051 0
2 4 79.0418 0
4 5 6.3696 0
1 5 -2.8781 2
1 3 27.669 0
1 3 49.74 1
4 5 3.0894 4
0 3 78.3638 5
4 3 10.6921 4
5 3 54.2144 0
1 0 53.7884 3
4 3 55.6967 3
4 5 79.9432 3
0 4 91.3609 0
1 1 87.4566 1
4 5 65.4337 3
5 1 37.8005 5
2 1 2.778 3
3 0 67.2843 4
5 4 46.6238 5
2 2 84.7973 5
1 1 15.0668 1
1 3 -2.7992 1
0 1 31.2343 4
1 1 71.5643 5
0 3 -4.5432 0
0 3 25.7998 1
2 1 17.9634 5
3 3 46.6584 5
5 0 97.0734 0
5 2 77.9133 0
0 1 55.8958 5
0 0 71.8729 0
3 4 95.4662 3
4 3 63.6836 1
0 1 67.4345 1
0 4 83.4105 5
2 4 12.1427 2
2 4 78.5278 3
3 3 69.0669 1
0 4 35.5757 4
5 0 92.3749 1
5 1 2.3256 0
4 0 57.2367 2
3 0 -3.7138 1
2 5 74.0631 1
3 1 96.4351 0
5 4 20.5113 1
1 5 12.9695 2
5 1 97.9272 2
3 4 28.7075 1
4 3 -9.9728 5
3 3 81.3008 0
2 2 39.0723 5
3 3 -4.6041 4
0 5 19.2993 5
1 5 72.3958 1
1 0 92.4588 3
4 3 -7.0836 2
4 3 5.9352 4
0 3 88.6931 1
3 1 54.377 1
1 2 50.2312 3
2 3 96.798 2
0 0 15.901 4
3 1 -5.7861 3
2 4 -1.7188 4
4 1 45.1709 0
1 5 74.19 2
4 0 40.398 0
2 0 45.6803 1
2 0 77.2806 3
0 5 61.9813 4
0 4 68.8006 0
1 3 8.1321 5
5 2 79.3167 2
1 5 49.2094 0
1 4 79.1079 1
3 0 22.4541 2
1 3 58.2997 1
3 1 14.3999 1
2 0 52.8102 3
3 3 70.6033 3
4 1 10.5216 4
1 2 7.6516 4
4 3 91.5815 2
5 1 -6.7734 3
2 1 18.3821 3
1 5 44.2677 1
3 0 -7.3887 2
0 0 36.0863 4
1 5 68.373 2
2 0 12.7969 3
4 3 95.0024 2
4 2 77.9465 5
4 3 16.1711 1
1 4 11.3598 3
2 2 86.5674 3
2 4 45.4631 2
2 0 7.448 2
3 3 30.3359 3
3 0 89.4138 0
5 0 56.8 4
5 0 99.3629 3
2 1 44.4643 3
2 3 65.1048 4
0 4 67.5293 1
3 5 42.5688 1
1 1 38.7345 3
1 5 2.6091 0
5 3 36.0791 4
4 3 20.5956 1
3 4 53.2732 0
5 5 23.8427 0
3 3 50.6324 2
3 4 9.2283 2
5 1 26.0715 1
2 5 23.7224 5
4 3 54.0725 3
4 1 19.2958 1
5 2 68.4877 2
4 4 79.8718 5
4 5 56.7028 2
3 0 2.7304 2
4 3 59.0913 5
5 1 56.7489 5
1 4 57.8274 1
3 4 80.3562 3
1 0 57.9 3
1 1 67.396 3
3 1 52.1274 1
3 0 38.8976 0
5 5 72.5936 5
1 4 19.551 3
1 3 35.3963 1
4 0 73.2181 0
2 4 46.8033 0
2 4 64.2723 0
4 4 97.6573 5
3 2 62.8464 3
4 2 5.009 0
3 4 50.4256 1
3 5 90.7045 0
5 4 60.9278 5
4 3 28.9367 0
2 2 42.9693 5
2 0 58.7441 0
3 1 52.6464 4
4 4 60.5932 1
0 4 91.8017 4
3 0 60.0529 3
2 4 94.9414 2
0 5 4.0627 5
3 3 29.9199 5
1 1 85.7228 4
4 5 69.4015 2
5 4 37.0803 2
4 1 91.2648 3
5 1 41.8129 5
0 0 14.7394 0
4 5 90.7279 3
2 1 54.6239 3
3 0 27.0369 1
5 4 70.8525 3
0 4 80.0679 4
2 5 27.5392 5
0 4 84.0372 3
3 1 32.7937 0
2 2 47.3677 3
1 0 89.7086 1
4 4 51.5111 5
0 1 19.2511 3
5 3 6.1189 5
1 1 71.0627 1
5 3 76.3601 0
3 1 26.0208 3
1 0 17.6259 1
0 2 34.9372 1
0 1 89.5351 1
1 2 70.6459 0
4 5 28.1728 4
5 3 56.4443 5
2 1 92.808 2
1 1 17.9655 2
4 3 60.5791 0
1 4 50.2021 0
5 2 56.4464 5
3 5 56.9216 1
2 0 96.43 2
3 2 35.405 4
3 3 74.3137 0
2 3 89.69 3
2 3 52.0802 0
1 2 47.7829 0
0 3 96.9895 5
3 0 69.4336 3
5 2 59.6485 1
2 3 93.0251 2
0 5 91.2632 3
4 2 2.1607 0
5 3 2.9341 1
5 3 39.4884 3
3 1 51.2796 2
3 4 33.1793 3
3 1 7.3374 1
5 1 14.0065 0
1 5 66.353 2
2 0 10.7249 3
2 5 24.4504 1
2 2 23.9039 2
1 0 78.9299 5
4 1 14.3327 0
5 1 90.6686 0
1 4 81.9772 2
1 0 43.3949 3
1 5 60.2668 4
0 2 50.8616 0
4 4 11.3322 2
1 4 78.0336 4
4 0 38.7693 2
1 5 50.7746 4
4 5 9.3699 2
0 3 46.9009 0
0 2 11.8196 1
2 5 10.9079 4
5 3 39.3127 2
5 5 99.6745 1
0 4 55.1007 3
0 5 78.5079 3
5 5 10.7612 3
0 2 6.5073 3
1 5 33.326 4
4 1 34.4224 3
4 4 75.4683 0
3 2 52.2435 2
5 0 -1.5327 0
1 3 27.1691 4
0 3 -1.7784 4
3 4 4.2819 1
4 2 -2.0205 5
4 1 13.4327 1
3 1 61.8915 1
3 4 56.1929 4
4 4 -5.9914 4
5 3 87.2594 3
3 0 54.0853 0
5 1 97.2224 4
0 5 11.7848 5
1 2 43.1451 4
0 5 -6.2302 1
4 1 80.1936 4
4 0 -1.36 1
1 1 30.0978 3
5 2 31.4001 0
5 2 22.3415 3
1 3 84.4796 1
2 3 37.7133 4
2 0 -2.7506 0
4 2 20.511 0
1 3 75.3929 0
0 4 29.1034 0
4 2 27.8575 1
2 2 75.5366 4
2 2 81.3419 5
3 2 30.5627 2
4 5 74.7197 5
4 5 63.8077 2
2 5 15.6597 3
5 3 61.7936 1
1 2 -0.8166 0
3 0 34.8157 0
4 3 18.9613 5
5 4 90.5879 1
2 4 82.4232 4
1 1 27.7219 5
0 1 26.8642 5
3 4 29.9593 5
3 3 74.3899 5
2 0 33.8543 2
2 1 97.6452 3
5 0 19.226 1
4 0 91.0613 0
4 2 74.5584 0
3 3 79.7953 0
5 4 48.0129 3
