2 1 75.5122 4
0 2 72.9734 4
2 5 90.8718 2
5 2 43.1113 4
4 1 6.9447 2
1 3 71.4191 4
1 1 10.143 1
4 1 85.456 1
5 5 37.1562 5
1 4 26.2369 1
5 5 20.4596 1
2 3 84.4251 4
1 3 64.0056 2
1 4 94.8358 4
3 5 52.9916 5
5 3 94.2887 1
4 5 4.9676 4
2 4 18.288 4
5 4 9.0113 5
0 3 56.2981 0
0 1 99.7873 0
4 2 35.7647 5
3 2 78.9818 2
2 3 8.8011 0
4 1 3.1382 0
2 5 88.419 0
2 4 65.1443 4
4 1 19.3427 4
4 4 44.8339 5
1 2 47.3623 4
2 3 46.1943 0
1 5 59.5846 1
0 4 16.2189 3
4 0 88.3332 0
4 3 43.6133 5
1 0 37.8273 5
3 4 -0.225 4
4 4 61.4652 0
2 1 84.0411 5
4 0 -7.1741 2
0 3 71.447 1
0 1 80.3119 2
1 2 80.6357 5
4 0 25.3054 2
3 2 37.3979 0
1 5 42.5881 1
5 4 95.016 5
5 1 35.147 2
1 3 23.4867 4
4 0 21.5986 2
0 2 82.6704 3
1 3 93.0764 4
3 3 34.7794 1
2 1 56.7683 1
2 2 76.2627 1
3 3 56.3851 3
5 0 5.3829 0
3 2 91.0345 0
2 0 84.6651 1
4 5 49.798 2
0 4 18.6372 2
4 2 51.5066 5
5 0 40.2491 3
2 2 76.1804 4
0 2 53.125 2
2 3 65.4957 0
4 4 96.1056 5
2 4 64.3276 1
4 2 52.4576 4
5 4 39.2224 4
1 0 75.2562 3
5 1 38.3256 2
4 4 5.5984 4
1 4 23.0571 4
3 3 26.886 0
2 5 50.4525 1
1 0 16.2631 4
0 0 8.8497 5
4 4 6.68 2
0 5 58.8827 4
3 0 3.2587 4
3 0 72.1538 5
5 0 32.8767 2
5 5 23.1117 4
0 5 69.0283 5
2 1 80.1607 5
2 4 86.2447 0
1 1 78.5794 0
0 1 94.5557 4
3 1 7.9162 1
0 0 20.0933 2
4 2 78.7021 4
1 4 8.4513 4
5 0 1.2343 5
2 5 98.9618 3
0 5 92.2548 3
0 5 79.0803 3
2 4 49.5288 0
4 5 -4.0448 3
5 0 98.752 0
3 1 8.2816 2
5 5 66.3758 3
2 0 43.3327 4
4 0 -0.4395 4
4 4 26.3376 2
3 5 26.3187 5
2 3 85.4302 4
0 2 10.9526 1
0 2 60.0116 3
0 0 22.7697 3
0 4 82.7866 0
4 4 62.3655 2
5 3 39.1704 4
4 1 47.5247 5
5 2 -3.8522 3
3 5 26.943 4
5 4 26.7555 1
1 5 66.1924 0
0 5 45.4059 4
4 1 27.239 4
0 1 99.7509 3
4 3 97.4323 3
2 4 8.1466 1
5 5 8.2637 2
3 0 8.8723 4
0 2 3.9802 2
4 1 87.2713 1
4 4 66.357 4
0 1 88.0387 4
0 4 14.2658 2
4 0 52.1976 5
2 2 41.6286 2
1 5 44.7947 0
1 0 42.053 4
4 0 21.2914 5
3 2 44.166 4
1 4 -2.6851 5
1 0 -4.9163 5
2 2 90.6808 3
0 3 54.0524 4
2 1 64.1082 4
1 5 45.7964 0
2 3 -4.2737 1
2 5 4.8403 2
5 1 94.8599 3
2 2 58.3883 5
3 3 40.9619 3
1 2 74.865 5
2 0 34.3553 3
0 4 72.3726 0
2 5 84.5293 4
1 1 26.0455 3
4 4 -7.0012 0
1 5 69.9351 5
1 3 30.989 4
5 1 87.0475 4
0 2 85.7706 2
1 5 19.5069 0
1 0 26.0632 5
3 4 29.3712 4
0 4 75.6096 3
5 5 28.842 4
4 1 86.6333 4
5 5 42.346 5
0 4 33.0282 1
0 2 39.9639 2
1 4 25.1676 4
5 4 17.2465 1
0 5 74.4818 0
1 1 6.5649 1
5 3 49.0318 3
5 4 16.4806 4
0 0 -8.2754 2
4 2 47.0721 3
4 3 35.0351 0
3 0 36.3769 5
1 4 76.1374 1
4 0 1.6811 0
4 0 23.8531 5
3 1 9.5511 4
0 1 60.0571 2
3 3 99.6946 2
0 0 92.9601 0
0 1 61.2308 5
1 3 97.5425 1
1 2 11.9785 5
1 1 51.5461 1
4 1 14.5136 4
0 2 -7.4011 3
3 2 27.0365 5
4 0 75.9352 3
4 1 52.7586 3
3 2 96.8969 0
2 1 98.7523 1
1 5 44.7886 2
1 3 71.4011 3
5 4 -0.0422 0
0 5 70.1245 0
5 0 97.9651 2
3 3 27.1348 3
0 3 19.5827 3
2 5 33.0246 1
5 3 2.0486 3
3 4 95.2844 0
5 5 1.2248 1
2 1 59.498 5
2 5 21.5987 5
4 0 62.8092 0
4 2 34.0382 1
0 0 29.8401 2
4 4 65.3782 4
5 2 54.9133 5
2 1 9.8002 0
3 0 22.6669 1
0 5 72.033 0
0 1 75.7093 0
0 3 13.7679 3
5 4 13.8053 0
2 2 23.3042 1
5 0 23.9469 5
0 0 64.2169 4
3 2 36.9769 3
0 2 52.8876 5
3 4 92.3557 4
1 4 79.1656 1
4 2 87.1007 4
3 4 8.6707 3
5 4 83.8585 5
4 0 38.8723 1
0 1 51.9308 1
5 2 2.2179 4
5 2 23.0614 2
1 4 -7.5518 2
1 4 85.7945 3
1 5 -6.782 2
0 3 -3.6313 5
2 4 40.1509 3
4 5 52.3088 2
4 2 94.4114 0
5 2 1.7304 0
4 3 15.0082 1
0 2 16.9594 3
2 5 75.3187 0
0 5 87.4934 2
0 3 93.0713 1
5 0 8.058 2
2 4 51.108 2
0 2 41.7602 0
3 2 60.1483 3
0 0 99.0251 5
3 1 41.1614 2
4 4 64.5547 3
3 5 32.5374 5
2 2 48.6015 4
4 0 98.3593 5
0 5 92.8311 2
3 5 72.9997 3
3 3 77.6793 4
0 4 46.9342 3
5 3 35.6772 0
5 4 94.251 0
4 0 18.0979 0
0 3 2.4398 3
2 1 89.4721 2
0 2 62.7633 5
5 4 17.0624 4
2 2 45.9651 1
4 3 6.8882 5
2 4 50.1866 2
1 1 96.579 1
3 5 52.2495 5
2 5 50.9205 2
2 5 53.3671 2
3 2 57.5804 2
5 4 -0.375 2
1 2 23.6579 2
0 3 57.852 1
4 3 93.0373 3
4 4 45.6017 4
1 2 -9.0883 5
5 5 69.1728 1
2 0 67.2654 1
2 4 11.6867 2
4 5 -7.4718 3
1 4 72.8996 3
1 1 97.8995 1
5 1 3.183 5
5 0 15.152 2
1 3 32.2968 3
4 0 76.7035 1
1 3 32.418 0
1 1 38.9982 0
1 4 41.1393 1
0 0 52.1686 0
3 1 73.3333 0
3 2 33.2926 3
2 5 85.228 1
3 4 -7.7615 3
5 3 1.7647 3
5 3 80.5248 0
0 2 97.2798 1
4 2 71.8316 5
0 2 61.4332 2
2 4 34.2043 0
5 5 59.1466 1
3 4 23.4634 4
0 4 74.0668 5
0 3 8.6492 0
1 1 90.8077 4
1 4 61.2729 1
5 4 64.3026 3
5 2 26.619 4
4 4 75.4832 2
4 1 29.2174 1
4 1 24.8987 3
5 1 45.4399 1
2 5 50.913 3
5 3 43.9454 3
1 4 46.9314 5
0 0 77.0666 0
0 2 61.044 3
5 0 80.8876 4
2 3 25.3795 1
4 4 48.1359 4
4 3 4.6978 0
4 4 71.7516 4
0 0 41.6256 4
0 0 -1.542 3
3 3 97.0282 2
0 4 96.6988 5
5 3 -7.2478 5
1 0 55.3945 2
3 5 61.7565 2
3 1 -2.6787 4
2 5 82.0983 4
2 4 80.5259 5
2 4 51.371 3
5 5 14.705 4
4 1 23.65 1
5 4 49.6663 4
4 1 2.1456 5
2 5 43.0739 5
0 3 29.4503 0
5 3 73.894 5
2 0 38.332 3
0 4 34.6104 4
0 3 46.7582 0
5 0 71.6405 0
4 5 75.7835 2
5 4 2.8631 5
5 2 39.5187 0
4 3 62.9246 1
3 1 59.4423 5
1 1 -4.9693 5
5 0 -0.5808 1
5 4 -7.5488 3
5 1 49.4019 3
1 2 82.8239 0
0 5 3.737 2
2 3 46.5951 0
5 5 66.5136 2
2 4 75.4153 0
1 3 66.1943 0
1 1 93.4285 1
0 2 42.7769 4
2 1 14.6362 0
2 4 15.6405 1
4 2 81.0399 5
4 3 -2.4619 0
0 0 13.5204 0
0 5 3.0927 4
5 4 -7.9689 2
3 3 6.7659 5
1 5 47.6971 0
1 2 -7.9186 5
4 2 47.0222 1
1 1 -3.8732 3
2 2 20.3205 4
1 0 51.0454 0
0 4 77.9459 0
1 2 51.7611 1
0 4 52.7913 4
1 2 94.9174 2
0 1 58.9203 0
3 0 89.4059 0
5 1 71.9704 2
1 3 80.4774 5
5 4 15.6098 5
4 4 22.3094 0
3 5 57.9602 1
1 3 -8.3849 4
1 0 -4.024 0
1 4 18.9608 4
1 1 5.4881 0
0 3 24.5885 4
0 4 74.7391 4
1 4 15.4247 2
5 1 74.619 5
1 4 7.9989 0
4 0 -5.8226 1
0 0 36.1479 3
2 4 30.2036 0
3 0 79.0509 3
5 4 0.3847 2
3 5 30.4503 0
1 0 80.5675 1
4 5 85.2983 4
5 3 10.543 1
3 0 77.2405 2
3 4 22.6225 4
4 1 3.6301 1
0 3 68.0805 2
2 5 60.7762 1
3 4 95.4862 4
2 2 72.9709 1
0 5 -6.2861 4
4 2 87.275 4
0 1 21.4094 0
2 2 64.2326 5
4 3 69.605 3
3 2 34.2104 0
5 2 62.5329 5
3 2 -3.4063 2
4 5 58.2457 4
3 4 23.8874 4
2 0 77.0233 4
0 2 75.8695 0
3 0 83.5161 4
2 5 40.6381 3
2 1 8.3713 3
5 2 30.0535 0
0 4 94.9023 2
1 5 86.7135 0
0 1 91.5636 3
1 2 22.9149 3
5 4 77.993 5
3 4 3.3139 5
4 5 57.4295 5
2 3 46.0642 4
4 3 93.0426 2
2 3 21.9253 0
5 0 18.8933 5
5 5 48.5841 0
2 4 36.1886 4
5 0 52.3012 5
0 1 13.7672 0
0 1 71.8839 0
3 4 17.6887 4
3 4 3.4448 2
3 2 36.839 0
3 5 80.371 3
3 0 83.5808 4
4 4 40.1819 5
3 4 68.1197 2
0 0 96.7711 1
1 3 67.545 3
1 2 55.8969 2
4 1 8.4078 1
1 1 15.1895 1
0 4 85.373 5
4 2 39.9359 0
0 4 6.3147 2
2 4 79.9419 3
4 3 67.0978 5
4 1 19.4008 3
2 3 58.0157 2
3 4 26.2917 1
5 1 -2.6771 2
4 0 87.1188 2
2 2 -2.5506 5
1 3 83.5528 4
4 2 36.671 3
5 4 92.5401 0
1 5 24.263 2
1 3 71.6886 3
5 0 61.6644 0
4 1 19.4085 5
2 3 79.188 4
2 1 57.1515 0
2 4 6.951 0
3 3 98.355 2
5 2 56.7854 0
0 3 1.1708 0
2 2 63.6286 3
5 2 68.6189 0
5 4 20.8132 4
3 4 70.0995 1
2 0 -1.7815 1
5 1 26.7186 3
5 2 24.9691 2
4 1 26.5051 2
5 0 22.0333 0
2 2 95.6242 0
2 2 48.219 3
2 1 37.9109 2
1 1 -0.2885 0
5 2 76.1561 3
1 5 -8.2365 3
3 5 51.1758 1
0 1 81.6333 2
5 0 40.1267 2
5 5 15.2952 4
0 0 88.2115 0
4 5 1.1898 5
0 5 18.5083 3
3 2 82.3439 4
0 4 55.6184 0
3 3 70.1287 4
5 4 69.0651 1
0 1 43.8808 3
4 1 -8.9418 5
3 2 15.7124 3
3 0 16.427 0
1 2 18.0316 5
2 4 32.4122 1
3 2 -0.3652 0
0 3 86.8226 0
5 3 83.4426 5
3 2 -6.1507 5
4 5 14.2488 1
5 1 30.4282 1
1 2 -7.7098 1
0 3 96.6831 0
4 5 97.5992 5
5 2 4.9688 0
2 4 19.9874 3
3 3 28.4721 3
4 0 28.0663 3
4 5 70.8781 1
0 1 16.4274 1
2 4 20.7036 2
5 5 16.1968 3
4 3 86.4854 2
3 1 87.3919 3
2 2 9.1445 1
4 0 88.2093 3
4 5 37.9961 4
1 2 64.1067 0
0 5 3.6346 0
3 5 80.211 1
0 5 73.2951 3
0 0 23.7101 5
5 4 7.4522 0
1 3 92.6795 0
5 3 32.1703 1
2 4 17.7841 3
4 5 3.4224 1
2 2 78.9724 0
2 1 99.2385 1
0 4 68.0788 4
3 4 67.1194 3
2 4 60.7293 0
0 3 -2.9684 5
0 0 61.3815 5
5 0 4.4461 3
0 1 59.0632 1
4 3 77.4188 4
0 1 67.4905 2
5 5 0.4713 1
5 0 8.8278 0
2 1 6.2455 3
4 1 49.9093 5
4 3 40.2197 5
0 3 69.2667 2
3 3 8.6351 2
2 3 98.4859 1
1 0 82.0809 5
2 3 70.7602 0
4 1 -3.0848 1
3 5 84.1426 5
4 0 63.0746 4
5 5 13.7505 2
4 0 28.5112 5
0 3 48.0677 0
1 5 47.8197 0
0 1 92.5237 5
4 2 21.5251 0
3 0 56.9899 4
0 0 78.5942 5
4 3 91.2416 3
3 4 68.8592 3
4 0 67.2477 3
4 1 47.4101 1
3 0 40.9697 2
3 3 39.4839 3
0 5 43.1212 5
0 1 37.058 2
2 5 20.5735 5
4 5 64.5086 0
1 1 38.5522 1
1 4 4.8403 2
3 0 73.4799 5
4 1 1.4907 4
4 2 94.7649 3
4 2 71.6156 1
0 2 92.4598 4
4 3 92.2099 2
5 1 -8.4139 1
1 1 10.9401 3
5 5 96.6125 0
2 4 1.5261 2
4 2 82.0952 1
5 4 81.3628 3
4 3 8.6016 5
5 4 14.8116 1
4 1 52.8655 5
3 4 7.0443 4
0 4 -9.082 1
0 0 2.3722 5
0 0 96.2201 1
5 2 63.2198 0
4 5 5.75 3
3 0 16.7217 3
3 4 2.3819 0
4 1 83.5167 3
1 3 54.6457 4
2 0 1.6809 5
5 0 30.152 5
0 1 11.2396 3
4 2 11.8789 0
4 0 99.3932 1
2 2 38.1004 3
3 3 85.6765 3
4 1 15.4769 2
4 0 54.3698 0
0 3 92.7801 1
0 2 46.8988 4
3 3 20.8215 1
1 1 71.0949 3
4 3 26.9383 2
4 0 26.3682 0
5 1 73.2553 2
1 5 16.807 2
5 1 10.6185 1
3 5 89.6415 2
0 4 97.6882 2
5 0 42.5072 4
3 2 75.4082 5
2 3 59.4106 1
5 2 13.5386 3
2 1 57.7887 5
3 4 96.3491 5
1 1 44.3149 0
2 5 36.034 0
2 3 65.5982 3
3 1 47.2702 2
4 1 38.8522 0
2 5 43.8098 5
5 0 23.0473 1
0 3 99.41 4
1 0 29.4985 0
4 0 1.1212 3
2 4 49.9293 4
4 3 64.636 5
4 1 63.7609 1
3 3 22.0189 0
0 2 85.0855 0
0 0 58.894 3
3 2 90.1114 4
3 1 98.0332 5
5 5 81.0731 5
3 4 17.9354 5
1 0 43.3233 4
5 2 19.1502 3
2 5 58.5301 4
0 0 35.3659 0
4 2 81.2326 1
5 4 -4.6688 4
0 3 83.075 4
4 2 72.909 1
5 0 17.1663 1
2 4 -6.3788 3
0 3 -9.6933 1
3 3 61.6062 0
1 5 55.3761 1
5 3 42.9204 4
5 1 36.7161 5
2 1 27.5815 3
2 5 87.4582 2
5 2 40.5946 4
2 5 64.4211 1
4 2 26.5631 2
1 5 74.2012 0
4 5 95.9234 5
2 0 67.2977 2
1 2 -2.4312 0
0 5 64.384 4
2 3 35.7503 2
2 1 54.9659 3
1 2 66.6044 2
0 4 1.3844 3
3 3 46.7032 3
4 2 22.7375 5
1 2 33.8566 3
1 0 50.3436 3
1 4 -1.1868 1
4 2 52.0522 1
0 4 93.1138 4
2 0 43.0933 3
4 3 73.923 3
4 0 -7.0523 4
1 2 38.511 0
4 1 51.0218 5
1 4 56.7482 0
3 1 12.4734 0
3 4 38.7199 1
2 2 21.121 0
0 1 46.5896 5
5 2 31.9662 0
1 2 78.1017 2
2 3 62.6026 0
4 0 39.7999 4
1 5 75.9417 1
5 3 51.7907 4
4 2 22.8932 5
0 2 70.1089 0
1 4 3.1457 0
2 1 75.451 3
5 2 -2.9808 5
4 5 57.2911 3
2 5 50.6879 1
2 5 89.0937 1
3 0 28.4444 5
4 3 58.9307 4
1 2 4.1207 1
4 2 97.4368 0
5 4 83.5427 4
2 5 7.5353 3
5 3 75.8518 0
3 4 71.6497 2
2 4 81.1146 1
3 3 20.9692 0
5 2 74.2303 5
5 5 63.2351 1
4 1 23.7259 0
3 4 36.8664 0
4 3 87.0109 1
4 5 77.8417 0
2 0 50.0222 3
2 1 28.3548 2
2 0 37.7354 3
3 1 82.4922 4
5 4 43.2307 5
1 2 41.7541 1
3 2 86.3872 5
0 0 38.8292 0
3 0 84.8303 0
1 4 76.9516 4
4 4 -6.8477 1
1 2 10.2148 0
5 0 75.9229 5
1 0 28.7784 4
0 5 47.2548 2
1 5 60.8487 0
3 4 87.2699 2
2 3 84.4663 3
3 0 31.3836 0
0 0 78.9407 1
2 4 69.9334 1
1 4 77.9517 3
4 1 8.8109 0
3 5 63.282 4
2 3 81.2194 1
0 4 25.7655 5
0 5 91.4904 2
2 1 54.2129 0
0 1 32.718 3
5 2 58.2838 5
3 5 70.1096 0
5 1 46.1883 4
0 1 24.5768 2
5 2 87.4774 5
5 2 97.3523 3
1 0 6.8455 1
0 4 68.1654 4
2 1 19.5377 0
5 5 82.9869 4
3 1 35.7934 3
1 3 98.159 3
5 1 38.9186 4
1 0 67.3242 5
0 1 32.0239 5
0 1 79.5266 4
3 4 82.9745 3
5 1 -0.5581 4
1 5 45.0945 3
5 5 -7.0568 2
4 3 90.7582 4
0 2 66.5778 3
1 4 6.832 2
5 3 74.5777 4
1 3 25.4588 0
5 1 97.0471 1
5 3 -1.9191 1
5 0 30.5989 5
2 2 27.0958 1
3 1 77.3974 0
2 0 10.9891 2
0 4 86.5016 5
3 1 78.8701 4
1 5 53.3457 1
1 5 31.9194 2
0 0 41.6396 1
1 5 47.7583 2
4 2 90.2387 5
2 1 69.7277 1
5 5 2.4493 4
3 3 32.0814 0
5 4 83.1714 3
4 0 54.948 3
4 4 71.4665 0
0 4 -3.0125 3
2 0 55.1953 3
4 4 21.8978 4
3 0 59.8206 5
5 3 43.5505 3
1 4 59.1687 1
3 2 21.5987 1
1 4 83.7457 1
3 4 76.8244 0
3 5 32.4121 2
0 4 1.3612 0
3 3 79.7956 1
1 1 78.7825 4
4 0 78.0391 4
3 2 78.5683 2
3 5 35.2312 4
4 2 85.9506 0
2 1 89.3589 1
5 2 51.3999 1
5 4 0.8955 0
2 3 -2.5583 1
0 2 -7.6891 4
0 2 -5.7834 4
5 5 20.3418 5
2 4 19.1254 3
3 5 27.74 0
0 0 89.2135 4
0 0 -8.8044 1
1 4 85.8192 0
0 4 37.0255 5
3 0 7.0718 0
3 1 9.2178 2
4 4 39.4033 5
4 1 59.0691 1
1 3 37.4709 2
1 0 7.857 4
1 2 19.5564 2
1 5 85.3574 0
5 3 38.5183 4
1 0 98.8964 2
4 4 31.6266 1
1 2 3.6114 5
3 4 62.8673 3
0 0 65.1283 4
4 5 64.4268 1
0 2 92.5315 5
4 2 9.1943 0
4 4 -5.3159 4
2 3 36.0194 3
0 4 70.1525 2
5 1 -5.178 1
0 3 35.9658 5
3 4 -8.0861 4
4 4 -2.6448 3
1 3 -4.6088 3
2 2 73.7204 3
0 3 90.3401 3
3 2 49.5736 1
3 5 -2.2525 0
0 4 76.8027 4
0 5 96.3269 4
0 4 25.442 3
0 2 8.8878 5
3 4 19.1667 4
5 1 47.6384 2
1 2 64.2775 2
3 2 -2.5369 2
1 3 98.1774 3
5 0 -2.7015 2
0 5 11.2829 2
5 2 92.7058 5
2 5 57.1675 0
3 2 96.5768 2
2 2 84.4801 1
5 5 44.0712 0
3 0 25.0808 4
2 4 23.7515 3
5 2 66.2086 3
0 3 17.4512 4
4 5 23.6845 3
2 4 60.2508 2
5 3 39.0857 4
3 2 26.935 4
5 1 48.1801 5
2 2 39.1119 3
0 1 50.9685 3
5 1 77.1154 1
0 1 59.9749 4
5 1 84.0825 4
0 1 58.5523 2
0 1 26.0771 3
4 5 28.893 2
5 4 -6.9682 5
5 2 75.0803 0
0 2 12.7292 5
3 1 6.54 1
4 5 48.2766 2
2 5 13.9202 4
5 2 13.1554 4
1 4 81.2605 3
4 5 82.5653 0
4 3 18.7229 2
4 3 83.2368 3
4 0 22.0951 2
0 3 91.5944 0
1 2 33.414 1
1 3 25.37 5
1 3 -9.4432 1
1 1 71.4448 5
3 2 94.9398 3
3 4 66.2481 4
0 1 11.5701 1
3 3 26.5508 1
1 4 93.6937 2
0 1 12.1681 3
4 5 39.9038 5
0 3 -3.6246 1
0 5 30.376 3
5 1 59.7581 4
1 2 93.4635 2
2 5 5.8595 0
1 3 22.6504 3
4 5 54.8942 0
2 2 90.0595 3
5 3 75.525 3
5 4 77.4784 4
1 0 15.7077 4
1 0 -3.7513 1
2 0 63.8373 5
1 1 15.8935 0
1 2 23.6709 0
0 0 54.966 1
2 1 74.6831 2
2 2 37.6055 5
3 3 39.746 5
5 3 41.6541 5
3 5 3.2215 3
0 0 60.0962 4
4 2 -0.9271 5
1 3 94.1948 5
3 2 9.0456 3
3 2 4.7053 3
3 1 1.7877 3
1 3 0.1259 4
1 3 44.9704 0
5 0 33.5085 0
1 1 97.4127 1
5 1 17.4348 4
2 4 73.2623 2
0 2 69.858 5
5 2 49.787 0
4 1 54.5968 3
3 3 85.25 0
0 0 50.2476 4
2 1 40.0535 2
2 2 87.8329 5
2 5 86.1506 2
1 5 30.4226 2
5 3 93.7793 5
4 0 -1.8944 1
1 1 97.6504 1
0 2 41.1584 2
2 0 51.6413 2
5 3 8.1317 5
4 0 39.2794 5
4 1 39.0158 2
2 3 81.6832 5
4 5 9.0227 3
4 3 31.0896 1
0 3 11.5501 3
4 0 73.9179 1
0 4 2.0379 4
1 2 93.2898 1
2 1 43.9867 2
3 2 30.0906 3
3 1 59.3633 5
5 2 -7.2433 2
3 5 93.0768 4
0 1 27.5916 4
1 3 44.9912 1
5 4 54.4962 0
3 2 54.367 1
2 2 99.7934 0
2 4 55.5968 2
1 0 72.0357 0
3 3 -3.5789 0
4 5 43.7552 4
3 2 96.8408 2
3 2 70.5103 3
