4 0 42.1039 4
2 4 98.7467 3
5 1 0.3959 4
0 2 60.7542 4
1 0 73.4951 1
0 4 51.2684 3
5 0 92.07 3
1 1 0.3393 1
4 1 38.8542 5
3 1 88.0711 0
1 4 64.2667 1
1 1 50.4561 5
5 2 -9.4227 5
0 4 30.6014 4
5 0 47.8859 0
4 3 32.3616 2
3 2 11.3192 3
4 3 65.4343 5
1 1 27.7934 5
3 1 -8.9398 2
1 4 17.6744 0
1 0 56.5165 2
4 1 74.889 0
0 4 83.9099 2
4 3 16.7829 0
4 3 60.1609 4
2 4 13.8491 5
5 5 35.242 1
5 4 49.8272 4
1 4 60.3465 5
0 0 -5.7488 5
3 2 1.7524 1
0 2 78.666 1
4 4 78.8698 0
3 5 84.5304 1
1 4 2.0873 2
1 4 4.4782 5
4 0 91.3234 3
5 3 68.7169 1
1 2 1.4879 4
5 0 93.3377 1
0 0 61.5287 3
4 2 89.0968 1
5 4 59.2675 5
4 3 86.8232 1
5 0 77.1049 3
2 3 87.0208 2
3 4 23.8287 3
1 3 99.0183 4
2 3 23.8797 4
4 0 68.4646 3
0 3 -6.8537 2
4 5 15.7032 0
3 1 13.4299 2
4 0 76.186 2
0 3 53.4047 1
2 0 75.3078 0
3 1 36.8328 1
4 0 89.5602 1
2 3 10.6121 3
2 1 51.7389 4
3 4 -9.2598 3
1 1 71.5679 5
5 3 44.6484 0
1 3 86.8302 2
0 1 58.3128 2
3 0 61.3678 4
2 1 80.0325 3
4 5 52.3357 0
0 3 -4.8478 2
5 5 3.1929 2
4 2 73.3876 5
2 2 12.9369 2
2 1 72.7664 1
2 1 63.1917 5
3 3 31.8398 4
3 2 97.8909 4
0 1 96.4142 2
2 1 90.2339 0
1 2 79.5392 3
1 0 2.4558 2
1 2 -7.5923 5
4 0 29.687 3
5 3 78.2051 1
4 0 73.233 0
5 5 98.0053 4
1 4 17.5494 5
1 4 27.1001 3
0 1 48.9566 1
4 0 -6.3018 0
0 2 78.4125 1
1 4 53.9923 1
3 3 44.2125 5
4 5 47.8154 2
5 5 22.0313 3
0 0 13.3524 3
5 1 -4.37 2
0 5 -7.9572 1
5 0 37.3816 5
1 4 58.43 1
1 3 99.3826 5
3 1 46.0418 5
2 2 59.1441 3
3 0 79.2258 5
2 3 -4.9929 5
1 1 98.9517 4
4 3 86.235 0
4 0 56.8006 0
1 5 19.971 0
2 0 -9.5354 4
2 4 -4.8712 2
4 1 -7.3549 1
5 0 30.6751 4
0 5 -1.7097 5
0 1 21.218 2
3 4 45.1368 3
4 1 58.405 0
1 0 -3.0913 3
5 2 16.9655 3
2 3 22.809 1
2 4 72.177 1
1 5 66.6204 5
4 3 21.531 4
1 5 37.0447 5
3 5 42.4363 2
5 5 94.0415 4
3 2 47.0042 0
4 1 29.9107 2
5 1 91.2851 5
4 4 72.5077 3
0 5 27.3491 4
4 5 90.725 3
2 4 84.9787 4
2 4 54.3841 0
4 1 42.9277 4
1 0 -1.6561 5
5 1 83.4623 4
0 3 25.0069 5
5 1 90.0484 1
2 3 76.3058 5
4 2 38.7329 2
1 2 50.2335 5
0 4 16.7441 3
3 2 90.0867 2
0 3 63.3059 5
2 0 94.4478 2
4 5 83.0971 1
2 3 31.2601 2
3 5 33.2251 0
4 2 20.5464 5
2 5 20.6068 1
5 0 73.192 2
5 4 67.5793 3
5 1 78.9134 1
1 3 34.8516 1
5 3 97.2546 3
3 3 46.0023 3
4 2 62.5224 2
2 0 96.8386 3
5 3 16.234 1
3 2 88.9046 3
2 0 36.9385 4
4 1 19.7394 5
4 3 6.2251 5
3 5 50.211 4
4 3 22.5412 4
4 1 -5.6216 5
3 2 22.403 0
4 5 48.2993 5
2 3 21.8998 3
5 1 14.6134 3
5 2 15.2417 2
5 3 42.6272 0
4 4 9.8064 1
4 3 70.3844 1
5 4 15.8333 1
5 3 50.9982 1
5 2 99.4545 2
2 2 98.9332 1
5 2 29.2775 2
0 1 78.9147 5
3 3 57.553 4
2 1 9.5511 4
2 2 51.5272 0
1 3 76.8328 5
3 0 56.0807 5
4 3 89.7504 5
0 4 24.1516 5
4 2 27.6376 0
5 4 2.3525 5
2 2 83.6388 1
0 5 23.8077 2
0 4 60.962 1
5 1 -6.1914 0
5 0 25.254 3
2 2 75.9575 1
0 3 23.0025 4
4 5 6.0639 2
3 2 -1.1092 1
4 1 7.4594 3
5 2 63.6831 3
5 0 6.9936 0
5 5 56.832 0
5 3 97.4656 4
1 5 -5.7822 2
2 5 18.291 5
4 1 93.2531 5
1 0 72.1843 4
1 5 -2.0411 0
4 5 38.5256 1
2 3 63.894 4
0 0 -1.2155 4
0 1 20.5669 5
2 4 91.5226 2
3 0 68.9229 1
4 0 13.6014 0
3 1 6.5134 5
5 5 25.2411 2
3 3 84.6957 3
1 3 36.342 3
3 4 60.0231 1
3 3 18.9662 4
5 5 59.1205 2
0 1 42.8114 2
0 3 30.8826 2
0 0 76.4071 3
4 4 51.6282 2
4 0 38.8097 3
5 4 -1.9279 0
2 4 36.6312 0
5 1 20.5206 0
1 4 86.2017 3
0 5 -7.1292 3
4 2 15.7684 2
1 0 63.882 4
4 4 18.8143 4
2 0 53.292 0
2 0 49.2939 4
3 3 -9.4892 2
0 2 38.8369 2
5 3 43.0361 2
5 0 2.9983 5
3 1 90.284 0
1 0 54.3978 1
4 0 55.7513 0
0 5 49.1069 5
4 0 6.0038 2
2 5 -5.8752 1
4 4 10.9108 2
3 0 80.0462 1
0 2 18.9325 5
0 2 85.9915 5
0 1 62.3779 2
2 1 48.6541 3
4 1 31.7251 1
2 5 38.5105 0
0 0 47.9418 5
0 0 4.4233 3
3 2 72.7145 0
2 4 19.1838 1
5 5 51.7624 1
2 4 53.134 1
2 1 31.5877 2
0 5 27.6261 2
1 5 78.3758 2
5 3 96.2202 2
2 2 13.2321 1
4 0 27.4335 3
5 0 62.9632 2
0 1 3.3202 0
4 3 49.6099 4
5 2 41.1246 3
0 5 40.3923 3
1 5 23.1876 5
5 3 76.8511 2
5 1 43.8012 2
2 5 4.9241 0
5 5 89.0945 4
3 1 46.3019 0
0 0 7.3125 4
0 5 -2.334 2
1 3 81.6978 5
2 3 47.3788 0
5 2 5.1959 2
2 5 94.5516 2
4 1 73.3877 5
0 3 82.2822 3
3 1 36.1679 4
3 5 49.9616 4
1 3 15.6194 4
4 1 27.7742 0
4 0 58.1751 4
0 0 28.2321 3
1 5 81.2945 4
1 2 98.4509 0
1 1 15.2393 1
2 5 41.0883 5
5 2 38.4156 1
0 2 0.1975 3
0 3 3.501 2
2 2 66.0378 4
2 1 96.14 1
2 2 49.9806 4
3 3 92.1392 2
0 5 6.3873 5
1 3 12.9684 2
0 0 -9.9557 1
3 0 93.8721 0
2 5 93.1473 1
4 3 44.1513 3
4 2 50.7985 4
1 1 -5.626 5
0 2 68.7179 5
3 1 18.5364 2
1 1 10.4251 5
5 0 -1.8487 3
2 5 71.9745 0
4 4 47.5005 4
0 1 20.1678 1
1 3 11.3212 5
1 0 72.6062 1
3 0 25.0592 1
4 2 47.1518 3
4 5 -8.8268 1
3 5 22.8811 5
1 0 66.1127 3
1 4 82.8982 5
4 2 61.2534 4
5 3 -8.2506 4
1 5 3.9124 1
4 2 25.3163 2
1 5 76.3157 5
3 5 69.5814 5
3 3 79.4393 1
3 5 1.2233 3
0 5 -7.5666 2
2 1 1.4283 1
1 2 15.1919 4
5 1 66.9009 3
0 0 59.1856 1
5 2 48.0486 0
5 0 12.3153 5
3 2 25.1476 3
1 2 17.149 3
1 1 59.8664 1
4 3 61.8299 5
0 5 97.7317 5
5 4 67.3461 3
1 2 30.4507 1
3 0 -0.8801 4
3 0 2.8329 1
1 1 -6.3113 2
2 4 77.1576 1
4 4 13.9282 5
2 0 65.3853 1
3 2 -6.7384 5
2 3 34.2223 4
1 3 71.5564 5
4 2 43.434 0
0 1 33.6695 2
4 5 30.1144 5
2 1 57.7279 1
2 3 82.04 3
3 3 52.9264 4
4 4 89.0642 4
1 4 50.8995 3
3 3 56.8376 4
0 5 80.8413 5
3 3 16.1385 0
3 4 17.2231 0
4 5 9.4979 3
3 5 -2.4225 0
5 0 46.4983 4
0 2 -0.6046 3
4 2 -5.3278 1
2 3 99.1122 5
3 3 -3.4972 0
5 3 -3.3152 0
4 1 42.6064 5
0 0 -6.3383 0
2 0 56.439 0
5 4 29.1597 5
1 0 -6.7392 3
1 5 85.3227 1
3 3 25.4976 5
3 2 52.3498 4
4 1 34.6131 5
2 5 66.8073 5
3 0 98.9067 1
5 3 44.5644 1
1 3 46.8996 2
2 3 -6.6086 2
4 4 2.8606 5
4 1 1.9478 5
3 2 76.1186 0
5 1 18.1691 4
3 3 8.2638 0
2 5 62.9671 2
3 5 4.8762 0
4 0 25.4201 1
4 3 26.905 0
5 4 84.8924 1
5 1 48.0262 2
0 3 57.8826 3
4 1 -6.7076 4
4 3 47.5015 0
0 3 -0.9497 1
0 4 40.4238 3
2 0 95.5532 5
0 0 21.1149 1
4 3 52.806 0
4 5 3.5481 1
4 4 73.3938 2
2 0 66.4457 2
3 3 -0.515 4
0 4 66.332 5
3 1 70.0707 5
0 5 56.6877 2
2 5 98.0657 0
0 4 63.5439 2
2 4 57.0739 0
1 5 37.7031 5
0 2 57.048 3
4 5 82.4822 3
0 2 58.1648 3
1 2 50.2443 2
2 5 85.074 3
1 1 80.18 3
1 5 17.1849 0
4 4 3.2108 1
1 0 8.4661 3
5 5 5.844 4
3 5 55.0656 3
2 0 11.1385 4
4 4 22.6437 3
4 3 -6.3438 1
1 2 56.3852 4
3 5 36.0239 1
2 5 39.2168 4
4 4 87.1417 2
0 5 50.9238 5
5 4 81.3552 2
0 4 72.1508 2
2 5 47.3408 3
5 1 32.969 3
4 0 90.3202 5
5 3 97.4482 2
5 1 56.7229 2
3 1 17.8651 1
3 2 36.0575 3
3 4 30.7111 0
4 5 67.6906 0
5 5 7.4645 3
4 0 38.8064 3
0 4 52.9469 1
0 3 61.6741 0
1 4 46.9414 5
5 1 49.2074 4
0 0 96.3166 0
4 0 77.4483 4
3 3 47.0974 1
1 4 67.5196 5
3 0 34.2033 4
5 2 36.2171 0
0 4 58.9654 5
1 4 95.2699 4
2 0 35.8383 1
5 1 3.3337 4
0 0 71.9916 4
3 2 57.5677 0
1 4 10.9153 3
5 3 73.616 0
0 2 95.2762 0
3 1 33.7431 1
4 5 99.6382 0
1 1 30.2461 5
3 2 0.1776 0
0 5 29.4599 4
0 2 7.4674 3
3 4 65.482 1
2 2 22.3919 4
2 3 30.5866 0
0 5 7.6703 5
4 2 65.596 2
2 1 25.3929 4
5 2 38.6962 1
3 3 91.7287 3
5 3 44.8568 4
5 3 57.9122 5
4 0 93.509 1
3 2 85.4694 2
0 3 42.3539 2
5 4 37.5176 1
3 5 70.9007 0
1 1 33.4825 5
4 1 75.7606 0
5 4 79.946 2
4 5 28.2876 4
2 2 1.5157 4
1 2 45.6227 5
4 3 41.9177 1
1 4 33.6799 0
1 5 70.779 1
0 2 70.4296 3
1 4 89.0768 1
5 5 22.0057 3
4 0 53.7675 4
4 3 -3.5828 1
4 0 -7.3687 2
4 0 87.5098 0
2 0 72.7592 1
4 0 78.9264 3
0 4 -2.5807 1
1 3 23.1621 2
3 4 19.9688 0
1 2 78.1386 1
0 0 9.9013 3
5 0 69.0403 3
4 2 55.5337 4
4 3 39.1779 5
5 1 64.7187 1
0 0 71.3895 0
2 5 51.5802 1
5 4 41.9548 4
3 5 90.8938 3
5 3 -5.7699 2
5 1 -4.6809 0
3 5 -2.5651 2
2 0 94.9973 1
0 3 50.7362 0
0 0 16.0477 3
5 1 54.2035 5
5 1 -6.0735 1
1 1 67.8606 1
4 2 26.0572 0
2 0 82.8912 4
4 2 83.952 3
0 0 97.3067 5
0 2 40.3134 4
4 1 34.2138 5
5 0 16.8461 3
4 5 3.4903 5
5 4 19.2321 3
0 5 89.3695 3
4 4 28.3834 2
1 4 54.2373 0
1 2 35.8552 3
4 2 52.1743 5
4 3 -5.8422 2
1 1 6.754 1
2 2 29.5039 0
2 5 16.3473 0
4 3 60.833 4
2 1 15.1281 5
5 2 84.4152 4
1 4 75.5926 3
1 0 -7.0697 0
3 4 12.9187 3
1 5 20.2127 1
3 1 64.1381 2
3 4 38.3747 2
4 3 2.7083 4
1 1 -8.8393 0
4 5 1.1871 4
1 2 33.4895 3
2 5 44.9159 0
4 1 56.3658 0
1 2 87.3831 0
0 0 0.3786 1
5 4 28.8381 0
0 5 -1.8467 2
2 1 95.7435 0
0 4 66.6749 1
4 5 11.3965 3
2 4 29.2384 5
5 3 41.4474 4
4 0 90.7177 1
1 2 98.3855 2
2 0 22.2043 5
1 2 30.0774 3
2 3 10.724 4
3 0 12.3543 2
5 0 87.1743 0
0 0 -1.6905 0
0 4 63.1757 5
5 1 68.5849 0
1 5 31.7666 2
5 2 22.4506 0
4 5 72.3151 4
2 3 15.1089 4
5 1 2.1535 3
1 2 11.4901 5
3 5 73.6968 3
3 0 49.2184 5
4 0 60.6217 2
2 1 36.5115 0
5 3 50.4631 5
3 1 86.9577 4
1 5 23.4261 2
0 0 25.3873 3
1 2 74.3581 4
5 5 62.1129 2
0 3 92.5974 0
5 2 36.653 2
3 1 66.8147 3
1 4 13.6336 1
3 2 81.8499 0
2 5 84.0533 2
5 4 79.2319 0
3 4 -0.4338 4
1 1 47.1585 0
2 1 28.8362 2
4 2 84.9204 1
2 4 53.7201 5
4 4 9.7696 1
3 3 75.0085 5
3 3 18.7716 1
2 0 34.9136 5
3 3 77.1743 2
2 4 96.2358 4
0 2 -6.2304 0
5 1 43.4899 0
2 2 81.5724 5
5 2 -1.6348 4
4 4 -4.8954 4
2 1 35.8144 3
0 0 60.9296 1
5 4 44.4642 5
5 5 84.5235 2
5 4 77.0727 2
2 0 45.5221 1
5 0 16.304 4
5 4 41.2291 0
2 4 -1.7496 1
5 2 6.5425 5
3 4 -2.4349 1
4 5 91.2496 1
3 3 17.712 5
4 2 5.531 5
0 1 -6.596 5
5 0 5.5915 2
4 5 96.9115 3
1 1 97.7357 1
2 3 29.101 1
4 2 21.2642 2
5 1 35.0171 3
1 5 74.4862 5
1 3 72.7848 1
5 0 72.5232 4
2 4 37.5797 5
1 0 94.089 2
4 2 96.9019 4
1 2 -2.4925 3
3 1 67.7557 1
3 1 37.1041 0
2 4 83.4926 0
1 0 52.258 5
4 1 52.1045 1
4 0 24.4373 4
3 0 75.7067 1
0 3 -7.9929 4
1 1 -0.9644 3
4 3 63.3204 3
0 0 32.1444 2
2 5 74.0689 2
0 5 37.9255 1
5 4 7.5258 2
4 2 16.7388 5
2 0 93.1195 0
1 1 51.3099 3
5 1 60.2088 4
3 3 93.0536 5
1 1 7.2533 2
4 0 59.9861 0
5 5 31.6596 4
4 1 18.2985 4
5 1 -6.1511 4
2 0 91.8463 4
3 4 34.9837 4
0 3 36.2785 0
0 5 11.0878 2
5 0 23.9627 0
2 0 -6.382 5
4 3 15.9166 4
5 3 34.1227 0
2 4 87.4527 0
2 3 56.9813 1
1 5 70.9112 0
3 5 63.6225 1
0 5 5.0793 3
0 5 68.1221 2
3 1 99.8409 5
4 1 87.7594 2
1 5 37.1598 0
0 0 83.156 0
4 5 39.6573 2
4 2 47.7192 5
2 4 66.4266 3
4 0 76.3876 4
4 3 46.4992 1
4 1 38.6654 3
2 1 57.8048 3
0 5 33.7149 4
4 4 54.0168 5
4 0 26.5262 5
1 1 65.8517 4
2 2 7.3005 5
2 5 63.2906 4
2 4 47.9893 4
1 0 43.9158 2
5 1 48.839 3
1 5 98.5095 3
0 5 68.5847 1
4 1 37.4766 2
2 5 85.7319 0
4 4 93.0736 5
4 4 1.1655 5
1 4 3.5018 2
5 3 15.9107 0
4 4 87.616 2
4 5 5.3171 0
2 1 66.113 3
5 3 76.0239 0
0 0 18.5854 4
0 5 79.4447 5
2 3 95.2604 0
0 2 -0.2193 5
1 5 15.0583 0
4 4 34.4562 0
2 5 83.0459 0
2 3 12.5361 0
3 3 90.0105 0
0 3 41.9105 1
2 5 85.4719 3
5 1 28.5163 4
5 2 97.3092 0
5 2 49.5896 4
3 2 73.5311 4
0 4 48.5961 4
1 5 97.4816 3
5 0 85.9082 5
1 0 11.8592 5
4 1 74.1576 2
3 2 54.2766 3
4 1 13.702 2
4 5 13.7803 4
4 1 -2.8882 2
2 4 16.5282 5
4 1 14.1395 4
0 4 62.8489 0
2 4 79.749 1
5 3 5.3617 2
3 2 31.7111 2
4 4 6.2473 1
4 4 39.3305 1
4 0 27.5079 2
1 1 8.971 1
5 5 24.0697 4
4 4 17.9899 3
4 2 68.2001 1
1 2 31.6563 5
3 1 18.6255 2
4 5 98.3563 2
0 5 83.8197 5
3 5 55.4322 3
2 3 79.3307 3
2 2 36.4854 2
5 4 81.832 5
3 5 27.6024 2
3 0 25.9344 1
1 3 27.1543 1
4 0 89.726 2
2 4 39.1101 0
3 3 45.3663 5
4 5 -4.0107 1
2 5 16.9081 1
2 4 16.4386 0
3 5 96.2703 4
2 0 -7.4284 5
4 4 9.3648 0
0 0 64.6188 4
2 5 -0.6039 2
5 4 -9.0432 3
0 4 80.3175 2
1 0 14.563 1
4 2 71.5453 0
5 0 99.4665 1
3 5 25.6801 3
2 3 80.1244 1
0 3 76.6182 2
0 4 60.141 5
2 2 57.1003 5
0 4 5.0056 4
1 4 4.2841 3
5 3 77.9633 1
1 5 70.993 1
4 3 90.478 5
4 5 -9.9816 4
0 5 -1.6185 3
2 2 97.1302 2
3 4 74.9669 3
4 2 16.4859 0
4 3 18.9785 4
0 1 11.5052 5
4 1 3.429 0
3 4 46.7491 3
5 3 74.1952 5
5 5 16.9019 5
3 4 27.9487 1
4 2 22.4323 1
1 0 -3.2941 2
2 1 17.7878 3
5 2 -3.4029 4
5 1 37.4147 3
0 0 11.4918 5
5 4 81.777 2
3 1 37.2323 5
0 1 84.0807 3
3 3 -7.8333 3
1 3 54.7744 2
0 2 -3.7668 2
5 5 35.1704 0
4 0 51.053 5
0 1 58.551 0
5 3 3.9671 0
4 3 74.0896 2
1 1 48.8337 2
2 5 -5.5025 3
5 4 16.104 2
0 3 16.7972 1
2 2 94.3825 5
4 1 -0.5213 1
1 3 2.5301 3
0 2 67.2937 2
2 1 14.0634 5
5 4 50.0728 5
4 3 60.644 2
3 2 52.2474 0
2 1 36.5985 1
2 2 42.5418 2
0 5 -1.7998 0
5 5 85.4887 3
4 5 13.3257 5
1 2 14.7855 0
5 3 54.9231 0
1 5 43.4792 3
3 2 61.9832 5
2 0 7.6456 4
0 1 69.7913 3
4 2 61.1577 0
1 1 32.0272 1
2 1 38.2832 1
0 4 40.1195 2
0 3 27.2729 3
5 3 -2.1163 5
4 2 8.6849 2
5 3 35.6455 1
3 4 1.3548 1
1 3 37.2251 5
0 1 13.0505 3
2 4 68.7844 4
2 1 77.2634 3
3 2 49.7533 5
4 2 88.7878 3
0 2 58.4408 0
4 4 3.054 2
4 3 78.5622 5
3 3 15.0822 1
4 4 84.6374 2
0 5 12.0893 1
3 1 19.8192 3
0 1 91.7242 2
5 0 40.7554 2
2 4 20.8504 1
1 3 84.573 1
0 5 98.4866 5
0 3 88.7389 5
0 0 37.6973 3
4 3 35.7282 1
0 5 18.7988 3
2 2 -7.3722 4
4 4 98.8113 3
3 1 27.7535 2
5 2 66.8008 0
1 4 76.75 3
4 1 39.9708 1
0 3 92.5243 3
2 2 13.9062 4
0 4 86.3202 5
4 0 23.1879 3
3 3 82.7897 4
4 1 5.4319 3
4 3 36.6506 0
2 3 63.1262 0
2 0 -6.6349 0
4 0 45.4676 1
1 5 70.1986 2
1 5 42.663 0
0 5 61.1722 0
3 3 -3.9567 2
4 4 73.1088 5
3 2 95.8935 0
5 0 27.1486 4
1 2 40.9491 1
1 2 10.6439 5
5 1 49.6989 0
0 4 96.159 4
2 1 13.7047 4
0 1 5.5761 0
1 2 77.5423 3
3 3 65.3521 1
1 0 51.6049 5
0 2 31.5557 3
0 0 63.6943 5
4 2 42.4083 0
1 3 60.3222 4
1 4 72.5272 4
5 3 57.7361 3
3 4 23.1812 3
4 0 31.9957 3
3 1 52.6697 0
5 5 70.8982 3
0 4 96.0602 4
2 0 77.8882 1
2 0 47.7965 3
5 3 49.2069 1
4 4 67.653 0
2 5 30.6022 4
4 2 23.3599 3
3 0 94.3816 5
3 2 59.4907 0
2 3 76.2226 4
0 2 86.1896 2
2 4 20.7696 3
1 2 33.1536 3
2 5 99.7702 4
0 0 69.5106 4
1 3 69.8219 5
2 0 48.5737 1
4 0 78.7485 1
5 0 28.5818 1
2 2 20.8663 0
5 4 13.9517 5
3 0 90.4628 1
0 4 71.6311 1
5 2 58.4307 1
0 0 5.2727 3
4 4 64.1172 0
0 2 97.3508 1
3 5 93.8176 0
2 2 71.6268 5
5 1 25.776 2
3 3 39.943 4
3 0 57.15 0
1 2 43.7144 3
2 5 6.7872 2
5 3 28.5188 4
2 0 51.1423 0
4 1 42.7706 5
5 2 71.6453 1
2 5 32.1388 5
4 3 91.1833 5
5 0 99.3396 5
0 4 34.5369 5
0 5 21.2044 4
2 4 38.5732 1
4 3 57.527 0
4 3 36.4639 4
3 5 29.8147 4
3 1 -7.5083 2
2 1 97.0127 3
3 5 90.9742 0
0 4 18.3825 5
1 3 47.5531 3
1 5 10.2891 2
4 2 0.7691 1
1 5 49.0739 1
4 3 -8.8646 4
3 5 4.2705 1
4 0 57.0794 5
1 4 39.0437 0
5 4 19.4965 4
0 2 27.4093 3
3 0 76.5891 5
5 0 10.8504 5
1 0 45.0339 1
0 4 73.3189 4
2 4 81.6506 5
2 3 56.6302 1
1 4 40.673 5
0 0 0.2892 3
2 4 52.4038 1
3 1 84.2227 4
3 2 16.0932 5
3 3 52.3056 2
5 5 98.2858 1
5 2 42.7813 4
5 4 46.757 5
5 0 57.2524 0
3 4 90.6494 2
