2 4 58.2032 0
2 1 80.4374 1
2 0 11.9438 0
4 1 45.5229 5
4 2 92.412 3
1 2 61.1278 0
2 4 -6.6675 5
4 1 96.2173 2
3 3 94.0662 5
0 1 56.4423 1
1 5 86.0145 2
2 4 -8.0826 2
1 3 -6.7806 0
1 0 22.4999 3
3 3 74.8279 4
2 2 95.114 1
2 4 13.7613 4
3 3 50.0728 2
0 5 72.6133 4
4 2 67.3234 0
0 1 14.3387 2
5 4 80.0002 2
1 2 86.1362 0
3 4 41.4182 1
4 0 13.2926 5
3 2 80.4212 3
2 2 31.3536 5
2 4 43.4149 3
0 3 13.7667 2
5 4 45.1208 5
2 5 -8.5071 3
3 0 25.5357 2
4 5 6.6847 3
5 4 51.0829 2
4 3 -4.5475 3
0 4 48.83 5
2 2 85.8237 4
4 2 69.0786 5
0 2 31.4862 3
5 2 30.018 4
0 4 39.5003 3
0 5 87.9769 3
1 3 71.8545 5
4 3 33.4417 3
5 3 39.6124 4
1 0 52.4744 4
5 3 16.0553 5
1 1 97.8125 0
2 1 -8.7936 5
1 1 69.534 1
5 5 -9.0269 3
4 0 -6.989 2
3 0 59.282 5
5 2 51.5228 2
0 5 18.3132 2
1 4 74.3298 5
4 3 22.0649 0
0 2 32.4696 4
5 5 60.5789 5
4 2 74.3776 0
4 2 79.5811 1
2 2 37.4925 2
1 2 70.1001 3
5 0 19.0052 1
4 3 80.5513 5
5 3 50.6037 0
4 2 93.4545 4
4 4 58.8144 3
4 4 51.2631 5
3 5 17.8406 5
5 0 7.8718 3
4 0 -9.8724 1
4 0 16.2963 3
5 0 92.8239 1
5 1 48.1721 1
1 5 56.3155 4
0 1 83.7125 2
1 5 43.236 4
1 3 77.0737 0
3 3 14.9687 4
2 1 90.1335 3
5 4 42.8003 2
0 1 26.6459 1
4 1 16.9649 1
5 5 87.3126 1
4 2 38.1854 3
2 5 45.9921 3
0 0 86.2094 1
2 2 63.8223 2
4 2 60.4721 1
2 5 90.9058 0
5 2 -9.1436 5
2 4 93.7983 3
4 3 11.7114 0
5 4 -8.1593 2
1 4 84.542 3
4 3 92.4419 3
4 5 -9.7972 1
3 3 66.0028 0
3 2 71.4789 0
2 1 98.241 0
0 0 -1.1573 0
1 2 62.7724 1
1 2 2.8863 1
1 0 86.5077 1
1 2 36.7822 4
1 0 71.0337 0
2 1 59.134 4
0 0 8.4453 5
2 4 71.813 4
1 2 21.8487 2
4 0 39.4757 2
5 3 -0.0003 4
0 0 14.1964 3
0 4 46.6259 4
0 0 10.8221 5
1 2 78.5437 4
1 2 62.6175 2
3 1 21.3715 4
5 1 74.0718 3
3 1 70.4754 5
3 3 76.5586 4
1 2 82.4835 2
0 4 70.7349 5
2 3 35.5104 0
3 5 89.3729 2
2 5 63.7788 1
2 2 86.7314 0
3 1 -2.3793 0
0 5 15.9193 0
1 5 46.9651 3
4 4 46.6437 4
1 4 53.9 0
4 0 98.7231 5
4 5 89.557 1
4 1 75.0782 1
0 2 81.2363 3
5 5 34.0405 3
5 2 69.5055 2
3 1 26.224 1
4 3 7.9324 3
1 2 -6.2567 2
2 0 88.8506 4
4 3 23.2189 3
2 4 14.2151 0
3 2 96.0032 4
3 2 96.5663 1
0 0 84.33 2
4 4 51.1189 5
1 1 82.0542 5
4 5 76.9447 2
5 4 41.5405 0
4 0 11.254 1
1 1 18.9627 1
3 0 3.45 5
1 0 65.1649 4
4 2 71.5736 4
3 3 48.2454 0
5 1 38.6614 5
4 3 80.854 3
1 2 76.1164 1
4 5 68.3872 4
4 0 7.3934 3
3 0 56.0285 1
0 0 88.9721 4
4 5 32.6806 0
1 4 -7.1851 2
1 5 20.23 3
0 1 -3.9344 3
1 2 0.8034 1
3 1 14.9122 5
4 1 86.1511 4
0 3 13.3532 0
5 2 46.1601 4
1 3 8.9334 5
5 3 55.4916 3
1 1 95.8072 5
2 4 44.6123 3
1 2 31.2653 1
2 5 98.5824 5
4 3 -4.6594 1
4 5 8.12 5
2 4 76.7127 1
5 0 11.178 4
3 3 39.8325 3
2 5 22.1201 1
0 4 14.893 0
0 1 99.2077 1
2 0 52.9571 1
2 1 -9.998 4
2 1 1.0431 0
5 3 91.9153 3
4 3 88.9783 3
2 3 9.0965 3
0 4 52.3179 4
0 4 56.0221 4
3 4 21.1641 2
0 2 38.2394 0
1 1 4.4973 2
0 1 99.3418 1
0 1 95.4987 3
2 1 20.4102 0
1 1 18.7395 2
4 2 61.8679 4
1 4 56.0652 2
5 3 69.651 0
1 0 15.2018 2
5 0 81.3446 1
2 5 56.2409 4
0 4 79.7152 1
4 2 27.6826 0
1 2 92.2905 4
4 1 66.9574 4
5 5 79.2044 3
0 4 2.8779 1
0 2 64.2093 5
4 5 21.7591 1
2 4 25.334 4
2 2 75.138 3
0 0 95.9414 0
0 5 45.472 0
0 1 -6.1491 2
2 1 52.2724 1
3 4 50.8552 1
5 3 -8.0821 4
3 4 28.0358 2
0 3 75.3091 2
4 0 5.8056 0
4 5 -0.6847 2
5 2 62.5337 3
5 3 28.9205 4
4 0 -1.934 5
3 4 95.0192 2
2 2 7.9428 5
0 1 63.6752 3
3 5 27.2686 3
5 3 64.7611 3
5 1 75.7452 0
5 0 38.0963 4
5 5 44.3574 1
1 4 71.3539 3
4 0 48.4437 1
5 3 66.1233 0
3 3 94.5937 5
2 1 12.9772 5
5 5 36.4659 4
0 4 85.1955 3
1 3 58.6012 0
4 1 43.6522 5
1 4 -2.9541 1
2 5 14.5419 3
4 2 38.8795 1
0 4 1.0852 2
2 2 70.577 4
5 5 78.2189 5
3 1 96.8535 1
1 2 56.9187 3
3 4 16.4727 1
3 1 55.7226 2
5 4 31.6192 0
5 1 19.4721 1
2 3 97.9198 4
3 2 10.9411 5
3 1 55.936 5
1 5 72.7592 1
3 1 14.1118 2
0 0 40.8781 4
5 3 26.6108 5
3 3 49.3007 3
3 0 4.611 3
0 5 83.9902 3
3 0 37.9271 2
5 0 65.6816 1
3 4 56.6898 4
5 1 64.5913 4
5 2 12.2283 4
5 4 27.3999 1
0 1 25.8958 5
4 4 46.7168 2
4 4 87.8825 1
5 5 21.2673 0
5 3 0.1096 0
0 3 17.4914 3
5 5 57.5711 5
3 0 24.8518 4
5 1 7.2034 3
0 5 39.0959 1
5 1 76.4717 4
1 4 -6.7862 5
5 2 23.643 5
2 0 -4.6317 3
4 2 29.6995 0
3 2 49.1063 4
0 1 8.4053 5
2 4 73.459 1
1 4 15.4362 3
4 2 -2.487 2
1 5 13.6259 4
1 0 44.7531 1
5 3 31.1666 5
1 2 95.2213 1
5 5 8.7411 1
5 0 99.5076 5
3 0 36.5926 1
4 0 24.6615 3
5 5 81.9473 1
2 5 86.9631 0
5 2 83.0328 0
0 2 32.0176 0
5 5 86.5006 3
4 2 73.0368 3
1 0 22.8097 5
4 0 22.2519 0
3 4 49.5623 4
4 4 78.014 5
4 4 73.4779 3
5 4 88.7865 3
0 5 73.2668 3
5 0 -1.5738 3
3 5 44.6705 2
0 2 -9.958 1
4 4 88.3597 4
1 5 76.4353 2
3 3 43.0996 4
0 4 35.838 0
1 1 87.7475 1
2 5 3.8378 5
0 1 25.3513 3
5 1 42.3901 2
3 1 2.5461 2
2 4 41.5121 0
5 5 1.5128 4
1 0 32.2773 1
3 5 2.4897 4
2 5 85.5696 1
2 4 76.9866 1
0 0 42.6098 3
3 4 1.4893 0
2 5 16.8642 0
0 2 -7.9906 5
3 5 98.3224 3
5 2 6.9586 0
3 4 59.091 1
2 0 26.6289 5
3 2 20.3296 0
0 0 74.9582 0
1 0 66.3018 5
4 3 -5.0863 0
3 5 47.2487 5
4 0 79.3706 1
5 2 63.5777 3
1 0 27.7155 0
2 1 6.6613 2
1 3 3.34 0
3 0 62.0675 3
2 0 -9.084 2
4 4 19.2482 3
1 2 88.2094 2
0 4 97.3804 1
3 5 0.8268 0
4 3 23.5307 4
1 3 59.916 0
4 1 76.8217 5
5 5 97.5333 1
3 1 41.6172 3
3 4 39.923 1
0 2 36.2416 1
2 2 57.3877 4
4 2 48.9507 4
4 3 45.6637 4
4 5 84.569 3
3 2 49.4417 0
2 4 -9.4941 5
5 0 19.3749 4
5 3 60.054 0
0 2 28.5257 2
0 4 98.2229 3
5 4 97.2421 0
4 3 9.2703 3
1 5 56.9288 3
2 4 94.0248 0
1 3 76.9756 5
5 5 72.8281 0
3 0 20.8932 3
1 5 76.5663 0
2 1 93.6994 1
3 5 88.2667 1
5 0 31.1394 5
3 1 51.2538 0
0 3 26.7338 5
4 0 85.6916 2
4 1 57.7197 0
3 0 6.8109 1
1 3 19.1708 2
4 5 26.8793 4
5 3 55.6017 0
5 3 9.3533 3
1 4 -8.9008 4
1 1 53.1341 1
4 1 29.3634 2
3 0 89.7875 0
0 5 55.7539 1
1 2 11.0058 5
1 3 61.0138 4
2 2 26.0902 3
3 4 55.9847 3
5 5 93.4753 1
5 0 97.6521 5
3 3 22.16 3
1 2 2.1444 3
0 4 30.5564 0
3 0 14.989 5
2 4 34.6794 0
5 5 18.7835 1
0 4 74.5682 0
5 5 23.1581 2
0 1 52.7923 5
3 0 99.6987 5
3 3 58.105 1
1 4 99.5506 5
3 1 99.8404 0
4 5 89.0883 1
2 0 -5.3283 0
3 0 59.5701 4
3 0 7.6072 4
3 4 -8.192 3
1 2 32.4549 3
3 4 42.9401 0
1 2 57.3717 5
4 1 -4.0325 0
2 2 7.68 2
2 3 18.8934 0
5 3 91.0791 5
4 1 44.0696 2
2 5 33.5735 5
2 0 32.1018 4
0 5 31.9405 0
4 5 38.4267 0
1 1 91.9246 4
4 2 43.4671 5
4 3 75.8483 1
3 5 15.7285 0
5 4 58.2753 3
0 3 49.577 5
2 3 81.5538 3
2 4 59.853 3
4 3 73.2618 5
3 0 42.5609 4
0 1 63.3389 1
1 0 39.4004 1
5 0 85.8986 1
5 3 51.6869 1
1 1 21.8574 5
1 2 61.3397 1
1 3 62.736 2
1 3 50.2904 5
2 3 95.9872 2
0 0 19.2145 5
2 2 90.9206 1
3 1 69.4425 1
2 0 47.7993 2
3 2 37.1559 5
5 5 -0.3992 4
1 1 40.1766 0
5 5 79.5708 3
3 2 71.5129 2
3 2 49.6551 3
5 5 5.4654 4
1 0 71.7409 0
4 5 92.0 0
0 4 18.7093 4
2 4 93.6423 0
3 1 88.9566 2
1 4 80.5326 3
0 0 19.2634 2
5 0 92.3253 1
2 0 83.5818 5
0 3 -0.1576 3
2 2 51.546 1
4 0 98.275 2
0 3 0.9676 3
5 2 25.3724 4
2 0 45.1817 5
2 2 -2.5116 0
5 5 60.4342 3
5 3 33.2255 0
2 4 18.2564 1
5 3 72.4259 1
1 1 62.3647 0
4 0 25.2036 5
4 1 15.8505 1
4 3 59.6105 5
1 5 69.9172 2
1 1 20.7885 4
3 2 37.0636 4
1 3 81.3028 4
1 2 69.4492 5
4 2 42.1396 0
0 5 52.9091 2
1 1 14.9178 3
0 5 11.0662 1
2 2 69.6442 1
3 1 4.1126 3
2 3 1.3187 4
5 4 13.0413 2
1 5 74.1204 1
1 5 74.7014 1
1 1 28.2788 2
5 2 21.8356 2
2 0 82.4739 0
3 0 13.6428 2
4 5 61.9024 5
1 0 8.3651 0
2 0 -9.6792 0
3 2 2.9203 0
1 5 94.5186 0
0 0 95.2371 3
4 0 61.7393 4
2 5 85.7906 5
0 4 0.5566 0
0 1 95.1485 5
2 1 38.9052 3
0 3 11.7823 1
3 4 63.3147 0
5 0 42.3917 5
3 3 52.4795 5
1 2 48.4591 5
4 1 19.1223 5
1 3 -1.8021 2
1 3 63.4433 1
5 4 -3.6483 4
0 0 54.33 3
3 3 78.8308 5
0 3 33.9202 4
2 5 93.7726 1
2 5 85.8799 5
2 1 32.8865 5
1 1 16.2968 5
1 0 17.9232 1
2 4 93.4775 1
5 0 95.2649 3
1 5 28.6339 0
2 5 3.647 4
3 3 18.0311 0
0 4 24.7312 0
5 2 23.2333 4
4 3 68.9254 1
4 4 41.7499 2
0 2 68.0622 0
3 0 5.9891 3
2 1 80.6664 2
4 2 73.9908 3
2 0 5.2481 5
5 4 89.1829 2
1 1 62.2611 2
0 5 29.8076 3
2 0 13.8383 0
1 0 54.104 5
4 3 61.9073 4
1 5 67.1861 2
0 3 97.9124 5
5 3 73.4976 4
1 4 5.8765 2
3 0 14.9362 4
4 2 35.8099 4
2 4 11.8877 4
2 0 82.6094 5
1 1 61.9904 4
1 4 90.9377 3
4 5 29.5311 3
0 1 44.0908 5
3 4 96.2336 1
5 0 -6.308 3
0 5 12.2331 2
4 5 18.8754 1
3 3 24.4643 1
0 0 87.8835 0
4 2 85.5146 5
0 2 52.3104 3
5 2 42.9214 2
5 1 33.0096 2
2 5 45.7646 3
1 3 59.9131 1
0 3 68.8412 2
1 4 24.0007 3
0 0 71.8667 3
2 2 16.8453 4
1 1 87.3128 1
2 3 73.1495 4
4 0 88.5419 4
1 2 10.0885 4
3 0 75.7187 1
0 3 18.9421 0
3 3 55.1738 0
5 4 -5.9657 1
5 1 5.1442 3
5 0 22.5946 5
0 1 29.2731 5
2 3 98.9447 4
0 2 44.5009 1
4 1 39.3766 3
1 1 15.1315 3
0 3 56.2446 2
3 3 71.4325 5
0 1 48.9572 0
5 3 69.1881 3
4 2 94.2647 5
2 2 44.9454 4
0 5 1.6425 0
0 1 94.3375 2
3 1 3.1024 5
5 5 24.6123 4
2 3 38.1497 4
5 0 96.8153 5
0 2 35.0136 1
4 1 22.548 4
2 4 11.9597 0
4 0 7.7575 1
3 4 27.0742 2
3 2 69.0664 2
0 4 4.4582 4
3 4 -8.1951 1
0 2 52.1425 5
4 5 -3.7064 2
3 2 -4.4474 3
5 1 2.4779 2
3 3 88.6993 3
5 4 86.8007 1
5 4 62.6311 5
3 2 26.2513 1
5 2 84.7932 1
3 0 49.8023 1
3 5 -0.9933 2
2 1 -0.1101 5
2 0 39.8074 0
5 5 81.13 0
5 3 8.6901 0
4 3 39.516 0
5 1 75.3473 3
5 2 64.4324 2
0 4 -0.2725 5
2 2 79.7135 2
0 5 23.8799 4
5 0 40.1728 5
5 2 46.5401 3
0 1 76.0693 4
4 2 57.6433 5
5 1 93.8883 0
5 4 43.6322 5
3 3 38.4739 3
5 1 18.1416 2
1 3 11.0841 1
2 2 51.3626 0
3 2 69.5032 5
3 0 69.279 2
5 4 42.6081 4
4 1 7.9194 3
1 3 17.4283 0
0 5 76.1714 4
5 1 29.1576 5
5 3 32.9382 5
2 0 81.0179 2
3 5 18.6706 4
5 0 -1.9199 1
0 2 69.1478 4
4 0 65.6953 5
3 2 -7.0595 2
0 3 31.844 0
4 1 46.0548 1
2 4 28.9685 1
5 4 95.0407 4
3 4 87.2062 5
3 2 79.5238 3
5 3 18.7824 1
2 2 3.3547 1
3 3 71.1148 0
4 2 81.3281 3
5 2 0.72 5
0 0 4.2138 2
1 3 46.8827 2
4 2 71.6258 0
0 1 71.166 2
5 2 4.2175 2
1 0 53.0155 4
2 0 23.5819 3
3 2 1.1746 4
1 1 88.0065 2
4 2 93.8011 0
1 0 22.895 2
5 4 91.1653 0
2 4 27.7694 0
3 0 35.2723 0
3 3 5.2004 2
5 1 59.3189 5
3 4 70.6501 1
2 5 9.6319 1
5 5 76.8173 3
2 3 67.5967 1
5 2 86.6133 5
4 0 17.5248 1
5 5 50.4693 0
0 2 50.3122 2
0 2 73.9673 5
3 5 93.2494 2
2 2 55.4821 2
1 2 95.8749 2
1 1 26.8502 5
1 0 91.1094 1
5 4 88.5622 4
2 5 -7.1365 3
2 5 14.9801 2
5 1 63.9161 5
3 3 66.3783 0
3 4 -9.7976 3
2 2 58.8123 4
0 3 31.6413 4
3 1 18.1827 4
5 5 37.2651 2
1 5 46.8058 5
0 5 59.4406 1
2 4 20.3341 2
5 5 88.9183 5
4 2 7.0735 3
2 0 78.9804 5
2 2 -2.2274 0
3 0 57.2158 0
3 5 10.3545 2
0 5 95.2752 2
3 3 94.8105 3
0 4 94.7622 1
3 0 77.5991 3
4 0 42.0077 0
2 1 1.468 5
1 3 88.0787 0
5 4 22.7189 2
4 5 73.1213 4
1 2 83.0239 2
4 4 53.1734 5
2 4 29.97 5
2 5 53.874 4
4 2 28.6321 4
2 1 94.1421 3
2 5 61.2768 3
5 5 8.2267 2
1 0 65.9748 5
3 0 -5.9129 5
5 2 20.3325 2
5 3 41.5666 5
2 2 88.7287 4
1 2 13.4826 2
4 3 -8.151 2
1 2 -8.3323 4
1 1 82.0572 4
2 2 48.8807 3
5 0 11.8116 4
4 4 -8.4414 4
4 0 75.7789 5
0 1 49.4545 3
1 1 69.7586 4
4 4 2.218 0
4 0 79.2342 1
3 1 75.0201 4
0 4 62.7117 3
4 2 8.6886 0
2 2 -6.9726 2
2 0 58.0161 3
3 2 -8.4942 1
1 5 16.0353 1
2 5 -9.6861 1
2 3 79.011 3
5 4 23.7487 5
1 4 85.1702 3
1 3 84.1971 5
2 3 31.8679 3
4 5 85.8245 2
2 3 42.0793 3
2 3 90.5345 4
4 1 30.329 2
4 3 97.3098 2
3 3 68.6414 0
3 5 62.2555 0
3 2 92.8074 5
3 1 0.3282 4
2 0 85.4551 5
3 3 74.8932 4
1 5 45.77 3
5 3 95.2608 3
0 3 47.1634 3
0 2 79.4708 4
4 1 29.324 3
5 1 1.3251 2
3 2 -6.3632 4
1 2 52.3057 0
1 1 23.4488 5
3 2 99.3032 2
4 5 97.3985 2
5 2 -7.0829 5
0 0 51.243 1
0 4 1.7801 4
0 1 9.4299 4
3 5 17.975 1
1 0 32.1551 2
5 5 55.7474 4
4 1 84.1321 4
3 3 1.1581 5
2 1 22.5124 1
2 5 35.8777 4
1 0 89.272 1
2 1 80.7394 3
3 2 72.4347 4
5 1 60.7479 3
0 0 84.8478 4
1 3 5.9569 0
2 3 32.8491 0
1 1 2.231 4
3 1 17.4592 0
4 3 92.5368 5
2 0 35.1501 4
2 3 89.1825 3
5 5 3.7129 1
0 0 39.8733 3
1 3 41.8531 3
0 1 0.9004 3
3 1 56.6828 4
2 2 15.6301 4
4 3 0.9847 5
4 5 92.5192 0
2 2 98.1954 3
1 2 12.045 2
1 1 63.9455 2
0 0 94.4329 4
5 1 35.7169 5
3 2 7.0898 0
3 0 13.5537 0
4 3 48.4203 2
0 4 39.4957 0
2 0 89.4003 2
0 3 87.9932 5
3 0 -5.7969 3
2 1 -1.2322 4
3 0 33.2721 0
4 2 73.525 5
4 3 89.1617 0
3 1 3.8797 2
3 5 44.0184 1
4 4 77.8945 2
1 1 81.0061 5
3 4 7.0414 0
3 2 59.3855 1
3 2 69.606 1
1 4 48.7418 3
1 1 63.6607 2
0 1 10.7752 2
3 1 13.7612 0
4 3 82.1208 3
5 2 99.7678 4
4 2 40.6626 5
1 1 16.9513 3
1 1 84.662 4
0 5 3.0416 0
4 2 17.5572 0
5 2 32.6042 3
0 5 16.2436 3
3 0 9.6376 4
0 3 52.9522 3
1 3 24.5327 1
0 0 7.0424 1
2 5 38.9728 2
1 4 26.73 0
4 3 40.226 1
0 1 25.6783 4
0 3 -4.2507 4
1 3 8.2627 3
3 3 72.0307 0
2 5 -1.216 0
2 4 40.0925 3
2 0 85.7035 2
2 0 72.7837 1
1 1 58.8718 4
1 2 84.6886 4
3 4 2.3516 2
1 0 22.3979 1
4 4 4.9843 0
5 4 7.081 2
3 2 -6.1222 1
4 1 41.1509 0
4 0 1.1721 3
4 1 80.9778 5
4 2 14.6803 4
0 1 22.3331 2
2 4 69.8047 2
5 0 8.7878 2
4 1 54.6602 2
1 4 89.3015 2
3 1 15.2081 0
4 5 44.4809 2
0 0 26.8662 5
2 4 17.1522 0
1 0 7.8938 3
1 5 -2.2738 5
2 3 88.0501 3
5 5 53.0835 3
0 3 14.6949 4
3 0 27.2102 1
5 0 81.7888 4
1 3 6.326 5
3 0 97.8023 1
5 3 27.8063 5
3 2 76.2421 1
2 2 5.8453 1
3 3 99.4024 1
5 0 18.939 4
2 3 56.6365 4
0 3 38.5145 3
3 0 90.9958 5
2 0 10.4316 4
2 1 58.8815 1
0 2 54.7325 3
1 3 21.5125 2
2 1 93.3272 5
2 1 50.6541 0
5 5 43.5015 1
0 0 -3.2734 3
1 4 71.4976 0
3 1 30.135 0
5 3 29.1888 5
4 4 47.9684 0
2 2 75.2507 0
3 4 80.4694 2
3 1 65.6175 3
1 2 99.5944 5
5 1 49.8065 5
0 0 46.2897 3
1 3 21.7138 0
3 0 23.8714 4
4 4 67.555 3
1 3 -3.9339 0
1 5 0.2092 2
5 4 65.2273 3
2 5 86.441 1
3 4 84.112 1
2 3 67.9945 4
3 3 65.0583 3
2 5 2.9129 4
3 2 18.6721 3
5 1 92.1466 3
3 1 79.4476 4
0 3 96.6792 5
2 3 -7.3952 0
1 4 -7.7743 0
4 0 -8.3313 1
3 4 39.2188 2
2 0 17.8962 0
3 2 17.0265 4
5 1 6.7687 1
2 1 68.953 2
1 0 39.5513 5
1 4 16.527 5
5 3 85.0515 1
5 4 88.365 0
0 4 86.086 2
2 2 55.2001 2
4 4 -5.8796 5
4 5 56.654 3
1 3 -3.4044 3
3 5 -8.2027 3
0 3 64.5326 2
2 4 69.2818 2
1 2 -5.52 4
0 5 48.1861 0
5 3 83.0222 4
5 1 24.3617 5
1 3 70.1305 0
5 5 7.8148 0
5 4 55.3183 5
4 2 76.0307 5
5 2 57.3914 5
5 5 25.2162 4
0 4 89.1744 4
5 4 55.036 1
0 3 5.4282 5
5 1 28.7226 0
5 2 20.6575 0
0 2 65.4499 5
1 4 40.3402 1
1 5 2.7712 4
2 1 -3.9021 2
1 1 12.0513 1
3 3 7.9236 3
2 1 11.6173 5
1 2 34.085 5
0 3 16.2336 4
4 3 40.9342 2
4 5 14.7926 4
3 0 4.2646 3
0 3 79.2622 3
2 1 16.5378 0
4 0 27.3947 4
1 3 26.2057 4
3 2 49.5956 2
