1 5 11 4
0 2 73 5
4 5 26 5
0 2 -8 3
0 3 47 5
0 5 12 1
5 4 95 2
0 5 21 4
5 5 90 3
2 5 72 5
3 1 65 1
4 5 43 4
4 2 -6 2
0 2 99 2
0 5 54 2
3 4 95 0
0 4 84 5
0 2 94 1
5 3 21 4
2 1 32 2
3 1 53 2
1 5 27 0
0 2 22 5
2 1 15 3
2 1 36 1
4 4 26 0
5 5 13 2
1 0 94 4
0 1 47 0
0 3 13 2
1 4 91 4
0 2 38 0
1 4 80 2
5 1 36 5
3 5 23 2
5 3 8 1
2 3 85 5
1 4 71 2
5 5 9 2
0 4 41 4
2 3 84 5
2 0 90 3
5 3 23 0
0 1 17 1
0 5 65 5
0 3 23 1
4 5 58 0
3 5 51 2
5 1 66 5
5 3 52 4
2 4 92 5
0 4 18 1
4 0 89 1
3 0 82 0
3 0 61 0
1 3 75 0
2 1 51 1
4 2 37 1
3 1 71 1
0 4 91 3
4 4 60 3
4 3 95 0
2 2 1 5
3 2 34 1
5 4 66 5
5 3 60 4
0 3 20 2
0 5 94 0
1 0 27 1
5 0 36 4
2 1 75 5
1 1 10 0
1 3 52 0
4 2 36 5
5 3 7 5
1 1 69 2
3 0 50 3
5 3 -8 4
0 1 76 2
2 2 82 4
2 3 24 1
2 0 27 5
2 1 63 4
5 4 39 0
5 4 51 4
4 1 59 0
2 0 32 3
5 3 59 3
0 5 94 0
1 2 14 4
3 0 2 2
5 2 -8 4
5 0 98 2
3 5 92 2
3 5 73 5
4 3 81 4
3 0 16 0
0 2 17 1
3 4 58 5
3 2 54 1
1 4 14 2
4 0 74 0
2 4 82 5
3 3 71 1
4 1 11 2
0 3 40 3
5 1 61 2
2 1 41 4
1 5 88 4
0 3 95 2
4 2 8 0
0 2 9 4
1 0 83 3
3 1 13 4
2 2 52 4
2 1 16 3
0 1 7 2
5 1 20 0
3 4 86 4
0 4 85 2
4 5 50 1
1 0 50 0
0 2 82 1
0 2 89 3
4 3 49 2
5 4 -10 4
0 2 67 5
4 3 27 3
0 0 62 2
1 3 33 4
0 0 34 3
3 3 14 1
2 4 40 2
1 1 61 2
0 1 71 2
1 3 48 3
4 4 13 4
4 4 24 1
0 3 68 2
0 4 70 0
1 0 78 2
5 5 -9 0
1 2 25 2
1 3 -1 1
0 5 58 0
0 4 24 0
5 5 36 2
0 3 86 5
5 1 94 3
0 1 88 4
4 2 53 2
4 1 -8 1
3 0 18 1
3 2 33 1
4 1 62 2
1 5 9 4
5 3 85 1
2 3 22 4
0 1 37 3
5 2 71 2
3 0 7 0
0 1 7 3
4 1 37 0
2 2 42 1
1 1 -9 5
5 2 19 5
0 2 54 0
0 4 1 2
1 4 62 4
0 0 38 4
1 3 7 2
4 4 -1 0
4 2 20 0
2 3 39 1
3 0 32 1
3 1 28 4
3 2 91 1
2 5 4 4
1 2 88 0
5 3 7 0
1 1 12 4
0 5 56 0
5 5 9 2
3 4 85 5
4 1 33 3
5 4 53 4
5 4 -5 5
2 4 65 4
3 2 47 2
1 5 88 0
0 1 33 4
3 1 65 3
4 2 44 5
1 2 77 4
3 1 27 3
1 1 70 3
5 0 34 5
5 2 -5 5
0 5 96 5
1 2 6 5
5 2 12 0
0 3 54 2
4 0 30 0
3 1 21 4
0 4 48 2
4 0 0 1
4 1 34 1
0 4 73 2
0 4 69 1
0 5 75 2
5 3 45 3
1 0 15 0
4 0 8 0
0 2 41 1
0 3 -2 2
2 2 77 0
1 4 33 0
2 0 78 1
1 1 92 2
4 5 60 5
4 1 46 4
0 1 82 5
3 0 7 3
0 1 59 3
2 2 5 2
5 4 95 5
4 0 60 4
0 5 -10 1
4 4 -9 3
1 2 21 2
5 5 22 3
4 3 31 0
5 3 60 0
5 4 37 0
2 3 78 2
1 1 27 4
4 1 72 4
4 1 27 4
5 0 19 3
5 4 3 5
3 0 84 4
3 4 96 0
2 5 42 4
4 2 17 3
1 0 83 2
0 1 54 3
2 1 39 1
5 5 24 2
1 3 55 3
4 0 75 5
0 0 63 1
1 4 29 1
1 5 71 2
5 1 75 2
1 1 52 4
0 3 29 3
5 5 0 3
4 4 24 2
5 4 47 0
1 3 85 3
3 5 33 1
0 4 -7 3
3 5 85 0
1 3 25 2
5 2 39 3
3 3 47 4
5 4 0 2
3 5 47 5
2 5 51 3
3 0 81 1
5 1 39 5
3 0 -5 1
3 0 35 2
3 5 37 5
1 5 83 5
0 4 87 5
0 0 49 3
0 5 69 4
3 0 57 1
3 2 31 5
3 4 87 4
5 5 21 3
4 4 81 3
5 1 79 3
0 5 48 4
1 0 85 2
1 2 83 0
1 0 55 1
5 5 33 1
4 5 46 1
2 1 -7 1
1 1 93 1
5 5 29 0
3 1 36 3
1 3 74 2
1 5 46 5
0 5 96 5
3 1 50 2
2 0 24 2
5 5 74 1
1 4 38 2
3 5 77 3
5 1 95 2
2 1 22 5
0 3 -2 2
5 2 -7 5
2 0 18 5
3 2 0 0
2 5 39 4
3 3 90 1
4 4 20 2
4 4 15 3
5 2 62 5
0 0 -4 2
5 4 4 0
0 1 45 3
4 0 12 2
4 4 12 0
5 0 65 5
2 3 6 3
4 3 53 1
1 0 67 0
4 0 7 1
5 5 36 3
0 2 93 5
2 4 33 4
2 2 15 4
4 0 56 5
1 0 57 1
1 2 19 3
2 5 -4 0
0 0 85 3
2 4 32 1
0 0 29 1
5 1 92 2
1 4 -10 5
1 4 64 5
4 5 23 1
1 4 65 4
4 1 -2 2
2 5 47 2
3 5 15 5
4 1 62 4
0 5 68 4
4 3 18 4
0 0 46 1
0 3 -9 3
3 4 58 5
0 4 6 3
3 0 73 3
2 0 71 3
0 3 43 3
2 0 25 2
5 2 72 2
0 0 -1 3
4 3 20 4
0 4 55 1
3 2 9 0
4 3 15 2
3 3 18 2
2 4 45 1
2 4 23 3
2 1 79 0
2 0 73 1
0 4 42 2
5 0 18 1
1 2 71 3
0 2 92 1
4 4 87 0
1 2 17 5
4 0 31 0
2 0 -1 1
0 0 75 1
0 5 -1 2
4 3 40 2
3 2 49 2
1 4 66 5
1 2 8 1
5 2 28 4
0 1 85 1
5 3 29 2
5 2 96 1
1 1 42 5
2 0 85 2
4 0 84 4
2 5 99 1
5 1 9 1
4 4 65 3
2 5 63 3
2 0 76 0
5 4 -6 4
3 5 68 1
2 0 49 3
1 0 91 5
1 1 15 2
3 3 86 5
0 4 9 3
4 5 7 2
1 1 11 4
3 4 55 1
0 1 91 2
1 0 50 0
3 2 18 5
4 0 52 0
1 3 10 2
4 5 -5 1
5 4 11 0
0 1 1 5
5 4 82 0
1 3 12 3
4 2 29 2
2 3 89 2
0 0 21 3
2 3 98 1
0 1 69 3
5 4 7 3
2 5 -7 5
5 3 69 0
4 1 92 0
0 4 27 5
5 3 76 2
1 5 17 2
5 1 59 2
2 5 25 4
3 1 24 4
1 1 94 4
0 0 64 2
2 4 26 4
1 1 69 1
2 2 34 0
5 2 18 1
3 5 72 4
2 4 82 0
4 3 45 2
0 3 50 0
3 2 68 2
3 0 40 5
1 5 54 5
1 4 83 3
5 5 64 5
5 1 -8 4
5 5 28 4
3 2 58 5
5 4 12 4
4 0 29 1
1 1 48 3
5 2 54 5
5 4 32 0
5 4 11 1
1 2 32 5
5 1 76 3
4 2 77 3
3 2 65 5
2 4 53 5
4 0 92 3
4 5 36 1
4 3 66 2
5 1 53 4
3 5 2 4
2 5 49 4
0 5 -9 1
1 5 20 4
4 5 8 1
4 0 82 2
2 2 88 2
2 0 35 1
4 0 31 2
3 2 89 2
1 2 10 0
5 2 -7 4
2 3 92 0
1 2 33 5
4 3 9 2
3 3 29 1
0 4 88 1
5 4 35 2
4 5 77 3
2 4 61 0
4 5 62 3
3 1 -2 3
5 1 12 5
5 3 72 2
2 1 44 0
4 4 9 2
5 5 64 2
3 1 72 4
1 5 2 5
2 3 15 1
4 4 24 3
4 0 -8 3
2 5 13 4
0 1 85 2
4 2 79 1
5 1 60 1
3 3 27 3
3 1 10 3
0 1 30 4
3 0 88 5
2 2 25 0
3 5 -5 2
4 3 54 2
3 3 51 4
2 4 65 3
5 2 33 4
0 5 30 0
4 4 62 4
4 2 -5 0
5 4 13 3
4 5 40 0
0 2 57 0
1 3 56 5
2 4 68 0
0 5 99 1
2 2 46 3
3 1 57 0
0 2 15 1
2 4 7 2
5 3 47 3
5 1 39 1
4 2 83 3
0 5 77 1
5 4 29 1
0 4 67 1
0 5 4 5
2 4 32 0
0 3 43 3
4 1 42 3
3 0 5 0
0 2 36 2
5 5 56 2
3 5 24 2
5 1 60 3
1 4 44 5
2 4 59 0
3 1 50 3
0 4 9 5
0 3 49 1
5 4 85 2
2 4 -2 5
2 4 61 0
2 0 10 4
1 3 56 4
4 5 21 3
4 5 31 2
3 3 -10 3
0 4 5 4
2 5 25 3
2 5 0 3
5 2 -9 3
5 4 66 1
3 0 88 1
1 4 49 1
0 0 75 5
3 3 64 5
1 1 71 1
5 3 16 4
3 3 -2 2
3 2 50 2
4 4 4 3
5 5 47 5
1 4 -5 4
1 2 30 0
2 1 1 2
3 4 96 4
5 4 40 4
4 3 81 0
3 3 34 2
0 5 34 1
4 2 80 1
3 4 40 1
2 5 35 4
3 4 61 1
1 5 92 5
4 4 78 0
5 5 35 4
0 3 95 1
0 0 93 2
3 4 33 5
3 4 50 0
3 2 53 1
0 4 89 1
4 3 70 4
5 2 9 2
5 5 29 4
4 2 75 1
2 2 27 0
3 2 49 3
2 3 24 0
3 2 23 1
1 0 54 3
5 5 -7 3
4 2 -4 5
4 4 83 0
5 1 8 4
0 0 -5 1
4 3 71 1
5 5 54 3
1 4 59 4
1 0 92 3
2 5 59 3
0 5 68 5
2 2 4 0
3 0 72 0
3 2 53 3
3 3 99 5
4 2 88 4
3 0 64 2
2 1 61 3
4 3 24 5
0 0 63 1
2 0 48 2
3 3 90 1
4 0 61 1
3 5 88 2
0 1 94 4
2 1 50 4
3 2 12 3
2 4 59 5
1 4 77 2
5 2 41 3
0 0 98 2
5 5 61 4
3 4 93 5
3 5 92 0
2 4 41 5
5 5 45 1
0 1 11 0
1 2 99 1
5 1 7 5
3 0 45 3
0 5 48 3
2 0 99 0
2 5 64 3
2 2 14 1
2 1 25 5
4 1 5 5
1 5 15 5
0 3 2 2
1 1 49 1
2 1 77 4
1 4 29 3
4 3 86 0
1 5 97 4
3 4 75 3
3 5 -4 5
0 4 53 5
3 0 0 0
4 0 49 0
1 1 53 3
4 0 10 1
2 0 94 3
4 3 70 0
4 3 43 3
2 3 35 4
0 0 47 4
2 1 70 4
2 3 13 0
0 4 14 0
2 0 -2 5
5 3 82 4
4 4 23 0
1 0 99 1
0 4 96 5
2 1 22 1
5 3 3 4
5 3 60 0
2 3 72 4
2 2 -7 2
4 1 39 1
4 5 31 5
0 4 42 5
5 0 15 4
5 0 86 4
1 1 -1 1
3 2 42 1
2 3 -6 2
4 1 -6 5
1 3 63 1
0 5 28 5
2 1 75 0
2 4 18 5
0 2 86 2
1 4 95 3
5 5 38 2
1 1 56 5
1 2 17 0
2 3 70 2
4 3 19 4
2 5 21 5
4 1 48 5
5 2 55 3
1 5 8 0
5 2 1 0
1 3 25 0
5 1 93 3
0 1 62 4
3 4 8 0
4 3 68 2
0 5 77 0
4 5 94 2
0 0 85 4
1 0 87 4
1 1 -3 2
5 3 45 4
5 5 18 0
5 5 60 2
0 5 88 1
3 1 4 5
5 4 96 1
4 3 78 5
4 3 9 2
4 2 6 2
5 2 74 2
0 3 66 5
2 5 61 0
3 0 74 5
5 4 47 5
1 3 5 2
2 3 26 2
3 4 11 3
2 1 23 1
5 0 93 3
2 0 96 4
5 0 39 2
4 0 88 1
0 0 48 3
4 2 -9 1
2 2 79 2
5 1 0 3
4 1 43 5
4 3 53 2
4 1 56 1
3 4 80 2
0 1 -1 0
0 5 66 0
3 1 20 1
4 1 94 2
4 5 59 4
1 4 28 1
4 4 34 3
2 0 42 0
5 5 46 5
1 4 18 0
1 0 54 5
3 3 96 4
3 0 -10 3
2 5 64 0
1 2 39 4
0 4 -4 5
0 1 71 0
4 3 32 5
4 2 49 4
5 3 4 4
2 4 -7 1
3 2 34 0
4 0 25 0
3 3 33 1
1 5 60 0
4 3 65 5
2 2 70 3
1 4 87 0
0 1 91 4
0 2 7 5
0 0 85 3
2 5 88 4
3 3 79 3
3 4 37 5
2 5 -6 0
3 4 10 3
4 3 82 0
3 1 -5 2
2 1 87 2
5 1 99 2
4 2 10 4
1 0 16 5
1 3 17 4
1 3 36 0
1 4 8 3
1 5 1 3
1 1 47 0
1 0 4 4
2 1 50 3
3 2 90 1
2 3 92 4
5 3 24 5
2 5 68 3
5 4 66 5
1 1 25 0
1 5 37 2
3 4 1 1
0 1 81 1
4 3 90 4
2 2 17 2
5 1 97 4
2 3 88 1
3 4 64 1
4 0 84 4
3 2 34 5
0 3 85 2
5 1 4 3
1 1 -8 5
4 5 23 0
4 1 89 4
2 4 9 3
0 3 78 2
0 5 28 0
0 5 78 1
4 1 38 0
1 5 14 0
0 5 72 3
3 3 78 2
1 4 71 1
5 2 67 1
2 2 32 2
1 0 15 4
1 2 11 3
2 1 30 2
4 1 45 3
1 3 20 0
1 3 27 0
2 1 30 2
3 4 77 0
1 3 24 2
0 4 11 0
1 5 32 3
5 2 78 1
1 4 18 5
3 0 41 1
4 5 17 4
3 0 90 5
4 1 20 0
2 4 38 2
3 1 46 3
0 2 67 0
3 1 47 3
4 2 28 2
0 1 72 0
2 1 87 4
4 5 62 3
2 1 56 1
4 4 -10 5
2 5 11 5
5 1 29 4
2 2 23 0
3 3 39 0
2 0 16 1
4 1 66 4
2 2 38 4
1 4 80 4
3 0 6 5
4 1 70 3
4 1 28 5
3 2 90 3
4 5 6 3
5 0 9 3
1 0 47 3
2 5 -4 3
4 5 43 3
1 5 45 4
5 2 47 2
3 1 6 1
4 4 -9 3
4 1 27 4
1 0 63 4
4 1 72 3
0 5 29 2
1 4 26 0
4 0 19 2
1 4 35 1
5 1 89 5
0 1 12 2
2 4 67 3
3 4 61 0
0 2 97 1
4 0 92 3
3 2 2 1
1 2 9 2
0 1 75 4
3 3 64 3
1 1 33 5
2 4 81 1
0 0 55 4
2 1 -9 1
5 4 48 0
5 0 1 4
4 2 25 1
1 1 100 0
2 4 25 5
0 4 4 5
3 2 81 4
2 3 89 4
4 0 79 3
2 2 86 4
2 1 10 3
3 1 94 5
1 2 95 3
2 4 5 4
3 3 53 2
5 2 21 5
4 2 10 0
1 4 48 2
0 5 25 0
4 5 -4 1
0 4 15 2
5 3 -1 5
5 2 27 5
0 3 72 2
0 2 14 4
2 2 33 5
4 2 72 4
3 4 34 0
4 3 -8 3
5 2 34 1
2 1 80 3
4 5 76 5
3 2 22 0
4 2 97 0
3 5 34 4
2 3 37 3
2 0 -4 2
2 5 62 3
2 5 71 2
4 3 28 5
4 5 62 2
0 0 25 0
5 0 77 2
4 0 36 4
4 5 26 0
2 3 14 2
5 1 41 1
1 2 43 4
5 0 46 0
1 5 14 2
5 5 74 3
1 1 34 4
1 5 51 0
3 4 77 1
1 5 32 4
0 5 -8 4
1 1 26 2
1 3 54 4
3 4 90 3
0 5 99 2
5 4 20 2
4 5 54 2
0 5 40 0
4 2 73 0
2 1 29 1
5 3 61 5
3 2 43 3
5 4 9 3
0 0 63 2
2 0 1 3
0 1 28 1
1 5 20 1
1 5 68 5
1 0 84 1
5 2 2 0
4 2 30 4
0 5 23 2
4 1 40 3
0 4 26 5
5 1 63 1
0 4 35 3
5 1 86 2
4 5 29 1
2 3 11 5
3 4 41 1
0 0 33 5
3 5 -1 4
4 1 72 4
5 5 69 3
0 5 68 3
1 1 -6 5
0 1 25 4
2 1 63 3
0 4 68 4
2 4 46 5
4 5 98 1
0 0 16 1
3 1 45 0
1 1 27 4
1 2 37 5
3 4 -7 5
2 1 7 5
1 0 56 1
0 2 83 0
5 1 -6 5
1 5 11 1
3 5 80 1
3 4 90 5
2 5 23 1
0 4 72 2
2 0 97 1
3 2 62 5
1 4 52 2
3 1 47 0
2 1 91 1
0 1 -8 0
1 4 99 0
