2 4 -9 0
3 2 77 0
2 1 34 2
3 0 50 4
3 0 15 0
3 2 13 3
1 5 29 2
3 1 2 5
4 4 63 5
0 3 53 3
0 4 87 0
1 5 49 1
1 3 70 0
5 3 60 5
5 2 87 3
0 1 -3 0
0 1 49 0
5 4 42 3
4 3 -1 3
5 5 70 3
1 3 65 1
0 2 47 2
3 3 7 3
5 4 81 2
0 4 80 2
3 0 2 1
4 4 88 1
3 5 15 0
0 0 -6 5
5 0 53 0
1 1 9 3
3 3 91 5
0 5 -4 0
3 2 73 0
4 3 36 2
1 2 52 1
3 0 37 4
5 5 92 4
2 1 28 4
1 4 60 2
5 0 4 0
4 5 95 2
2 2 44 0
4 0 62 3
2 4 95 0
2 0 67 0
5 5 19 4
2 2 69 3
1 0 20 3
0 1 36 3
0 5 36 0
3 4 43 4
4 3 75 5
4 5 11 5
5 0 85 0
5 4 65 1
2 0 41 4
2 5 85 0
4 1 2 4
3 1 33 3
1 0 24 0
2 1 92 2
0 2 3 3
0 4 24 4
0 2 5 2
0 0 32 2
3 3 98 2
0 3 42 1
4 4 18 4
0 1 47 3
1 5 6 0
0 1 97 3
5 0 28 5
0 5 73 0
5 0 74 1
4 0 58 2
4 4 -7 3
1 5 24 5
1 1 23 4
4 5 -3 0
4 3 6 5
4 4 25 5
2 4 97 4
4 4 88 4
1 5 5 1
4 0 70 0
3 1 95 1
0 0 59 2
1 3 76 2
0 2 11 5
3 5 49 4
1 2 35 3
0 5 41 4
1 4 19 3
0 0 59 0
5 3 88 4
1 5 1 5
4 0 43 5
0 0 94 4
3 3 18 2
5 4 100 3
3 2 8 3
1 3 27 1
3 0 8 5
4 4 -8 1
3 5 27 5
1 3 86 1
1 2 41 1
1 1 56 5
0 5 32 1
0 4 87 4
5 1 2 5
5 4 88 3
4 0 64 2
2 5 72 5
5 5 -6 4
2 0 45 2
0 1 90 5
2 2 -9 1
0 2 59 3
4 0 94 1
2 4 59 3
1 4 64 4
4 4 29 4
5 4 87 2
0 3 92 0
2 2 70 1
4 2 38 1
5 2 73 4
1 2 94 0
0 5 15 1
3 0 78 1
1 4 73 1
0 3 74 2
2 0 89 4
3 2 96 5
2 2 80 4
2 5 93 4
4 0 44 4
2 4 74 0
3 2 -7 3
3 1 75 3
1 3 -8 4
2 5 -5 0
2 3 20 5
0 5 76 2
4 5 60 0
3 4 24 2
1 4 3 2
0 4 39 2
0 1 19 2
2 1 17 3
3 1 52 3
1 3 12 2
0 2 51 5
4 3 95 4
2 5 46 5
4 3 -5 4
1 1 74 2
0 0 42 4
5 5 71 4
2 3 89 2
3 1 62 2
0 0 35 5
2 3 49 5
2 3 55 2
3 2 62 0
5 5 17 0
3 2 35 3
5 1 25 2
5 2 42 2
1 3 30 3
0 4 80 4
0 4 -5 2
1 5 26 1
5 2 21 1
0 3 27 1
0 3 57 3
1 1 17 2
0 2 52 3
4 3 -10 3
0 1 58 4
2 4 11 4
4 3 43 2
4 2 56 5
3 5 18 0
4 1 45 0
0 5 62 1
2 2 -2 0
4 2 57 2
2 2 54 2
0 3 4 0
3 3 93 3
1 2 78 1
3 2 37 2
0 3 44 4
0 2 21 0
1 2 43 1
1 5 57 2
3 0 42 1
5 5 19 4
5 1 45 4
2 5 76 1
2 0 88 3
5 0 40 2
4 3 99 3
5 4 82 1
3 0 -8 2
2 3 84 4
2 4 18 0
0 0 77 5
0 2 3 5
2 4 36 0
5 5 3 4
0 2 30 5
2 2 98 0
3 3 96 4
2 3 2 5
2 0 16 5
3 2 13 0
5 0 -10 3
2 0 61 2
0 5 -5 1
3 1 5 0
1 2 40 4
1 0 14 0
3 4 70 5
4 5 85 1
2 5 31 5
1 4 89 1
1 1 17 3
0 5 93 5
2 2 13 1
3 2 4 0
5 0 83 5
2 0 74 2
5 5 27 4
5 5 27 1
0 2 48 0
2 2 -8 5
2 5 50 2
2 3 20 0
5 0 37 0
3 1 77 1
3 2 50 5
5 0 18 2
5 4 81 1
1 5 75 4
3 3 60 3
1 2 10 1
3 2 12 3
0 5 39 3
4 5 55 0
0 4 93 3
3 5 33 0
1 5 62 3
2 2 11 2
1 5 -1 0
5 5 81 4
2 1 77 5
2 0 48 5
3 0 -6 3
2 4 94 4
1 5 -6 0
4 0 57 3
0 4 76 5
0 3 26 5
1 4 85 4
2 3 35 4
3 2 25 5
2 0 30 4
4 4 69 1
3 2 77 0
3 0 94 4
2 5 -3 5
0 5 58 0
0 0 36 4
2 0 1 5
3 0 4 5
0 5 86 1
1 1 73 5
5 0 41 3
3 5 78 2
2 1 45 0
5 4 49 1
4 4 50 5
4 3 77 4
2 4 32 3
2 1 93 1
2 4 96 4
3 1 45 1
1 0 20 3
5 0 73 4
1 0 -5 4
0 0 40 3
5 5 -8 3
2 4 60 3
2 1 48 5
5 5 64 0
1 1 95 0
3 5 3 0
5 1 18 2
3 4 46 1
5 4 6 0
5 2 -6 1
5 4 5 0
1 5 20 2
4 2 77 5
3 4 39 1
4 2 -7 4
4 2 48 1
4 0 94 3
3 4 30 5
2 0 78 2
1 3 79 1
3 0 67 3
0 1 62 3
4 2 32 3
3 3 75 0
1 0 77 3
5 0 -3 2
4 3 52 0
5 2 75 3
2 0 99 1
0 2 42 5
3 0 70 5
5 0 53 2
5 5 78 5
1 1 40 4
0 4 7 1
5 1 -8 5
4 3 49 4
2 4 40 4
2 3 70 1
4 2 31 4
5 1 6 5
5 2 50 4
4 0 97 4
5 5 61 4
4 5 40 1
5 4 55 2
0 5 7 1
1 2 67 1
3 3 46 4
0 4 49 3
4 4 73 2
3 0 64 0
2 3 37 2
1 3 43 3
4 0 -4 2
0 1 1 4
3 1 13 5
5 3 96 4
5 5 27 1
1 4 -5 3
4 0 31 1
0 0 21 0
2 2 -8 4
1 4 99 1
0 3 58 5
2 0 43 4
3 4 -6 5
5 3 76 5
1 4 94 2
1 0 25 1
5 2 3 0
1 4 39 0
0 1 68 1
4 1 90 1
3 4 25 0
5 4 74 3
4 1 67 3
5 0 71 4
3 1 16 5
1 1 -10 3
3 5 47 1
4 5 79 5
2 3 -4 0
0 5 29 1
1 4 -9 2
0 3 46 5
4 1 -9 4
3 4 -2 1
0 3 5 4
2 3 59 0
2 2 18 5
3 1 7 3
3 1 99 0
2 1 95 2
0 0 14 2
1 2 52 5
4 3 31 5
5 2 9 4
5 2 64 0
1 2 32 2
3 4 25 4
4 2 67 0
2 2 93 2
2 1 18 3
0 5 17 4
1 1 6 0
0 5 92 3
0 3 -5 4
2 4 10 2
2 3 88 3
3 3 70 2
2 1 49 1
1 1 54 2
1 3 55 0
1 3 85 5
0 2 72 4
0 0 97 2
5 3 40 3
4 1 48 3
3 4 98 0
2 3 47 1
0 4 11 4
0 1 83 3
4 4 34 5
1 3 -5 1
4 1 62 2
5 5 94 3
2 3 68 5
4 2 90 5
5 3 31 4
5 2 5 4
2 0 22 0
3 5 82 1
2 1 39 4
0 4 2 4
5 1 96 3
0 0 36 2
0 4 77 3
2 4 73 5
3 5 93 5
5 0 7 0
2 5 70 2
0 5 4 2
2 1 33 0
5 3 -7 4
1 4 20 0
2 4 62 0
0 4 96 1
2 1 8 2
2 5 3 3
2 0 70 3
5 4 11 0
1 4 41 1
3 4 45 0
5 2 73 2
2 0 82 1
4 2 73 3
3 4 96 4
1 5 71 2
3 2 58 2
3 3 62 5
1 5 86 0
1 5 66 4
1 4 54 1
1 2 -2 5
3 3 54 5
1 4 33 3
4 2 46 0
1 3 81 3
1 1 74 5
2 3 14 5
2 0 22 1
2 5 59 1
4 3 94 3
2 3 0 4
4 1 -4 5
1 1 3 4
4 0 62 4
5 1 80 3
2 5 55 2
2 1 15 0
5 3 65 5
5 5 73 3
3 1 95 1
3 0 75 4
3 2 52 1
5 1 92 1
1 0 58 1
1 0 73 2
4 0 65 5
1 2 5 2
0 5 12 3
1 3 25 3
2 2 63 1
5 2 -1 2
3 1 31 3
0 4 85 2
4 2 48 2
3 2 10 2
3 5 25 1
0 0 10 1
1 1 73 5
0 1 59 1
1 4 60 3
1 2 19 4
2 3 32 0
2 1 71 1
5 4 79 0
3 4 35 5
0 1 71 0
1 4 100 4
0 1 69 4
0 2 96 1
3 2 65 2
3 2 -1 1
3 4 19 2
5 2 99 4
5 3 1 3
5 2 40 1
0 0 97 1
3 4 99 0
0 3 50 4
0 2 95 5
5 5 72 4
3 2 27 5
4 3 -3 0
4 5 27 1
3 3 50 3
5 5 55 4
0 2 100 2
0 2 9 3
4 0 84 2
2 4 31 3
1 5 78 3
0 3 15 4
3 5 77 2
3 5 98 5
0 5 20 2
5 0 27 4
0 3 60 1
2 2 57 1
3 5 5 0
1 2 -10 4
4 2 -1 1
5 5 52 3
0 1 95 3
5 4 32 4
2 4 36 4
4 4 49 3
5 4 -5 1
3 4 67 0
5 0 96 3
5 5 67 4
2 5 10 0
3 3 -1 3
0 0 71 4
4 1 42 3
0 1 79 4
3 5 -6 2
1 0 43 4
1 4 1 3
0 5 28 4
0 4 20 1
0 3 46 2
0 1 53 1
4 5 18 4
1 2 39 3
3 2 -4 4
3 2 13 5
3 4 77 1
3 5 18 3
4 2 32 5
3 5 54 5
4 2 7 1
2 1 79 0
4 0 98 0
5 2 91 1
5 3 -3 0
0 3 4 4
5 0 66 2
2 4 2 3
0 2 -6 4
5 3 -3 1
3 3 74 2
1 0 -1 1
0 5 52 5
5 3 39 5
4 3 -9 3
5 4 41 2
3 3 2 2
0 4 3 5
2 0 85 5
2 3 3 5
1 5 78 2
2 1 89 0
4 2 61 1
3 5 96 5
3 4 55 1
2 4 72 4
0 4 98 3
4 5 30 3
1 0 14 1
4 1 5 3
5 0 89 5
4 1 78 5
0 2 96 2
3 1 83 3
3 3 59 1
4 4 35 4
5 3 71 4
0 1 96 2
3 2 10 4
4 1 90 0
1 3 20 2
4 5 90 2
5 2 86 1
5 5 8 2
2 2 -2 3
4 1 6 2
0 1 62 1
0 5 37 3
4 1 81 1
4 4 27 1
0 2 83 4
2 4 -9 5
1 4 76 4
1 0 65 4
4 4 69 2
5 4 48 5
3 2 88 1
0 1 47 2
1 0 31 2
1 4 63 0
0 5 58 4
4 2 47 3
4 5 6 2
2 3 52 3
0 2 58 4
2 3 55 2
0 2 3 3
2 5 76 0
1 5 55 0
2 0 60 0
4 0 52 2
4 1 82 1
4 2 45 0
0 2 58 4
0 5 55 1
4 3 32 2
1 5 50 0
0 3 23 4
3 0 83 3
1 1 47 3
2 3 28 4
4 1 44 1
5 0 53 5
2 4 90 0
5 1 53 3
0 5 77 3
1 1 22 5
3 0 76 4
5 0 5 5
1 3 67 1
1 5 97 2
4 2 61 5
3 5 89 2
4 5 81 0
1 2 63 5
0 0 51 0
4 4 56 4
0 4 29 5
2 4 5 5
4 1 18 3
4 0 14 0
0 1 44 3
1 4 85 2
2 5 66 4
4 4 78 5
5 0 96 1
0 3 19 4
0 2 13 2
4 2 20 2
3 0 97 2
4 5 52 2
3 0 47 1
1 3 33 2
3 0 4 3
4 5 28 3
0 0 -7 4
5 4 30 3
4 1 -2 1
1 4 48 2
3 4 91 3
3 4 65 5
5 3 37 3
3 1 88 5
3 4 43 4
5 2 -8 3
3 2 67 3
4 3 24 5
3 5 50 4
2 4 67 2
3 1 89 5
4 3 76 0
3 4 59 5
5 3 45 4
0 5 19 0
5 0 53 4
2 1 18 2
0 1 74 1
4 0 48 4
4 1 89 2
4 5 86 3
3 2 25 5
2 3 75 4
0 1 0 3
3 5 13 0
4 3 60 5
1 1 -4 1
1 3 14 1
3 0 39 1
1 2 57 3
0 2 25 0
1 5 32 0
3 2 55 0
0 0 -10 0
0 1 34 0
5 3 15 3
5 0 -10 5
2 0 45 3
4 0 43 1
1 4 70 3
1 4 46 3
4 5 -2 1
0 3 21 1
2 1 51 5
3 0 98 3
5 2 -7 2
0 4 6 0
1 1 96 5
3 3 86 5
4 5 28 2
3 1 47 3
2 5 74 0
4 3 78 2
5 3 25 3
0 3 17 1
4 4 80 0
2 0 55 0
0 1 -7 5
1 3 10 3
1 2 53 4
0 5 78 1
4 2 96 1
1 3 73 3
3 5 3 0
3 3 76 3
0 5 1 1
3 1 55 3
3 2 23 0
3 0 52 3
3 5 89 5
3 3 98 5
5 3 96 2
0 0 45 4
4 4 94 3
5 0 74 0
3 3 92 4
3 0 12 5
0 5 -4 1
0 1 88 3
0 2 4 0
3 5 71 2
1 0 4 0
2 1 59 3
3 3 68 3
2 1 29 2
3 3 49 0
2 3 42 4
2 4 98 1
4 2 28 1
5 1 -5 0
0 3 35 4
5 5 61 3
0 3 5 2
3 3 76 1
1 1 38 2
2 5 4 2
4 4 58 1
5 3 -4 0
4 2 29 5
3 1 77 2
5 2 95 0
2 4 72 5
0 3 67 1
5 4 76 3
2 1 98 0
1 3 62 3
2 5 88 0
4 1 -5 3
5 0 70 3
5 3 60 5
2 1 -8 3
0 4 72 4
2 0 97 1
3 5 41 2
5 3 50 2
5 4 54 1
3 0 76 4
2 4 62 3
4 4 -1 3
0 4 86 1
3 5 88 0
5 0 42 5
5 5 -3 0
1 4 23 0
3 4 17 4
4 3 73 0
0 5 85 1
5 1 -8 0
1 1 7 3
2 3 -6 0
4 0 25 5
5 5 82 2
3 1 54 1
5 3 74 0
1 3 40 2
4 3 21 1
4 2 2 0
2 0 12 1
0 0 73 4
2 5 77 3
4 4 57 2
5 0 98 5
0 4 42 5
4 2 80 1
3 3 26 1
3 2 96 5
5 1 91 4
5 4 -3 3
3 2 8 5
2 4 77 2
1 2 75 3
2 4 38 5
1 1 4 4
4 4 56 4
1 4 56 4
2 2 50 3
4 2 93 2
4 3 0 4
3 2 1 1
3 5 -10 4
3 0 79 2
5 2 26 4
4 5 33 0
5 3 13 1
2 4 99 0
5 5 29 2
3 3 38 4
1 3 51 3
3 2 49 2
3 3 9 3
2 2 92 2
0 5 8 1
4 3 86 0
3 2 41 2
5 5 12 0
5 0 57 4
1 0 8 3
3 0 39 0
1 3 -8 2
0 1 14 0
3 1 7 0
0 4 13 3
1 3 44 0
5 2 89 2
2 1 -9 5
0 1 58 0
3 5 91 4
4 5 86 5
4 4 43 1
4 3 91 0
5 0 46 2
4 1 35 3
0 5 8 1
1 2 56 3
3 1 45 3
1 5 68 0
5 2 4 3
2 5 7 5
0 3 -5 2
5 4 89 2
5 5 52 5
3 2 48 0
4 3 78 2
2 2 -3 0
0 1 33 2
3 2 53 4
0 0 6 2
4 4 62 0
2 4 39 3
5 0 19 5
1 1 23 2
1 2 10 4
3 3 45 3
0 5 -1 4
4 4 66 1
2 4 28 4
0 5 7 5
0 0 41 0
0 5 60 2
1 4 9 5
3 5 6 0
1 1 97 5
5 3 57 3
5 2 8 5
0 4 86 3
5 3 41 5
5 0 95 4
3 3 88 0
5 2 99 1
2 4 71 5
1 3 86 0
4 5 39 0
5 0 85 5
0 0 97 4
1 3 80 4
5 2 29 5
4 1 93 1
3 1 63 0
1 2 38 1
2 2 24 4
3 4 29 3
3 0 -8 3
1 2 10 5
4 2 60 3
3 3 40 2
1 4 64 3
2 5 54 1
2 0 61 5
1 0 71 3
5 2 5 5
2 1 89 5
1 5 4 0
0 2 19 2
1 0 43 3
0 4 49 2
4 2 34 0
1 4 83 3
5 4 -6 4
4 4 88 1
2 5 4 3
4 1 81 1
0 2 11 3
4 3 11 4
1 0 14 0
1 0 29 3
2 3 54 5
4 1 80 0
0 5 74 2
3 4 34 2
3 0 76 4
0 3 77 5
4 0 40 0
2 3 85 0
4 3 9 5
3 4 62 5
0 3 58 1
2 3 34 1
4 5 37 5
4 3 36 2
3 1 42 3
0 4 24 4
2 4 85 1
0 0 54 0
5 4 88 3
5 3 85 4
0 1 63 2
0 3 39 5
0 1 50 4
0 3 96 0
4 1 92 5
5 2 47 0
0 1 36 4
5 5 98 3
2 1 26 3
3 2 53 2
2 2 13 3
4 1 67 2
5 1 1 1
5 2 7 5
4 2 76 5
0 0 41 3
0 2 62 1
5 3 78 0
3 1 55 3
4 4 9 1
3 1 0 3
2 4 78 5
2 4 19 2
1 3 22 1
5 0 17 0
2 1 10 4
1 1 5 1
4 1 63 3
