0 0 74 3
3 2 94 3
3 4 21 1
5 0 63 2
0 1 38 0
5 0 44 1
3 5 87 0
3 5 48 5
5 1 97 2
4 0 67 3
5 1 62 5
3 0 87 1
3 4 79 0
4 3 28 0
1 4 -10 1
4 1 71 3
0 3 91 2
4 3 5 1
4 4 -8 5
5 3 23 0
5 3 -3 3
3 1 86 1
4 3 84 1
2 0 43 2
2 4 45 3
5 4 79 2
0 5 1 2
0 4 64 3
0 1 58 2
5 1 49 3
4 4 -8 5
2 4 78 4
2 0 95 1
1 1 39 0
3 4 28 0
5 2 65 5
0 4 29 5
5 0 29 1
0 1 43 0
4 0 43 2
5 4 24 4
0 3 39 5
2 5 24 3
2 4 53 1
3 0 10 2
5 0 -10 1
5 4 -2 2
4 0 54 0
4 1 -3 5
5 5 -4 0
3 5 27 3
1 4 27 2
1 4 4 2
4 3 27 1
0 2 58 0
0 5 7 2
3 1 49 1
4 4 38 2
4 5 15 2
4 2 53 4
2 5 83 2
2 4 30 4
0 3 13 0
3 4 54 4
2 3 22 0
0 4 86 4
2 3 71 5
2 2 25 2
4 4 20 5
5 4 88 3
0 0 50 2
1 0 51 0
3 0 40 0
5 4 30 4
1 0 18 4
2 2 1 0
4 2 20 0
2 4 70 5
3 0 42 1
5 4 91 4
4 4 5 1
3 3 100 0
5 0 76 1
0 1 -10 2
5 1 12 5
3 0 -6 5
1 3 37 5
1 3 94 0
0 4 40 5
1 0 12 2
0 0 55 0
5 0 -10 3
0 4 71 2
5 0 -1 1
2 3 60 0
1 4 38 4
4 5 12 2
0 2 67 1
1 4 17 0
5 1 21 3
1 1 40 1
2 3 22 4
4 3 91 4
2 3 64 5
0 0 60 3
5 5 19 5
4 1 37 0
2 5 1 4
3 5 16 0
5 5 96 3
0 4 52 3
1 2 70 2
1 1 75 5
1 2 6 4
1 5 27 1
0 1 91 1
0 2 35 1
1 5 82 5
2 0 82 3
0 1 74 1
2 2 45 4
3 3 92 2
1 3 79 3
1 3 -2 5
1 1 24 4
2 5 2 1
5 3 88 1
4 5 25 4
1 0 14 5
5 2 89 2
4 3 31 1
3 1 26 2
2 0 31 2
3 5 24 4
0 2 21 0
0 3 -4 0
3 0 28 3
0 1 5 0
3 5 30 2
5 2 4 3
2 2 80 2
0 1 27 4
4 0 49 4
4 2 33 2
1 3 77 2
5 2 38 3
3 1 19 1
0 2 12 1
4 2 79 5
5 0 83 3
4 5 28 0
5 4 78 5
5 4 28 2
2 0 -7 1
2 5 75 3
5 3 3 4
5 2 24 2
5 2 72 4
1 3 98 2
4 0 -4 5
1 2 77 5
1 5 52 3
3 4 63 4
3 3 3 0
5 1 50 0
3 5 35 4
0 4 68 1
2 2 42 0
0 2 31 1
2 0 0 1
5 3 28 5
3 5 83 2
3 4 91 4
1 4 64 1
0 1 59 5
0 1 44 3
0 4 76 3
3 1 29 2
4 4 1 3
2 3 89 0
5 5 44 5
3 5 6 2
5 5 -4 0
5 0 13 5
3 5 41 5
0 0 64 2
1 5 16 2
0 4 31 4
2 0 83 5
0 3 94 1
2 4 58 3
0 5 37 1
4 1 26 4
0 4 47 3
4 4 46 4
0 3 98 0
5 1 50 4
5 4 74 5
1 1 10 0
5 4 13 3
2 3 100 0
0 2 58 2
3 3 16 2
5 5 56 4
4 4 28 5
2 5 94 4
1 3 47 2
2 3 24 5
2 2 54 4
2 1 98 2
0 0 46 5
1 4 -1 3
5 5 96 1
1 0 28 4
5 4 5 5
2 3 43 4
1 1 67 1
3 1 31 5
3 1 84 3
4 3 92 3
5 4 54 1
1 2 44 2
3 0 53 4
0 0 35 4
0 4 59 3
4 3 33 1
1 1 98 4
5 3 55 0
2 0 -9 0
1 1 9 3
1 3 84 1
2 3 45 3
2 0 43 2
4 0 68 1
3 1 62 4
2 0 73 1
3 1 -3 5
4 5 -9 3
3 2 -3 1
0 1 68 0
0 1 77 2
3 3 11 3
5 2 98 5
5 4 43 0
1 1 6 0
4 3 58 1
0 2 66 2
5 5 60 3
0 0 50 4
3 3 43 5
5 4 71 4
0 3 39 5
5 4 31 5
1 2 53 4
4 1 92 2
3 1 23 1
2 3 97 2
5 1 -8 4
3 2 36 2
4 0 68 4
4 3 -1 3
3 5 -2 0
2 3 15 0
1 0 92 2
3 0 30 5
0 5 99 2
0 3 47 0
2 2 100 4
4 1 27 1
1 4 6 5
1 5 31 0
4 2 42 5
0 1 18 0
1 1 53 2
5 5 33 4
1 4 57 2
0 4 30 4
3 5 44 3
4 3 88 5
0 3 95 0
1 5 3 0
4 2 66 0
1 1 21 3
5 2 39 3
1 0 55 0
3 5 45 1
0 5 26 1
2 3 39 2
2 5 0 1
0 4 100 4
3 3 63 3
5 4 87 5
5 1 85 4
5 5 90 1
2 1 71 1
2 1 79 5
2 3 49 0
0 3 33 5
4 5 30 4
4 1 63 1
3 3 67 1
4 4 89 1
3 2 20 3
4 3 37 4
1 2 39 3
5 3 20 0
3 3 55 3
2 3 7 4
5 3 11 1
1 5 65 2
3 4 7 1
4 5 62 3
5 2 92 2
2 5 42 4
2 5 21 5
2 1 73 3
0 5 -2 2
5 3 -4 2
4 3 18 2
5 2 81 3
2 2 92 2
3 1 81 3
3 0 78 0
3 4 42 5
3 3 36 2
3 3 14 0
1 0 24 0
3 4 34 1
1 1 61 5
2 2 18 0
0 1 71 0
0 4 56 5
0 2 51 4
4 4 -1 2
0 1 84 2
2 3 66 1
3 2 73 2
2 4 85 2
2 2 93 1
5 3 61 0
4 2 60 1
3 1 43 2
3 5 54 1
5 2 75 1
2 4 68 5
0 5 8 1
3 5 37 4
0 3 15 3
0 5 71 2
5 4 41 5
5 2 -2 2
1 5 38 0
5 2 13 1
3 3 -9 4
3 4 30 2
1 4 45 3
4 3 12 1
5 4 34 1
1 2 32 5
4 1 73 3
4 4 21 0
2 5 8 4
4 5 44 1
1 4 83 1
2 5 0 1
5 0 88 0
3 2 38 4
3 4 8 0
2 2 13 0
3 3 63 3
0 3 56 2
2 2 30 1
1 2 36 3
1 0 50 0
2 3 8 2
3 2 79 0
3 1 40 1
5 4 31 5
4 2 7 5
5 4 94 5
0 1 31 5
4 4 83 5
3 1 10 1
4 5 33 4
4 3 45 4
2 0 73 3
4 4 55 0
0 0 67 4
0 4 20 5
5 0 89 0
5 4 18 3
4 0 40 3
5 4 -6 1
5 2 63 5
4 1 56 4
1 2 46 2
1 5 -5 1
0 2 43 2
5 2 91 4
4 1 5 2
3 2 84 5
0 4 80 5
0 3 38 0
3 0 -6 0
5 2 -2 2
1 1 56 4
4 5 74 2
2 4 91 3
1 4 72 5
5 1 3 3
5 2 99 1
4 0 24 0
2 0 6 0
2 2 -2 4
4 5 21 4
2 5 66 0
0 4 93 3
1 3 31 1
2 2 98 2
2 1 1 3
0 3 46 0
2 2 45 2
5 4 41 3
0 0 69 4
4 1 77 3
3 4 35 4
4 4 -2 1
0 3 82 0
0 2 13 0
2 1 19 2
0 2 6 3
2 5 67 2
5 3 34 2
4 1 51 5
4 1 1 1
2 1 -7 1
2 0 27 3
0 0 9 2
5 0 -8 5
1 3 16 5
3 5 76 5
4 3 10 1
0 4 15 2
1 3 48 2
0 2 30 3
0 0 23 3
1 1 49 4
5 1 67 1
4 5 0 4
1 4 18 5
0 4 49 4
3 1 11 4
5 3 85 5
3 3 85 0
3 5 -7 5
1 4 91 3
4 1 58 3
2 2 62 3
1 5 50 4
0 2 96 0
3 5 32 5
3 1 95 3
0 5 41 2
2 0 69 1
2 3 -8 3
3 3 90 2
5 4 97 1
1 0 27 5
1 3 92 5
0 3 30 4
4 3 46 2
5 1 84 0
1 4 22 2
0 1 89 3
1 5 15 0
4 5 36 2
1 2 -1 5
1 4 41 5
5 5 29 2
1 5 -7 3
2 2 8 3
2 0 45 3
2 4 22 3
2 4 14 5
1 4 22 5
5 1 52 2
3 1 94 2
5 4 49 3
3 4 10 4
5 0 -1 2
4 5 34 4
5 1 68 2
3 1 77 1
1 4 27 0
3 2 12 4
0 4 4 4
1 4 -5 1
0 3 56 0
3 2 11 1
0 3 63 4
0 0 30 4
4 4 34 4
5 2 59 4
4 5 11 0
1 1 83 2
4 2 -9 3
3 3 -7 2
4 2 73 3
0 5 77 5
0 1 14 0
5 1 14 4
2 5 63 3
3 3 95 5
1 4 38 5
2 0 85 4
4 2 -6 0
1 0 33 5
5 0 0 2
3 3 91 1
4 3 35 0
5 1 62 1
3 3 -2 2
1 2 93 4
5 1 4 5
5 4 80 2
5 3 29 0
3 3 75 0
4 0 89 4
1 1 2 4
0 0 94 1
5 4 99 0
3 3 56 1
5 5 30 3
5 3 56 5
3 5 30 3
1 3 24 5
1 0 80 1
1 5 31 2
1 0 42 3
5 5 -7 3
4 4 24 3
3 0 54 5
4 1 46 1
5 5 44 4
1 2 -9 2
0 1 95 2
0 3 96 0
5 0 33 4
3 3 7 3
0 2 -9 0
4 4 47 2
1 1 43 4
1 5 35 2
2 1 80 0
4 3 64 5
1 1 87 1
3 5 58 4
4 1 74 3
1 3 41 3
2 3 74 4
5 2 78 5
2 3 92 1
0 5 84 0
5 1 -8 4
3 0 50 1
4 4 0 2
5 5 17 5
0 1 63 1
2 5 20 3
0 3 46 2
4 4 52 2
1 3 21 4
0 5 28 0
2 2 0 2
4 2 96 0
1 4 99 4
4 1 17 1
2 5 20 5
2 0 87 1
2 0 13 5
4 3 99 0
4 2 85 5
5 5 78 2
0 5 97 5
0 4 23 0
1 2 -7 0
4 5 63 4
5 0 62 3
3 1 48 3
0 0 42 0
1 2 -9 0
3 3 6 0
1 0 27 3
0 1 53 3
3 2 2 5
3 3 67 1
3 5 61 3
0 0 99 2
2 4 55 1
2 3 38 5
0 1 70 4
1 4 61 1
3 1 2 4
2 0 71 4
5 2 14 2
3 5 30 3
3 2 84 4
1 3 54 0
0 1 67 3
2 1 25 2
5 4 -1 1
4 1 18 5
4 4 90 3
1 4 8 1
4 4 -5 5
5 3 34 2
2 5 90 2
4 0 -3 2
4 5 80 3
3 4 7 5
5 0 25 1
5 1 76 2
0 3 1 4
0 1 0 1
1 3 35 5
5 1 22 3
0 2 24 1
1 5 17 0
1 1 61 2
1 4 41 2
1 1 83 5
5 3 62 2
4 0 -4 5
4 2 13 2
2 0 -2 2
2 1 69 0
1 4 56 5
5 1 94 2
1 1 89 1
4 4 16 2
2 2 42 4
4 1 75 3
2 2 70 2
5 3 71 4
5 4 31 1
1 0 73 3
2 0 80 1
2 0 1 5
5 1 84 1
4 1 69 4
3 1 84 1
5 0 31 3
5 0 54 1
0 2 80 3
2 5 7 1
0 3 -7 2
2 2 85 0
4 3 -9 3
0 3 82 3
2 1 67 3
1 1 84 1
2 2 18 3
3 1 93 4
0 2 7 2
2 3 57 2
1 0 83 0
0 3 86 1
0 3 65 4
2 1 35 0
3 4 83 2
4 0 -7 4
5 0 21 2
1 5 60 4
2 2 47 1
3 1 42 1
2 4 98 4
2 1 32 1
3 5 7 5
3 2 8 0
1 4 51 5
0 4 0 3
2 3 9 5
3 4 29 4
3 2 39 0
5 0 48 0
0 1 72 4
5 4 4 4
3 1 92 2
5 2 0 3
4 4 0 4
5 0 15 0
0 2 54 4
3 3 80 4
3 1 6 3
2 5 11 4
5 0 37 4
5 0 2 5
3 1 85 0
5 0 -4 2
1 2 79 3
3 4 96 1
0 3 20 0
1 1 19 2
1 5 56 0
4 5 50 3
3 0 -5 0
0 3 69 0
5 3 -4 0
1 0 29 4
0 4 34 1
2 5 -3 0
4 2 49 5
1 4 68 4
4 2 14 3
1 3 62 5
0 0 30 5
3 0 26 5
1 5 28 4
3 4 98 3
2 2 -9 0
3 3 97 2
4 3 95 0
1 5 75 3
3 4 60 0
1 0 61 1
2 4 81 0
3 5 63 3
3 1 58 5
3 2 43 0
0 2 13 3
2 5 21 3
5 0 4 4
4 2 80 4
5 5 39 4
1 5 2 1
3 2 56 0
5 2 19 4
1 4 97 0
4 3 51 2
2 1 16 2
5 3 5 5
3 5 79 0
1 3 58 0
0 0 -2 2
3 3 58 4
4 5 37 5
3 2 -3 5
4 2 29 4
2 0 12 5
5 4 99 0
1 4 50 3
4 2 13 5
3 5 81 1
1 5 78 2
1 4 4 5
2 2 23 2
2 2 17 2
3 2 91 1
2 3 41 1
1 0 30 2
3 0 18 5
4 0 55 4
0 2 45 0
0 1 58 0
3 3 62 3
4 3 99 0
2 5 70 0
5 5 -4 3
2 5 87 2
0 4 88 1
1 0 61 2
4 2 5 5
0 2 61 3
5 1 17 2
5 5 78 1
4 4 20 3
5 0 46 1
1 5 46 0
3 1 80 5
2 4 7 3
0 3 85 3
4 4 16 5
3 4 62 0
2 4 64 2
5 0 16 5
2 3 34 2
3 4 74 0
0 2 46 5
3 3 56 3
4 4 19 3
0 2 -5 0
3 3 42 1
1 0 74 4
3 0 -10 4
3 1 40 0
5 4 99 0
2 5 83 4
0 2 5 5
3 4 97 5
4 0 56 1
0 2 93 1
5 3 31 3
4 2 60 0
3 4 46 2
2 5 84 0
3 3 60 3
1 4 -1 5
0 4 90 0
3 5 30 5
1 1 -8 5
2 3 11 3
4 3 5 1
5 5 40 3
1 2 54 2
1 1 14 5
3 5 -10 3
1 4 81 1
2 2 65 5
2 3 67 4
0 3 35 4
0 5 53 0
0 2 26 3
3 0 14 5
5 3 11 0
5 0 90 5
1 1 90 1
2 1 -2 2
0 0 30 2
2 4 51 1
4 3 92 3
3 2 21 2
4 3 32 5
2 0 43 2
3 4 -2 1
2 0 4 5
2 5 17 5
2 1 71 4
5 4 80 5
3 0 6 4
0 2 29 1
5 0 98 2
5 2 98 1
1 4 42 0
5 4 37 1
4 5 29 2
1 0 27 0
3 3 15 1
3 3 4 2
2 4 1 4
5 1 45 1
2 1 36 1
3 1 3 4
0 5 32 3
0 1 23 1
5 3 -2 5
4 0 72 5
2 5 73 4
5 1 94 3
0 0 64 2
4 1 -3 5
1 3 -9 4
1 5 0 2
2 1 -8 4
0 3 8 1
0 0 97 1
0 0 89 4
2 0 28 5
3 3 -2 0
5 1 56 1
5 0 54 0
5 0 60 5
2 2 91 1
1 0 40 5
1 0 71 1
3 1 27 5
0 1 43 4
3 5 21 1
3 4 67 3
4 0 47 1
3 2 14 1
2 4 16 4
0 5 -5 2
1 2 18 0
3 0 14 4
5 2 51 3
2 4 27 0
5 1 85 0
2 5 88 1
3 1 80 0
5 5 35 3
2 2 4 5
1 1 -8 1
5 2 28 3
1 2 13 4
0 5 86 0
4 1 -8 3
3 3 30 1
0 0 4 1
2 4 23 1
1 3 34 4
1 2 62 1
2 5 22 0
1 1 48 4
2 5 97 5
2 4 59 5
3 5 96 3
5 2 52 2
5 1 43 3
5 1 85 2
4 4 80 5
4 0 43 1
0 3 3 3
3 2 13 0
3 0 16 0
5 1 85 5
2 3 75 4
2 0 9 2
1 5 44 2
5 4 11 1
5 4 -2 0
4 1 68 2
4 1 24 0
5 1 57 4
0 3 52 0
1 2 4 0
2 4 83 3
5 5 53 5
0 1 79 2
5 4 73 5
3 4 28 2
0 5 88 1
4 2 50 3
3 4 84 1
3 3 58 0
2 1 45 2
5 0 52 5
1 5 44 0
0 2 13 0
1 1 8 1
2 3 54 0
4 4 80 1
0 1 18 0
3 1 56 5
4 2 6 1
5 1 98 3
2 1 64 0
0 1 28 0
2 5 38 3
3 1 -5 5
0 0 55 5
0 1 89 3
1 4 64 0
4 2 78 5
2 1 90 0
1 0 67 0
1 0 3 0
2 1 44 1
4 1 44 3
4 1 -1 0
5 4 89 5
1 1 8 0
5 5 4 4
5 3 12 5
5 3 80 4
2 0 16 3
1 3 56 4
5 0 37 0
0 1 -10 4
2 2 93 0
0 0 0 3
0 0 98 5
4 5 9 0
0 0 48 3
4 2 97 5
5 2 86 3
2 5 89 5
4 0 68 5
3 0 72 3
1 3 18 3
0 5 34 2
5 5 71 0
3 5 15 1
2 0 61 1
3 2 90 3
4 2 84 3
0 1 33 4
2 1 31 1
3 0 73 1
5 1 64 0
0 5 16 3
0 3 64 0
4 5 13 4
2 4 90 4
1 5 89 5
0 1 15 4
5 1 32 0
3 4 -6 1
3 3 99 2
5 2 58 4
1 1 53 1
