3 3 22.3497 2
3 5 -0.4249 5
0 0 62.5355 2
0 5 23.7641 5
4 0 14.4719 1
2 1 20.1134 5
0 0 90.41 4
5 1 15.058 4
4 3 37.4543 2
3 5 12.6672 0
0 2 58.637 0
0 4 91.1788 1
4 0 92.0275 3
3 0 30.7385 2
0 2 36.483 2
5 4 64.6236 4
0 1 45.1646 4
3 5 40.1243 5
0 2 13.6037 2
5 4 7.0478 3
0 3 4.7405 2
1 1 23.8112 3
1 0 1.6302 5
1 3 88.9904 4
4 4 17.6956 4
3 0 14.4641 4
5 0 72.6624 5
3 3 -0.4929 5
4 4 99.2393 3
2 3 98.356 1
5 3 18.3841 2
2 4 49.1387 5
3 2 91.6778 3
3 0 50.7458 2
3 0 75.9144 3
2 2 35.2878 3
5 3 33.6752 1
3 0 38.9826 2
1 1 83.6191 3
4 0 73.0361 5
0 1 78.6289 0
2 2 39.2282 4
3 4 59.359 4
4 0 31.8771 4
1 2 28.3606 2
1 1 -0.6165 5
5 5 -7.0461 3
2 3 63.1844 4
3 3 52.0137 4
1 3 19.4327 5
4 5 69.0515 2
3 1 73.9572 4
2 2 58.9021 0
2 5 76.0587 0
0 2 2.007 5
1 5 42.577 4
3 4 12.1427 4
4 4 38.799 2
0 5 52.2205 1
2 2 55.785 0
2 3 36.333 5
1 5 37.3116 4
3 0 60.8029 4
5 2 45.0614 1
1 0 8.4364 3
4 3 99.1989 5
0 3 52.5824 4
2 2 23.5429 4
2 5 69.1398 2
2 3 27.5467 2
2 4 5.8648 1
4 5 80.895 1
2 5 88.859 4
1 3 36.4389 5
2 3 94.3022 2
5 0 44.893 5
4 3 62.2837 1
4 3 -0.0636 3
4 0 5.1429 2
0 2 11.3569 2
3 0 39.0017 3
5 2 -9.2291 5
4 0 50.8429 4
1 1 87.2479 2
4 1 99.8333 5
0 3 88.2312 3
0 5 93.9848 3
0 5 -9.2606 3
5 4 1.9854 1
5 1 44.4034 2
3 0 74.5622 3
4 0 48.1927 0
2 3 2.6537 1
5 3 11.3521 4
3 0 -0.7243 5
1 0 80.6965 2
3 1 75.5113 3
5 5 4.154 2
1 0 30.902 0
3 4 49.917 4
4 1 78.803 2
2 5 25.2351 1
4 5 53.4287 2
4 2 66.2955 4
4 2 59.817 4
4 1 41.1857 4
0 1 30.0404 1
1 5 12.2412 4
0 0 29.5562 4
0 3 68.317 3
3 5 64.5653 4
1 3 70.0019 2
0 5 90.4447 2
1 1 24.846 1
0 0 60.0171 5
1 1 23.0005 1
4 3 72.1264 1
4 5 71.1966 3
3 4 92.3102 3
4 5 20.4848 1
3 1 67.4442 3
1 3 54.5732 0
0 4 -4.7676 4
2 2 65.4937 4
4 1 24.7614 0
4 0 61.6856 2
0 3 17.6618 3
2 4 23.7532 0
1 4 59.2633 2
5 5 12.4946 2
5 1 6.294 2
3 5 6.5688 5
3 3 5.8935 0
1 5 67.3211 5
3 3 53.0107 0
1 2 83.172 0
5 2 19.5635 4
2 1 88.9572 1
4 3 74.9344 0
3 0 76.2582 1
2 5 3.2146 1
1 2 95.3738 0
1 1 15.1844 1
3 0 14.344 2
4 4 85.5515 1
1 1 91.3456 0
4 5 88.8712 4
1 1 20.964 3
1 0 72.6038 2
2 1 61.0243 2
4 2 41.0321 3
3 3 90.7158 2
5 3 7.5263 0
4 1 74.0317 5
5 1 -3.2794 2
2 3 7.324 2
0 5 60.9453 0
3 5 82.2718 4
4 1 31.7966 0
5 2 7.9233 1
3 4 96.5473 3
4 3 42.4288 1
0 0 39.2998 0
4 5 -7.2936 3
2 2 8.0123 4
5 4 1.4534 5
0 5 77.6528 4
2 2 84.0626 5
4 0 54.5227 0
5 2 79.9502 2
2 4 73.1764 1
2 1 54.5768 3
0 0 36.624 3
1 4 54.7606 2
0 5 95.0481 3
1 3 -0.2593 1
3 5 82.0891 0
2 2 64.458 0
1 5 87.3732 3
0 2 85.4873 3
5 2 3.8554 4
1 0 82.5517 1
4 0 32.6745 0
0 1 38.4139 4
1 5 -2.4812 3
4 2 25.3235 3
0 3 64.1366 1
4 0 9.074 1
5 2 18.6941 1
2 4 62.1416 2
5 3 37.6835 3
0 4 62.1501 3
3 3 90.1579 3
2 5 11.3993 1
2 1 67.8092 1
2 2 23.8892 0
3 2 62.9248 4
5 5 10.1071 5
3 4 74.5307 2
0 4 1.021 4
3 4 -0.0351 1
3 0 19.326 1
0 4 6.1284 2
5 2 34.9593 1
5 4 52.0842 5
4 4 65.2534 3
1 2 97.3748 2
2 3 61.2009 4
0 1 35.2536 4
2 1 8.737 4
4 0 49.585 0
2 3 19.6391 1
1 2 69.175 0
2 3 23.7757 5
0 1 43.139 1
2 1 90.1339 4
4 0 55.2546 5
4 4 31.8435 0
2 3 20.7715 4
3 4 11.7327 2
1 3 29.3929 5
1 2 42.4366 5
3 3 79.981 3
5 5 60.4926 0
3 4 52.3467 3
2 0 42.613 1
5 1 36.9711 4
2 4 84.9925 3
5 0 44.8053 3
0 4 21.1852 5
0 5 96.2602 3
0 5 33.8511 1
0 1 -1.1355 1
4 1 90.78 4
0 2 54.5783 5
0 1 99.8478 2
2 4 95.6596 5
3 3 67.5045 4
2 4 80.6112 0
0 2 -9.9669 5
4 4 57.048 1
2 5 69.5857 1
1 4 27.3511 0
5 4 27.1099 2
2 2 60.8884 0
5 3 1.3071 0
3 0 17.5569 1
3 5 53.7059 2
2 1 17.1742 1
4 0 18.6036 4
0 4 81.8651 3
4 5 90.0167 0
3 2 18.1155 3
1 1 14.1645 2
1 5 70.5514 0
2 3 63.2592 0
0 2 8.9822 0
1 0 48.187 4
2 5 3.4908 3
1 4 52.7783 2
3 4 -2.3398 1
5 1 74.9346 4
2 0 -5.0595 1
0 5 9.8614 5
5 3 90.6326 5
3 3 99.6423 4
1 5 35.0702 5
2 0 76.3525 4
2 4 38.8267 0
4 1 25.6308 0
4 4 -2.665 5
2 4 12.3139 2
1 1 -7.9397 0
5 4 41.0908 3
2 4 40.5494 5
0 1 22.3399 5
0 5 85.6133 3
0 4 80.1616 0
3 2 61.3826 4
1 2 42.0622 0
5 1 -9.5487 5
0 5 12.8619 3
4 0 60.8122 3
2 4 87.1556 0
4 4 -9.5885 0
3 2 98.219 0
1 2 7.7641 0
1 2 44.2615 5
1 5 31.2981 2
0 3 1.79 0
5 4 56.4655 5
4 4 76.942 2
1 0 9.5828 0
0 1 -3.8625 0
5 2 98.1087 2
3 5 38.8653 2
5 0 88.6958 2
0 3 18.4118 5
5 0 47.6233 3
1 5 37.6751 1
0 3 68.5976 2
3 1 24.572 2
0 2 29.0419 3
2 0 47.4201 3
0 0 58.8121 0
4 2 34.1677 4
3 3 44.6869 5
2 2 63.7768 3
4 1 5.6375 3
3 0 75.413 0
1 4 83.041 3
4 1 11.6599 4
0 3 57.8303 1
2 1 -1.4903 3
1 0 47.9207 3
1 1 87.2 1
0 1 36.1666 1
3 0 86.9183 5
2 0 90.6826 2
2 4 74.5624 1
0 0 31.3444 5
3 5 86.1322 3
3 5 62.2387 5
3 4 45.9753 3
0 5 12.7664 1
5 0 -6.2157 4
2 3 46.4011 2
3 4 69.6916 2
0 3 72.3104 0
0 1 89.0446 4
4 1 53.3504 5
2 3 46.683 0
0 1 70.3121 1
4 3 67.5116 0
0 3 39.932 2
4 2 60.2464 5
4 5 -5.2127 5
4 1 -5.7077 0
2 0 5.9969 4
1 4 9.8253 3
1 2 72.5603 5
4 4 98.9135 3
3 5 50.0678 2
0 3 15.2774 3
4 3 61.2978 4
4 5 -0.1821 3
0 3 40.7523 2
5 5 -3.3826 2
0 1 -8.3961 0
4 3 18.5884 3
3 4 38.1724 2
3 5 51.1952 1
1 3 -3.162 3
4 3 94.439 3
4 3 65.6182 3
0 3 29.4581 5
5 5 41.2634 1
5 0 20.7622 3
3 4 82.8167 2
4 1 60.8115 3
2 2 22.8099 1
3 5 56.6391 3
2 3 3.8924 0
1 1 12.989 0
1 1 45.0707 2
3 3 8.2157 4
4 1 3.0315 0
4 2 24.1366 2
2 2 49.1433 4
2 4 52.4607 4
4 3 60.53 3
4 5 55.4938 5
2 2 82.6354 2
4 1 0.4879 0
1 1 43.6974 0
4 3 38.3961 3
5 4 9.5038 5
5 3 52.8767 5
2 3 17.228 4
5 5 69.4874 4
2 4 86.7418 1
4 3 51.2282 2
0 1 15.7059 0
1 2 59.6249 0
0 1 16.6345 1
4 4 96.3677 3
3 1 40.2035 2
2 3 85.1463 5
5 5 -3.1268 5
5 2 35.0269 4
5 3 70.5025 5
3 3 73.5666 2
1 3 71.2721 0
2 3 49.0067 5
4 5 50.6313 0
0 1 75.9623 4
0 4 17.6816 0
2 0 94.6136 5
0 0 84.5135 4
1 4 42.8776 3
2 1 7.9232 2
1 2 11.0436 1
4 4 85.7602 0
2 5 71.1289 5
4 0 33.9517 2
5 2 1.9466 3
0 2 19.6987 5
5 3 -5.7252 4
5 3 83.945 1
2 3 -6.576 3
2 2 11.8188 3
3 1 77.309 5
5 4 71.8799 5
5 3 53.1852 3
3 1 81.9073 3
0 2 62.8416 0
3 1 1.3304 5
4 3 -0.3491 2
1 5 1.8285 1
3 5 84.0427 1
1 5 8.4476 5
3 0 8.8815 0
5 2 8.3525 2
3 4 63.7809 0
2 1 -7.1947 1
1 3 52.5005 3
0 3 51.7634 4
1 3 78.4558 3
0 0 77.4937 0
3 1 36.2676 3
5 5 9.5225 2
1 4 34.1354 4
4 0 99.7097 4
2 4 27.4814 2
5 3 33.5676 3
1 0 31.5498 4
2 0 79.6801 0
2 4 -3.745 1
3 3 36.3081 0
3 2 50.7386 2
2 0 81.3152 3
3 4 -8.9093 1
0 4 61.987 3
1 5 35.334 3
3 1 52.4787 0
3 0 2.0046 3
2 3 50.4581 1
0 1 36.6194 2
3 0 54.4299 1
0 1 62.5087 0
4 3 95.731 2
3 4 27.5324 5
5 0 12.5134 0
1 1 39.3192 2
0 4 21.1038 5
2 4 31.4723 3
4 5 42.3587 0
4 0 82.9673 3
0 3 0.0191 3
1 1 5.803 0
0 3 21.1873 2
0 0 71.4876 3
0 5 21.1227 1
0 0 18.5583 3
2 5 43.8947 4
2 4 39.2025 3
1 4 34.7384 0
1 3 37.4002 1
4 4 -2.4837 5
0 1 74.1066 5
3 1 37.7596 2
5 3 91.4467 5
1 0 7.7598 0
3 1 84.0214 3
0 2 34.6235 5
1 3 36.6094 4
2 5 28.63 1
4 1 14.3357 1
0 3 94.0367 5
4 1 3.5353 1
1 0 24.3069 5
0 1 -6.3608 5
2 3 59.8058 3
4 2 7.6915 1
3 5 2.604 0
0 3 34.001 2
4 0 84.7858 3
4 5 41.6998 3
2 3 31.6529 5
0 4 94.1858 4
3 0 44.3137 2
2 0 34.1641 4
3 2 54.4841 5
4 3 72.1241 4
0 1 38.3584 4
4 3 40.9422 4
5 5 16.6084 5
2 2 10.7982 4
4 1 94.7842 0
0 0 -4.9695 4
1 4 64.9216 0
1 2 53.4159 0
0 3 62.1822 3
2 4 83.5994 5
4 0 36.6927 0
0 2 99.6472 3
2 4 -9.9974 0
3 3 13.4758 5
0 5 56.7389 2
3 3 44.7679 2
1 5 76.6512 2
5 5 24.2066 1
1 0 75.9022 4
3 5 88.7586 2
1 5 55.3655 1
4 1 62.0895 4
0 2 85.3768 2
5 2 83.6035 0
0 5 29.8564 1
4 5 14.9776 2
1 3 12.5615 5
5 1 25.9602 0
1 5 99.1546 4
1 4 9.1949 5
1 1 45.2791 2
4 0 34.522 0
4 5 22.4982 5
5 2 -7.9637 5
4 2 -9.7652 2
2 4 -9.3986 5
4 0 38.4439 4
3 5 98.371 0
2 2 -4.984 0
2 4 98.0794 0
2 3 -2.5478 5
0 5 36.8188 1
3 3 3.6297 0
5 0 -7.6229 5
2 5 30.7577 2
4 2 9.9049 2
1 0 91.2152 0
5 3 90.1705 0
5 4 -8.3897 4
5 5 44.8328 5
5 1 97.0123 5
4 5 77.599 5
4 1 95.7559 4
5 4 86.8764 1
4 5 74.1353 0
4 3 33.7051 0
0 0 96.1076 2
4 4 36.1869 3
2 3 -6.5612 5
4 2 20.8054 4
4 0 78.9916 3
3 3 -2.1511 3
0 0 -1.5814 5
5 2 81.331 1
5 3 13.618 3
4 4 30.8059 2
5 2 77.9304 1
5 3 77.4228 1
2 2 0.6445 4
4 0 38.3083 5
0 2 95.4763 0
0 1 9.8572 5
4 1 82.5639 2
3 4 70.7127 2
3 4 28.4124 4
0 4 39.1391 3
1 0 0.9752 5
2 1 53.4692 2
0 2 18.5388 0
3 4 17.6897 4
5 0 58.6566 0
4 3 18.363 0
2 2 93.2387 1
5 4 83.6183 0
3 4 74.5244 5
2 1 45.8077 0
4 4 84.6355 0
4 1 63.8602 2
3 4 49.8576 1
2 4 94.3364 0
1 2 6.3854 1
4 4 35.7883 4
3 2 -5.4677 3
2 2 75.6802 4
1 4 99.3127 5
5 0 88.6237 4
0 0 74.2708 2
4 4 66.6891 0
0 5 62.432 3
4 0 20.3807 5
3 4 -5.9105 5
2 1 78.5283 4
2 0 55.1779 2
3 2 51.4647 1
0 4 35.0862 3
4 0 22.0724 0
5 0 12.9898 4
3 4 40.6995 1
0 5 84.8292 0
1 1 48.0351 4
2 2 50.9369 4
0 1 32.1307 3
2 2 38.1972 4
5 2 66.199 4
2 4 2.8583 1
3 2 76.1203 4
4 3 61.7851 5
3 1 81.8526 0
0 2 99.5643 4
3 0 35.8977 3
3 4 60.209 2
3 2 59.6881 2
2 5 16.6395 3
0 0 39.349 4
3 2 27.5204 2
1 4 10.4847 5
1 2 37.0162 1
3 1 35.0348 1
2 5 9.0232 3
4 5 51.2277 0
3 2 87.43 0
4 0 33.5547 4
4 0 1.084 5
5 1 64.3103 5
2 3 86.3423 1
1 3 58.5408 1
0 5 81.9335 0
1 4 8.829 3
3 5 61.482 3
2 5 62.5207 4
3 3 69.8657 4
3 4 94.8615 4
5 0 93.9865 2
4 3 3.7396 1
4 4 -0.7456 4
4 2 78.9539 0
0 0 31.0587 4
2 0 75.1833 4
2 5 24.5827 3
0 2 4.574 3
3 2 93.3218 4
0 4 65.778 3
0 1 71.1253 1
1 3 7.9713 3
3 2 46.1458 2
5 4 45.9309 2
0 1 94.2848 5
1 4 99.0677 4
0 4 74.1288 5
0 3 17.6009 5
3 0 76.1914 3
5 0 98.1834 0
3 3 58.1769 2
0 1 41.3628 0
2 3 28.2692 2
3 2 81.4739 0
2 3 62.7971 2
2 2 14.6085 4
5 1 41.1964 4
1 5 31.4423 0
5 2 46.8222 5
5 2 72.2945 4
0 3 19.9139 5
1 1 42.9039 0
0 1 -9.3424 3
4 1 -2.1016 4
0 3 40.2723 4
4 1 13.1746 4
5 3 -9.4005 4
1 1 29.6947 0
0 1 57.3417 4
2 0 4.7573 5
4 1 88.3703 4
5 0 83.1904 0
3 1 3.3464 0
3 5 64.2099 5
2 2 2.2315 0
1 2 -5.8044 2
5 1 52.5157 1
3 5 52.9492 3
3 4 59.3163 1
0 3 80.3599 0
3 4 46.3206 0
0 5 63.3691 2
5 2 85.9755 5
1 4 9.4014 4
0 5 34.3751 2
4 4 83.6665 2
1 2 12.0994 4
1 5 31.9998 2
2 1 30.8811 5
1 5 1.3049 2
5 2 -0.2632 3
2 4 65.644 4
5 1 87.4257 3
1 5 69.1354 4
5 1 47.4399 2
5 1 22.6079 5
0 1 23.6881 0
0 1 98.226 3
4 0 21.2871 2
1 2 45.3705 2
1 3 43.1463 4
0 5 70.1006 3
3 1 85.9058 2
4 3 52.6983 4
0 1 14.5453 3
1 5 23.0961 3
0 4 33.4561 0
5 5 81.622 4
1 3 97.9591 2
1 5 19.6151 2
4 3 96.4705 3
3 0 24.8476 5
0 3 93.7048 0
4 1 42.4958 4
1 1 61.8821 0
2 1 12.4174 2
2 4 27.7188 1
0 2 33.8344 4
1 2 4.5042 2
3 0 80.3229 1
4 3 11.5686 2
1 5 86.3371 3
1 2 39.3365 4
5 2 82.6211 0
3 0 -0.6976 1
1 3 1.023 3
2 0 40.1115 3
3 5 88.7261 3
3 1 1.3136 1
1 4 57.2037 5
1 3 34.7675 3
0 3 32.2591 4
0 3 68.5011 0
0 2 80.57 1
2 5 21.2886 2
2 4 50.5272 2
2 0 9.2845 0
0 3 47.4917 1
5 4 69.2383 2
5 4 61.3409 4
4 2 78.1726 1
5 2 77.2416 4
0 2 0.9838 2
0 1 98.0363 2
2 3 97.7167 4
1 3 65.2529 1
2 3 94.5235 3
4 1 5.2591 5
3 5 -5.6742 2
1 4 4.0494 1
5 5 65.7996 0
0 0 -7.7339 2
4 0 97.4887 4
1 3 11.7485 3
5 5 87.4487 1
5 5 66.2564 0
4 0 69.1092 3
0 2 26.2942 4
5 1 -7.6342 1
0 4 83.8666 2
4 5 75.4924 0
1 1 11.0225 0
2 1 82.1414 1
5 5 57.3144 2
3 5 14.3865 1
2 1 10.6682 4
5 2 90.4799 2
5 0 85.1799 0
2 5 38.2349 2
3 1 95.952 4
0 1 23.5352 4
0 4 44.6921 4
4 3 50.306 1
2 1 46.2445 2
5 1 68.4831 0
4 1 86.2645 3
1 5 94.0038 2
2 4 79.9428 3
1 4 62.792 0
0 1 9.9882 3
5 0 68.9418 0
5 3 -4.1927 3
4 2 83.4581 5
4 5 75.8804 4
4 5 18.1518 0
5 5 24.7661 1
3 5 30.1568 0
3 0 52.0674 0
3 1 30.9329 2
0 4 10.8372 1
2 2 93.4934 3
5 5 43.2533 0
1 2 16.6688 1
0 3 51.5731 3
0 4 10.2972 0
4 3 87.617 5
0 2 87.951 0
1 1 17.8452 2
5 4 74.5125 5
3 2 19.8873 3
1 0 85.7572 3
3 5 87.3026 4
3 1 92.7249 5
1 0 30.5099 1
4 2 38.8833 0
1 1 -3.8001 1
2 5 57.0231 1
4 2 73.359 1
1 1 24.3438 0
5 1 -3.0122 2
3 5 45.1111 0
5 1 59.5961 0
3 1 3.9868 1
4 2 20.2241 2
4 1 26.0018 3
3 5 -8.7867 5
2 4 59.4213 1
2 4 17.4092 4
5 0 88.7671 1
2 3 23.6146 3
4 2 63.1465 2
2 3 68.0603 3
4 5 67.587 0
0 3 91.5481 2
4 4 71.7822 2
4 2 21.4092 1
5 2 87.044 3
0 1 36.0676 1
5 1 5.4914 0
4 3 88.8207 1
4 3 35.807 5
5 5 32.1694 3
4 3 42.2572 0
5 5 -3.3331 0
4 4 65.9502 4
4 0 45.9181 5
0 3 59.6856 4
5 3 79.717 5
1 2 71.1004 2
4 3 53.9143 1
2 5 64.5698 5
5 4 -7.1405 0
5 5 -2.5817 5
4 3 -4.1854 3
2 1 34.3808 4
3 0 98.9169 4
2 0 77.9864 4
2 0 52.8563 2
2 1 -6.5995 4
0 4 43.5423 3
1 5 98.7589 4
1 0 7.3466 5
1 0 88.2063 3
5 3 86.0867 4
0 5 -4.6213 1
3 3 54.5933 2
3 4 10.529 1
2 1 75.0767 4
1 4 31.4204 4
1 2 -7.6277 0
0 0 40.004 3
2 1 29.1817 5
5 3 10.0163 5
2 3 62.2688 0
1 3 49.7308 5
3 4 39.7405 0
2 5 26.1295 2
5 1 66.0376 0
5 0 90.2367 1
1 2 64.3166 1
2 1 28.2861 4
0 2 99.991 5
1 4 -3.6354 2
3 4 6.3032 0
1 2 69.3984 4
2 5 43.0855 3
0 5 -1.8031 0
5 5 -3.8208 3
5 4 65.1048 4
0 1 -2.2972 5
5 5 17.6746 5
1 5 -7.6322 1
5 3 44.0419 4
5 5 56.1772 4
5 3 46.1048 1
0 2 36.8942 5
4 3 -2.7993 3
3 5 45.819 4
5 0 92.214 3
3 3 61.3746 4
3 3 11.3442 0
4 4 2.4077 4
5 2 64.8319 0
0 5 69.5146 2
4 4 19.7698 5
1 3 52.4602 0
3 3 13.2397 0
5 2 9.2434 0
2 4 28.192 0
2 3 67.1302 5
4 4 24.8652 3
4 2 -4.8637 0
0 1 25.1651 1
3 5 98.6327 1
1 2 21.5853 1
1 1 64.583 5
5 4 26.1694 1
5 0 69.8042 4
0 4 79.7081 1
5 4 75.2966 0
0 4 86.7289 4
1 2 69.0495 5
5 4 79.0817 2
3 1 -7.0117 3
4 1 -1.2855 0
2 1 -0.3523 4
4 1 92.49 5
5 2 92.3379 4
1 5 96.2475 2
2 5 62.6501 3
4 1 36.9377 4
0 0 -2.2078 1
1 1 62.7031 5
0 4 25.5484 2
2 4 31.199 2
4 2 -6.2066 5
1 1 38.2766 0
0 2 53.3763 1
1 5 0.4825 4
3 4 87.2377 0
1 3 53.2053 4
1 1 82.0445 1
4 1 66.9368 5
4 5 99.0358 0
1 4 70.2239 5
5 2 23.7211 2
5 1 91.9891 3
1 5 61.8727 1
0 0 83.6291 4
2 0 50.266 0
5 2 53.12 5
4 0 13.3715 0
0 5 72.3758 0
0 3 10.0908 5
3 5 49.6286 1
5 2 69.1291 3
1 2 6.3662 0
0 4 89.0651 4
0 0 48.2542 1
3 3 78.4568 4
1 0 -2.8555 0
5 5 10.1073 3
1 0 94.9075 0
3 4 16.7178 2
2 2 -8.2149 1
3 1 98.5126 3
5 0 61.7973 4
5 1 61.3687 5
5 2 82.923 1
4 4 61.4417 4
0 0 3.1231 3
1 1 29.5646 4
4 1 46.8067 1
4 4 41.6745 0
0 4 96.5297 1
2 0 32.9422 0
5 3 10.4045 2
5 2 53.1026 1
1 0 42.8982 2
3 5 10.493 3
2 5 70.8576 1
0 3 -2.935 2
3 5 80.744 3
3 3 -3.2157 3
3 2 54.8064 1
3 4 35.5417 1
5 2 24.4799 2
0 2 44.5238 5
4 1 18.6685 0
0 0 75.4765 3
2 5 -5.1454 4
0 1 85.1678 3
5 0 0.7489 1
0 0 33.8041 3
5 3 57.6384 4
0 1 88.525 5
3 1 62.3113 0
5 3 63.1045 5
4 2 15.2473 0
5 4 5.9513 3
3 4 47.1886 1
3 2 90.0347 2
3 5 76.73 0
2 0 31.568 0
