4 1 40 5
3 5 47 5
3 5 -7 0
1 2 72 2
5 0 9 2
1 3 12 1
1 2 46 5
2 4 63 0
2 2 7 5
4 3 33 1
5 1 73 3
5 3 15 2
4 1 88 0
0 5 1 0
3 3 50 2
1 0 32 1
1 1 98 2
5 2 62 3
1 4 43 2
1 3 12 2
0 5 62 0
3 3 -1 1
5 3 15 3
4 1 92 1
1 4 42 3
1 1 82 4
2 1 74 2
3 2 72 0
0 1 89 0
5 5 49 3
2 2 11 2
4 4 42 5
2 4 97 1
4 5 28 0
5 4 32 0
5 3 95 3
3 1 63 5
3 5 83 4
2 0 17 3
4 0 45 2
0 2 19 3
5 4 55 5
0 0 47 4
5 5 -7 3
5 4 4 4
0 3 76 5
0 4 98 3
4 3 14 5
4 0 35 2
1 1 73 3
2 1 42 4
3 1 67 0
4 5 88 3
2 1 13 5
2 3 29 5
5 1 40 3
1 4 17 5
3 1 50 2
4 5 91 1
1 1 60 2
0 2 8 0
2 3 93 0
5 0 84 5
0 0 48 2
0 2 37 3
4 1 73 5
0 0 63 3
4 2 9 4
2 1 92 1
5 5 1 2
2 2 46 5
0 0 5 2
4 1 33 3
3 4 65 4
5 3 33 5
0 2 56 0
4 5 16 3
5 5 74 1
0 2 29 1
3 1 40 3
0 2 43 1
2 1 87 0
0 3 1 2
1 1 48 1
2 0 4 0
2 5 31 1
2 2 79 4
0 2 90 0
1 2 57 3
5 2 18 1
2 3 20 2
0 5 5 3
0 4 9 5
2 1 90 5
1 4 46 5
1 2 52 0
5 3 59 0
1 3 89 1
4 0 81 3
3 3 99 4
1 5 -4 4
3 0 30 1
4 4 92 1
4 1 42 2
3 5 33 5
3 2 34 0
3 2 12 2
5 4 -6 3
3 2 61 2
5 4 8 3
1 3 0 0
2 5 41 4
4 0 40 1
4 5 65 1
3 4 58 5
3 5 74 1
0 2 76 5
0 4 28 0
5 5 60 1
1 0 72 2
1 5 3 3
4 1 27 4
2 0 11 1
1 3 -4 2
0 5 88 3
4 2 34 1
1 2 60 4
4 3 28 3
1 0 40 0
1 0 94 3
0 2 52 1
5 2 66 4
4 2 15 5
2 5 -9 4
4 2 96 0
3 0 33 5
1 3 68 4
3 4 -5 2
4 5 -9 4
3 3 -1 4
5 5 81 1
0 5 78 2
4 0 -8 5
4 2 19 1
3 0 50 1
3 1 17 0
1 0 31 0
1 3 40 1
4 0 13 3
1 5 7 1
5 0 22 3
0 4 59 5
0 3 99 3
2 2 11 2
4 0 73 0
4 4 94 3
3 0 61 4
4 4 77 0
5 2 58 0
5 1 97 3
5 4 73 0
3 5 63 0
1 5 0 1
3 4 32 1
0 3 80 4
1 1 -1 2
2 2 48 2
1 4 21 0
5 0 57 4
4 0 20 1
0 1 -1 4
1 5 95 0
3 4 10 5
0 0 90 5
1 5 28 4
0 3 31 2
1 1 4 1
0 3 96 4
4 1 2 4
4 2 46 5
5 0 84 1
5 2 -7 4
4 4 8 5
5 2 77 5
2 1 31 0
1 3 2 3
2 2 44 5
3 1 61 0
0 2 23 5
2 4 4 0
3 1 94 2
1 4 14 1
0 3 27 1
1 4 44 5
4 3 -2 1
2 1 90 5
4 3 41 1
4 5 95 5
4 0 48 1
3 3 -10 1
4 0 96 3
0 4 32 4
4 3 46 3
4 5 22 4
0 5 15 0
4 3 14 2
3 2 2 0
1 3 25 4
3 2 42 1
3 3 6 0
5 5 -4 3
2 4 68 1
4 0 94 4
3 4 7 3
3 1 39 4
3 0 1 0
2 0 45 4
3 1 71 0
2 5 5 5
3 4 40 1
4 4 74 0
4 0 11 0
3 1 26 3
4 2 93 2
3 5 0 5
4 1 94 3
5 2 7 5
1 2 44 1
1 5 91 0
3 2 16 0
2 0 56 3
0 1 79 0
0 3 73 0
4 0 61 3
2 0 40 5
5 4 -8 5
4 3 78 1
1 1 31 4
3 3 70 3
4 2 -3 1
0 4 74 0
5 5 83 1
0 0 11 3
3 4 91 3
2 4 94 1
3 0 90 2
4 2 18 4
3 4 43 5
2 5 -4 0
5 4 97 1
3 4 54 4
1 3 1 2
2 5 88 5
3 0 94 3
5 0 -3 5
1 0 92 4
0 5 43 5
2 4 90 1
3 3 72 2
1 2 23 1
3 0 29 3
2 5 64 3
5 2 88 0
0 2 11 4
3 5 -9 2
2 4 40 0
0 0 46 1
4 3 -3 1
1 3 10 1
3 3 35 4
5 5 37 5
4 4 2 0
5 4 52 4
4 5 30 0
4 0 31 4
1 3 61 2
1 5 1 0
2 4 -10 3
3 0 -3 5
4 0 93 5
2 4 30 3
5 5 7 2
1 2 54 2
3 2 33 1
3 3 1 0
1 1 89 4
1 4 24 0
3 5 98 2
4 5 85 1
4 0 1 0
5 1 21 2
0 4 46 4
5 5 -7 5
0 5 11 4
2 1 39 5
2 3 92 5
3 0 24 5
3 0 44 4
5 5 -4 4
4 5 18 3
0 2 77 5
0 5 14 5
1 0 7 3
4 2 70 2
3 5 27 3
5 0 75 4
2 0 12 3
0 0 18 4
0 3 3 5
1 3 90 3
4 2 -6 3
3 2 -5 2
4 2 46 3
3 4 24 2
4 0 37 5
5 1 16 4
3 1 28 2
0 0 42 4
5 5 54 1
0 5 55 2
4 3 8 2
2 5 28 4
5 5 74 4
0 0 -4 5
1 0 -4 3
4 3 85 3
2 3 84 0
2 2 68 0
0 2 54 2
1 3 67 2
2 3 18 3
3 0 32 3
5 3 4 0
3 4 52 3
4 2 -5 0
0 3 38 4
4 3 62 2
3 4 35 1
1 2 66 3
2 5 99 4
0 5 55 0
3 1 93 3
2 2 72 4
5 4 34 5
5 4 22 4
4 0 91 2
1 4 29 1
3 1 -6 2
4 2 9 1
5 5 53 4
5 0 93 5
3 0 32 1
4 2 58 5
4 3 -4 5
4 3 8 2
5 5 44 3
0 5 26 2
1 3 85 2
4 0 -5 1
2 4 88 4
3 1 73 2
1 5 60 0
1 4 19 5
3 0 83 2
2 2 53 1
2 5 24 5
3 2 85 5
5 3 61 3
0 2 100 4
5 5 46 1
5 2 78 5
0 1 43 5
5 5 99 4
2 1 92 5
4 3 34 4
5 2 -4 2
4 1 68 0
5 4 17 1
1 5 97 2
1 3 93 4
5 2 36 5
3 3 84 5
0 5 33 0
0 2 20 1
5 2 87 3
4 0 21 0
5 3 97 0
1 1 38 1
0 0 58 0
5 3 95 1
1 2 93 2
2 1 20 1
3 1 44 5
5 0 96 2
3 0 46 3
0 1 67 0
5 3 5 3
4 3 0 3
0 2 -6 2
5 2 54 5
2 1 45 4
3 4 98 1
0 2 41 4
4 3 17 4
0 0 4 0
3 3 7 5
1 3 41 1
0 5 55 0
5 3 28 5
5 3 69 5
2 5 26 3
1 0 63 1
4 5 13 1
1 1 88 1
4 5 94 2
5 4 1 2
0 0 -3 3
2 1 25 5
3 1 32 0
3 3 82 2
1 2 9 5
5 2 76 2
4 2 97 4
1 5 45 4
5 4 17 5
5 2 71 5
0 4 91 3
5 0 -6 2
2 1 25 3
3 3 38 2
0 2 33 4
4 3 66 0
5 1 98 1
3 0 71 0
4 4 37 1
1 4 89 2
5 0 62 3
5 0 66 2
3 2 -1 2
2 4 33 1
4 0 52 5
3 1 71 1
5 5 86 0
5 3 86 3
4 5 73 5
2 3 31 1
5 3 51 1
3 2 19 1
1 2 1 0
2 1 49 1
1 4 69 4
1 1 60 0
3 3 46 4
5 1 80 1
3 2 27 5
3 2 -4 1
1 2 52 3
0 5 79 2
5 4 72 5
1 4 14 3
3 0 87 5
3 3 97 0
2 4 8 4
4 3 35 5
3 0 25 0
3 0 14 5
1 1 72 5
2 1 83 4
0 3 17 4
2 3 57 3
0 4 40 4
2 0 48 0
0 0 57 5
4 5 81 3
0 2 44 3
0 4 5 0
5 5 61 1
1 5 43 4
4 3 78 2
5 5 67 4
2 3 90 0
4 3 65 5
1 2 91 3
4 1 95 3
4 2 21 3
5 5 36 5
2 4 98 4
5 5 12 0
2 2 88 1
4 1 96 1
0 1 91 2
2 5 67 2
5 3 29 3
4 5 37 2
0 2 45 1
2 2 -6 2
1 1 -3 4
4 1 33 0
0 0 69 3
4 5 31 2
3 4 89 1
2 3 24 2
4 0 38 1
3 2 87 1
0 4 93 4
4 4 73 5
5 3 32 0
2 0 90 3
1 4 9 5
1 3 85 2
2 1 -1 5
2 3 30 1
3 2 -6 2
1 5 78 2
3 1 54 5
4 5 -8 4
2 1 28 1
2 5 94 2
4 1 81 0
3 0 71 4
0 3 63 2
4 1 59 5
1 4 44 2
3 1 27 2
0 0 40 2
5 3 66 4
4 4 80 0
2 1 -1 2
4 1 75 4
0 0 18 5
1 0 49 5
2 4 65 4
2 1 45 0
3 1 85 3
4 0 95 5
4 5 35 3
1 0 92 3
2 5 40 5
4 2 -5 1
4 3 29 5
5 3 96 5
3 0 39 0
3 3 66 4
0 5 99 0
1 0 8 5
3 2 90 5
0 3 50 0
1 1 8 4
5 1 63 5
3 5 46 5
2 1 69 0
5 0 40 2
0 2 2 0
1 1 98 1
4 3 36 4
0 2 58 0
5 5 85 1
2 4 98 2
5 0 10 2
2 2 57 3
2 5 16 4
0 5 24 4
5 3 15 2
3 2 45 4
5 0 73 1
3 0 57 3
1 4 45 0
3 1 9 3
4 0 24 2
0 4 12 0
3 0 -8 1
1 4 70 0
4 0 78 3
1 1 -7 3
0 2 29 2
3 5 52 1
4 1 0 2
5 0 77 2
0 1 10 2
3 2 41 1
0 5 54 0
5 3 3 5
1 5 18 5
3 3 11 2
3 2 5 2
5 4 68 5
4 0 61 2
2 5 49 3
1 4 50 4
0 3 12 5
1 4 83 2
1 2 88 4
5 4 97 0
0 1 57 2
4 3 70 3
0 1 23 4
2 1 40 1
4 5 56 3
5 4 28 0
4 1 72 5
3 0 -7 3
1 4 83 2
0 4 15 3
1 1 63 1
4 4 16 1
4 1 27 0
0 1 -4 0
4 1 23 3
2 4 4 0
0 0 98 4
0 3 18 5
1 2 30 0
1 3 8 3
0 0 19 3
4 1 87 4
2 0 47 2
1 0 39 4
1 4 48 3
4 1 1 2
4 1 70 2
5 2 87 0
2 4 14 3
1 5 -10 5
0 0 6 5
4 2 7 2
2 4 67 3
4 4 85 1
5 1 30 0
5 4 35 3
5 3 31 1
4 5 92 5
1 2 39 2
4 0 53 2
3 0 39 0
2 2 17 1
2 2 40 1
4 1 -4 5
5 1 93 0
1 1 93 3
0 5 -8 2
1 3 98 3
1 3 29 2
1 4 37 4
2 2 88 3
2 3 31 2
4 0 95 5
5 4 36 2
4 5 70 1
2 2 94 1
3 3 42 5
5 0 73 5
4 3 39 2
5 0 2 3
1 4 69 2
1 3 82 5
4 5 -8 4
1 4 5 2
1 4 57 4
3 4 12 0
1 2 75 2
3 3 9 5
4 2 87 0
4 2 -4 5
0 5 -4 0
5 2 38 2
1 0 72 2
3 3 86 3
5 4 21 3
4 1 31 2
2 0 34 0
4 2 99 2
5 5 89 2
1 3 88 2
1 3 43 5
1 3 1 0
5 2 17 1
2 5 46 3
1 2 54 0
3 2 86 3
0 3 81 1
4 5 73 5
3 5 43 0
1 1 51 5
0 3 70 2
3 2 -5 2
5 4 29 3
1 1 17 1
4 0 4 1
1 0 71 2
0 5 34 2
5 2 40 5
4 5 26 0
5 4 10 1
2 0 59 3
2 1 69 1
1 5 50 1
2 3 16 5
5 1 99 2
0 5 69 3
3 3 20 5
2 5 46 4
2 3 95 5
5 4 -1 1
3 1 43 0
4 1 24 5
3 2 50 1
0 3 -5 1
0 1 42 5
5 4 21 5
2 1 21 5
2 1 24 3
5 4 80 1
3 5 35 1
0 5 91 1
0 0 66 1
2 0 -8 3
5 5 13 1
0 2 75 0
3 1 65 2
0 3 92 4
0 5 33 2
1 4 47 1
2 2 42 2
5 1 19 1
0 5 -3 4
3 3 88 3
0 2 64 1
4 4 63 0
5 5 64 3
3 4 -8 4
4 0 27 0
4 4 34 3
5 2 36 4
4 4 -8 5
2 5 56 3
2 2 -9 1
4 2 29 1
3 3 69 2
3 5 82 5
2 3 82 5
5 3 88 0
3 2 16 2
5 5 48 5
1 4 -3 4
1 3 82 2
2 4 75 3
5 1 82 4
4 5 32 0
0 5 88 5
0 5 15 2
1 4 40 5
5 5 43 5
3 0 -9 4
0 2 -5 5
1 1 9 4
5 5 52 4
1 3 66 4
4 4 99 0
4 0 81 5
0 4 61 3
3 5 36 1
1 1 -1 5
4 1 10 4
3 3 -2 1
0 3 70 4
3 0 13 2
4 2 36 0
5 3 76 1
4 0 32 2
2 0 16 2
4 4 97 4
3 2 82 0
5 0 45 1
2 2 4 0
3 1 -3 2
4 3 32 1
5 0 54 2
4 2 31 4
2 1 27 2
3 1 81 0
2 1 86 2
4 5 74 1
3 2 64 3
4 5 19 4
2 5 52 3
5 2 86 1
1 1 4 5
0 2 40 3
3 5 94 3
1 3 73 2
4 4 9 4
3 1 61 2
2 0 91 0
3 4 51 3
2 0 83 0
0 1 71 3
5 1 72 1
2 4 40 0
3 0 38 2
4 4 30 3
4 2 58 0
0 5 69 4
4 3 28 5
4 3 91 4
2 0 43 4
5 4 -9 0
5 2 65 2
0 2 -4 3
5 1 6 4
2 5 39 4
5 1 59 4
3 0 88 1
1 0 88 0
5 1 32 3
4 2 69 0
0 4 2 4
3 4 40 4
1 2 7 4
4 4 12 1
2 3 46 0
4 5 56 1
5 2 95 0
0 4 72 4
0 4 -9 0
2 1 -6 0
5 3 20 1
4 4 69 0
0 1 78 2
1 0 3 3
1 5 34 0
5 2 34 3
1 2 85 4
1 0 12 3
0 3 89 1
0 4 71 5
4 1 57 3
3 2 89 1
0 0 -2 5
5 5 19 1
0 2 42 1
2 3 3 4
5 1 42 4
2 1 27 1
0 4 32 3
2 0 55 4
2 3 12 2
5 1 27 4
3 1 80 2
4 2 79 3
3 4 67 1
3 4 70 0
2 2 0 0
2 4 45 2
4 0 78 1
4 2 53 5
4 2 -9 2
5 1 28 5
0 1 9 5
3 4 83 4
1 0 58 3
5 4 68 0
0 1 22 4
3 3 98 4
3 3 34 2
0 3 -5 4
1 2 43 3
5 2 -2 3
4 3 24 3
5 3 61 4
3 4 1 4
5 1 81 4
0 5 0 3
5 5 60 4
5 3 18 4
0 4 72 1
3 0 59 3
4 3 60 1
4 1 60 3
5 2 94 1
3 5 47 4
5 4 29 5
2 4 37 4
3 4 -8 3
1 1 86 1
3 2 32 3
4 3 -6 0
1 2 -10 1
1 5 44 2
4 2 91 3
0 1 53 0
0 4 -2 2
2 1 42 1
3 1 23 3
4 2 10 2
4 4 62 2
5 1 42 1
0 2 -9 5
1 4 42 3
2 2 40 0
0 2 27 1
1 5 89 1
5 3 71 4
2 2 16 4
0 2 2 3
3 3 29 3
1 1 65 3
1 1 31 2
4 5 87 1
5 5 -3 1
3 3 35 1
5 3 48 4
4 1 1 0
3 2 64 3
5 5 75 4
0 3 17 3
3 1 3 2
0 1 80 3
4 5 33 1
3 1 43 5
1 3 8 0
3 2 5 4
5 3 -4 3
3 0 20 3
0 3 8 4
1 0 24 4
1 4 48 0
5 3 63 2
3 1 6 5
4 4 97 2
2 2 63 3
4 4 93 5
0 3 48 2
1 4 -3 4
0 3 -5 1
4 5 42 5
4 4 25 2
3 0 62 1
4 2 -5 2
5 1 97 0
4 3 22 4
0 4 26 4
2 3 40 0
4 4 66 0
2 1 -1 0
4 5 57 4
2 4 7 2
4 0 55 2
1 4 11 2
2 0 10 2
5 3 47 4
5 3 98 0
3 4 39 5
1 0 -3 1
5 5 41 3
0 1 7 4
0 2 52 1
1 5 14 4
2 1 0 0
1 1 88 5
4 5 48 0
2 5 48 0
2 5 80 0
2 5 67 0
0 2 90 2
0 5 2 1
4 2 52 5
1 5 14 5
4 4 -10 3
3 5 73 1
5 3 32 5
1 1 63 4
5 1 8 3
1 5 35 1
2 4 58 0
1 5 45 0
4 2 37 0
4 5 82 5
3 1 73 0
2 3 48 2
3 1 48 0
5 3 75 2
2 5 99 0
1 2 12 2
0 0 35 4
4 0 88 0
2 1 82 5
1 1 49 5
4 4 33 4
5 5 64 5
0 3 26 2
2 4 60 1
1 4 63 2
4 1 56 3
3 0 75 0
1 1 19 1
5 4 66 1
2 2 86 3
4 4 58 5
3 4 5 2
3 1 17 5
