5 0 0.5421 1
0 4 27.9079 4
3 3 81.1726 4
3 4 25.3315 4
3 1 35.3418 3
0 3 21.4759 1
1 2 13.2099 5
5 4 79.8144 0
0 3 87.8366 5
0 2 86.0241 5
4 2 87.8055 0
0 1 -6.6482 1
1 2 6.5531 3
5 0 67.2284 5
2 4 47.0193 0
2 0 71.0432 2
3 5 84.1188 2
1 5 43.7312 5
5 3 11.075 4
1 5 87.4171 1
5 2 35.4991 3
2 5 51.9394 4
2 5 77.9739 4
3 0 -1.2397 3
5 3 3.948 5
2 3 96.6056 0
3 3 66.7584 1
4 2 38.971 0
2 0 50.1917 0
3 3 54.5295 1
4 5 50.4487 2
0 0 33.1672 1
4 0 78.1357 0
5 5 73.2525 1
4 3 84.1532 5
4 5 27.3328 3
3 4 17.9182 3
1 0 75.7474 0
2 0 66.9758 0
5 5 4.8849 1
0 2 88.1071 1
2 4 54.467 3
0 4 24.1201 2
0 0 49.8052 2
4 4 24.3461 3
5 2 42.6272 5
0 4 44.2992 4
1 0 69.3019 1
2 5 61.634 4
4 1 40.4845 3
2 2 -2.2511 0
1 5 26.1441 2
2 1 78.4371 3
3 2 27.1601 3
2 1 27.0521 0
5 2 87.2091 2
3 5 97.2768 0
1 2 75.3666 0
0 5 11.2814 3
2 5 2.3514 4
5 3 0.6446 3
2 4 96.8127 1
1 4 22.4858 1
2 4 91.4699 0
3 1 17.0991 3
3 2 76.1118 0
2 1 99.9223 1
0 2 4.6079 4
3 5 1.0104 2
0 5 30.5575 3
0 2 93.8022 0
2 0 95.2284 3
0 2 21.7183 5
2 4 81.8114 0
1 3 93.0783 0
0 3 81.5108 2
5 3 13.7766 2
0 1 2.2476 5
2 0 93.8027 3
2 3 -2.3509 5
1 2 -2.1196 0
5 0 89.9521 4
2 0 73.8669 0
3 5 11.1706 2
5 4 7.8011 3
0 2 66.4462 5
0 2 97.9906 4
2 0 -3.533 5
1 2 65.1811 1
1 0 20.4663 3
3 2 37.5404 2
1 5 15.732 5
5 5 89.2156 3
5 1 31.4713 2
5 3 30.2476 0
3 3 49.8539 0
3 0 22.8726 0
1 5 45.8571 4
3 2 12.7135 0
1 0 54.2416 5
4 5 50.6611 2
0 1 34.333 5
1 0 94.3479 1
0 1 27.5862 1
1 4 50.8432 3
4 5 78.9041 0
5 1 17.9662 4
1 1 83.6631 4
4 4 84.1146 3
4 1 87.778 4
0 5 56.0094 3
5 5 82.6458 5
1 4 22.5746 0
1 2 81.8938 2
3 0 34.3083 5
3 1 42.7254 4
3 1 89.7827 5
3 4 56.7428 5
2 1 34.8591 0
0 3 40.1181 3
1 2 1.7931 4
1 4 7.3031 0
4 3 40.3449 4
2 4 24.8429 5
5 4 87.3765 5
5 1 12.7017 4
4 2 58.7386 5
3 0 19.61 1
5 2 81.8931 4
5 3 20.5309 4
3 4 76.3279 0
0 3 32.9416 0
1 5 32.3744 5
1 5 9.6249 4
2 0 30.6632 5
5 3 11.96 4
5 1 55.7529 4
1 3 21.1215 0
4 0 43.3551 2
4 0 64.6601 4
0 5 18.8606 1
0 2 0.8053 2
1 2 34.6553 5
5 3 84.1043 2
0 2 89.7307 5
4 2 77.9841 5
2 2 93.9287 3
1 4 86.413 5
0 1 80.4408 2
0 3 60.2709 3
3 4 76.1508 4
4 0 82.7836 2
3 3 49.1467 3
5 3 20.422 1
5 1 45.7484 5
2 3 44.2868 0
1 2 65.4416 1
2 4 22.6431 0
0 0 -1.3556 5
5 1 50.7747 5
1 2 -7.7518 0
3 4 25.8797 5
1 0 47.9565 4
3 2 71.7022 1
3 2 9.633 5
3 0 70.3409 4
4 5 22.8916 3
2 1 50.3717 5
5 4 -2.1814 0
3 1 63.1756 3
2 1 35.5615 1
4 2 13.9063 3
3 1 15.6845 5
5 1 10.127 4
5 0 -3.8714 5
1 3 12.0978 5
4 5 17.861 2
3 1 34.3399 5
2 3 86.5541 5
0 5 38.2277 4
5 1 20.5475 2
0 3 3.8583 4
4 3 45.377 3
2 1 11.5163 4
3 5 -8.8803 1
3 4 -8.3012 1
1 1 44.2905 4
1 2 39.2359 2
4 3 45.5983 1
2 1 -1.4714 4
0 5 67.7343 5
5 2 47.1747 0
0 1 70.599 3
2 2 47.4032 0
3 3 46.0307 2
1 5 49.1305 1
2 2 91.5881 4
4 5 97.6382 2
3 3 -2.3663 0
5 2 94.592 4
4 2 22.5168 2
2 1 64.1107 2
3 4 56.8905 2
3 2 69.4237 4
1 5 71.6451 4
3 2 28.5399 5
3 4 31.3343 2
1 4 13.5057 1
0 4 51.1922 0
0 0 86.5365 5
5 5 -7.6561 3
5 4 76.4218 5
1 3 66.1367 0
4 4 51.6807 5
5 4 68.4711 2
5 5 0.1511 5
2 3 38.8087 0
0 4 62.3344 5
5 1 74.7721 3
0 0 -3.2984 1
2 1 83.5026 2
3 3 4.0797 5
2 4 20.1246 1
1 1 95.8013 0
2 3 33.4865 2
2 0 60.1135 4
5 1 13.511 2
1 2 71.5279 1
0 3 25.4981 4
3 0 13.6758 2
1 4 82.7623 0
2 0 55.3003 2
0 5 39.9241 1
0 5 3.1603 0
2 1 68.5495 3
5 2 87.903 0
0 1 91.2041 3
2 0 82.1004 2
5 4 34.1809 2
0 5 62.6672 1
0 4 33.622 0
5 3 36.1066 3
2 3 22.3581 2
4 3 85.1497 0
2 4 56.0668 0
2 5 66.929 3
0 1 -6.4497 3
5 3 61.5947 3
4 4 56.6186 1
2 2 94.9471 0
4 2 84.044 0
5 0 75.3577 3
0 4 36.7308 5
2 3 68.4464 3
2 5 8.5252 3
1 3 34.9188 1
1 0 0.0734 1
1 0 10.1838 1
0 0 98.9817 4
0 3 48.9935 3
1 5 82.1606 1
4 3 28.417 0
1 5 50.8157 5
5 2 90.9526 4
2 2 81.2984 2
5 0 65.7948 3
3 5 38.65 4
2 3 87.4354 2
4 2 67.0451 3
5 0 35.265 5
3 0 -1.7355 5
2 5 44.6448 1
4 5 90.6997 3
0 3 20.1881 4
3 2 99.9168 5
5 4 18.6306 2
2 4 10.8443 5
3 3 12.2098 1
3 2 38.3223 5
1 1 66.5252 3
2 1 -3.0131 5
1 2 -9.6469 3
4 4 45.417 4
0 5 36.7629 3
3 1 30.9424 1
4 3 54.7945 3
5 1 54.8566 2
3 1 40.1891 5
0 1 38.8308 2
5 2 8.6997 4
1 2 3.2768 3
1 2 26.1893 1
1 3 82.8146 1
5 1 79.6705 2
4 3 55.67 5
3 3 30.5423 3
5 3 91.1388 4
0 3 70.472 0
4 2 19.879 2
3 2 5.6857 0
0 2 26.6846 5
0 0 64.5536 0
1 1 87.2439 1
5 0 41.1224 1
5 3 12.9068 4
3 2 11.1468 0
0 2 15.8756 2
2 0 97.2524 4
2 2 50.2918 0
0 3 48.1593 1
2 4 6.0742 1
2 0 39.6617 3
2 3 71.679 4
3 4 33.0177 3
5 1 35.6056 0
5 5 76.8308 4
5 4 17.3861 4
4 3 64.8561 1
3 4 55.3707 3
4 4 41.8186 1
3 2 16.4012 0
5 5 -8.0264 2
2 3 14.7593 1
1 1 27.2876 5
2 3 17.5892 0
5 1 65.4605 4
3 0 93.1225 2
2 2 77.4155 0
4 3 82.6481 2
3 3 13.7166 5
3 4 38.5729 2
0 4 14.7391 4
5 3 28.8905 3
3 0 35.3919 1
3 3 44.7017 2
3 3 72.5136 2
4 0 39.7875 3
5 3 12.2706 3
2 0 15.9373 2
4 0 59.3473 4
5 2 -5.1176 2
3 2 87.7388 4
2 5 65.7564 4
2 5 0.3537 0
3 2 48.1202 1
0 1 33.2294 0
4 5 55.9872 3
5 4 0.6603 2
0 1 61.7815 3
3 0 49.594 2
1 2 87.4074 1
2 4 82.4737 5
5 3 63.8719 2
0 1 65.1854 4
3 1 39.6559 2
4 2 54.3311 1
4 2 33.745 3
5 5 52.0534 4
0 4 -2.1621 0
4 1 66.6423 4
4 4 70.7833 0
2 3 82.0034 3
5 0 64.613 3
1 4 23.1255 1
1 0 55.4092 3
2 0 90.2959 4
1 5 34.1465 2
1 3 10.1585 1
3 2 66.4803 0
0 5 97.9882 1
1 1 5.3323 1
4 3 10.3688 0
5 2 63.4803 0
1 5 -7.4317 1
0 3 32.3069 1
5 5 67.4136 5
1 2 53.736 4
1 5 11.7108 5
5 3 57.4341 2
4 1 87.5212 1
0 0 66.1364 2
1 1 78.994 5
0 3 40.6707 0
2 4 37.8674 3
4 4 71.5612 2
1 2 30.031 5
5 0 68.4138 2
0 4 90.233 5
2 4 76.0943 0
4 5 0.369 0
3 2 5.1738 0
4 3 94.9484 1
1 2 17.9473 4
0 1 17.6077 2
1 3 91.5784 4
4 3 62.7832 5
4 1 -5.57 2
2 0 30.3739 1
1 3 92.1861 1
5 4 17.2262 5
4 5 7.9828 5
2 3 37.6515 2
0 0 21.2609 0
5 3 22.5128 0
4 1 78.257 0
4 2 28.8742 1
5 1 87.5559 5
4 5 41.8737 0
2 5 82.6649 1
4 2 -1.8218 4
4 1 43.5752 2
3 5 23.8629 1
0 0 12.9912 0
0 5 -6.1345 1
4 2 72.5426 5
3 3 48.7323 0
2 5 31.2898 0
1 1 10.1685 2
2 2 3.45 2
1 4 12.3108 4
2 2 87.2501 4
0 3 87.0314 0
3 1 -4.1004 1
3 3 -5.9999 4
3 4 46.7406 2
3 2 93.6269 3
3 3 62.6057 5
5 3 -5.2881 2
2 5 22.8594 2
2 3 35.7702 4
2 3 7.7085 0
0 5 42.6997 2
5 4 18.4584 1
0 2 27.0845 5
4 1 60.1891 5
3 4 51.2076 5
2 2 -8.3605 1
0 5 87.1888 0
4 5 43.2666 4
3 0 70.0822 5
3 2 6.0547 5
5 0 33.8555 0
2 2 22.8044 2
5 2 11.1182 2
5 1 89.5646 0
1 4 32.9583 0
5 0 18.8377 2
3 5 68.8175 4
3 3 4.0679 4
0 2 27.4244 2
1 3 13.6265 3
1 4 66.5811 3
0 3 54.4102 5
1 5 74.6571 2
2 5 60.3573 0
1 4 85.6309 3
2 3 31.5537 5
2 2 28.9953 0
4 0 -7.0187 1
2 0 72.5499 3
2 1 5.5424 5
4 2 77.0745 3
1 4 63.0549 2
2 3 60.1087 0
2 1 32.7378 0
2 1 91.1994 0
2 1 21.2085 1
3 2 40.8251 5
4 1 65.3582 0
5 5 24.8225 0
4 0 66.4891 0
2 1 73.935 2
3 1 25.136 5
2 3 90.0017 2
4 3 9.1654 1
4 4 19.6153 5
4 3 32.0839 4
3 0 30.7296 0
4 1 92.8007 2
2 4 83.9583 1
3 4 34.3805 1
2 3 82.2685 0
2 3 22.0316 1
0 5 85.4283 3
4 3 90.6235 5
0 5 95.0754 1
4 0 52.7902 3
5 3 91.4693 0
1 4 30.272 1
5 2 14.2407 2
0 3 24.6165 4
2 1 48.6742 0
0 3 67.0114 1
1 2 2.9975 0
5 1 37.4742 3
1 1 94.8452 4
2 1 2.4389 3
4 4 38.3941 0
5 2 59.6024 5
2 1 -9.3205 4
1 5 23.753 4
0 2 29.8308 5
0 2 81.4855 5
5 2 99.2721 4
0 0 43.8372 2
2 4 -3.6564 1
5 4 37.811 4
2 5 7.5788 2
2 2 26.5836 3
2 0 31.763 2
0 1 28.3493 5
0 3 53.3582 2
0 5 69.6308 2
3 1 8.9614 5
0 4 43.6312 5
0 4 76.4513 2
1 3 58.2747 1
2 4 91.753 3
4 4 5.9233 2
4 4 40.7997 1
4 3 13.4953 5
4 4 92.836 3
5 0 47.619 4
2 1 13.4584 3
4 3 50.3112 2
4 0 3.9842 3
1 2 -7.7656 3
4 2 80.3932 2
4 0 28.0153 0
3 1 37.9545 3
3 2 32.1342 4
5 0 11.4427 0
5 4 14.0651 4
1 0 10.262 1
4 1 91.4682 2
0 3 70.868 0
4 0 7.3569 5
1 2 32.7955 1
1 5 43.3835 3
3 2 8.4647 0
0 1 41.7071 1
0 3 49.1659 1
4 2 71.8114 3
2 0 36.0935 2
2 4 20.9204 4
1 4 6.6017 4
0 4 32.8378 1
5 4 44.9533 5
4 1 28.9161 1
0 5 98.3537 3
3 2 92.5272 4
2 5 46.0986 3
3 2 -4.9524 3
3 5 16.3573 1
0 0 27.6942 4
1 3 98.5893 3
5 4 18.1694 2
3 3 60.8216 4
4 0 55.7248 4
1 1 23.7021 1
4 3 45.0377 0
2 5 62.3799 1
3 3 51.4532 3
5 5 27.0534 1
2 2 46.7714 4
3 4 80.872 2
5 5 80.8457 3
5 0 42.8347 1
5 1 16.9918 3
1 1 8.002 3
2 5 0.4326 5
3 4 55.1849 4
3 3 18.7578 3
5 0 52.6936 1
1 4 21.6322 0
0 2 52.8011 5
2 3 96.7572 4
1 5 68.9222 4
4 5 29.7883 3
4 3 47.491 3
0 4 16.1939 5
3 5 38.9901 1
5 1 96.4242 1
3 0 95.9875 1
2 4 56.4453 1
4 5 71.1798 5
1 0 64.8696 3
0 1 77.9197 1
5 2 -3.9556 4
4 3 52.2292 0
2 5 76.5766 4
4 5 -4.0669 4
4 4 48.6134 0
3 0 66.431 2
3 0 2.2777 2
0 4 76.1742 0
3 2 42.5148 3
0 0 10.6371 1
4 4 23.0385 1
3 2 95.9915 3
1 1 29.5415 3
2 3 99.027 5
3 2 33.4061 1
3 4 52.627 4
5 1 11.4357 0
5 1 74.074 4
3 3 67.7107 2
4 2 62.6177 1
3 5 79.5739 2
3 3 -3.8466 1
5 3 73.2086 4
2 1 91.5757 4
5 5 41.6058 4
1 1 74.4693 5
3 1 -1.9735 1
3 1 -2.8371 0
4 0 29.157 3
1 5 74.1513 5
0 2 -5.9649 3
0 4 27.9788 0
4 3 98.0897 4
0 1 0.3739 5
5 1 58.258 5
3 4 73.3251 4
5 3 74.561 4
1 2 29.5947 3
4 2 -5.1873 3
0 0 92.6857 3
1 5 82.3952 5
3 1 29.5895 4
4 4 72.9589 3
3 4 78.116 0
0 0 63.7662 1
2 4 81.4179 4
2 4 -7.4252 3
0 2 9.6569 5
5 3 80.1757 2
1 0 72.2922 3
0 4 59.864 2
5 2 12.4479 5
2 4 22.6004 0
4 5 70.3114 5
0 5 78.5091 4
5 1 97.5477 0
1 2 68.7768 2
2 0 63.899 1
3 5 6.242 5
3 2 80.9205 0
1 3 59.1813 3
1 5 17.8111 3
4 3 95.594 3
1 1 46.6802 5
0 5 -9.0 4
1 1 -1.8021 5
1 2 77.8398 4
4 3 30.8021 5
5 4 51.3105 1
0 4 91.1978 0
4 0 10.5626 5
1 5 68.6073 2
1 5 88.7508 0
2 1 57.1576 1
1 1 -6.3213 0
2 1 37.9843 4
2 0 -6.0557 3
3 5 60.3825 1
4 5 10.2083 4
1 2 41.649 5
5 5 -6.7498 1
5 3 20.5188 4
5 3 61.3766 0
2 3 13.6916 5
2 3 33.8569 0
1 2 29.203 1
2 4 69.9363 3
2 0 53.1534 3
1 2 60.7666 0
3 3 54.1845 1
3 0 83.6179 3
4 5 -4.6775 1
5 2 49.3747 5
2 4 93.9591 2
0 1 2.3953 4
3 1 89.9012 3
5 2 81.7532 3
3 0 7.0948 0
0 1 66.3295 3
4 0 95.8301 4
1 3 -0.8248 2
2 4 53.5764 2
2 3 60.7839 1
3 0 71.4 2
4 3 4.0305 4
1 5 17.363 2
0 0 -8.5035 0
0 0 58.4765 2
1 3 50.2341 1
2 5 53.9862 5
3 5 62.9729 0
5 0 72.6422 4
2 5 81.9025 3
4 1 90.0234 0
4 5 -1.4396 3
4 3 55.4304 1
1 4 16.2839 3
0 1 74.7514 3
3 0 -6.2392 2
4 3 34.1824 1
5 3 35.2603 2
0 4 1.6776 0
4 4 53.7627 4
2 1 -2.8385 1
5 1 74.3282 1
3 2 56.8354 0
2 5 -4.9552 5
4 2 30.6053 3
1 1 74.098 4
2 5 95.6416 0
4 2 43.8115 1
3 2 4.3531 3
3 3 90.1794 3
4 5 94.8996 1
2 2 74.2993 0
2 2 28.8695 5
1 0 98.8606 0
4 4 68.5793 0
1 0 93.4376 1
2 0 32.6545 1
2 4 63.2691 4
2 1 77.2219 5
0 3 32.6466 5
0 3 4.3167 5
0 1 41.0932 4
5 4 28.2365 4
3 5 14.129 1
3 1 77.3818 0
4 0 81.6772 1
2 1 35.5926 2
1 5 85.1736 4
0 2 43.4444 4
5 5 56.2658 0
5 4 96.2179 4
5 5 -7.1466 2
3 2 18.1756 2
0 4 95.1794 0
0 1 9.8422 5
1 2 49.166 0
2 4 20.4532 0
2 2 44.4471 2
1 1 12.4463 4
4 5 67.8557 0
5 2 -2.663 5
3 2 -1.2994 5
2 2 45.4759 3
3 4 36.7442 2
4 4 47.2311 0
3 3 82.1729 1
1 3 40.358 3
0 5 78.8844 0
5 2 75.4597 0
1 0 50.1394 3
3 2 39.8674 2
1 1 30.6461 0
1 2 49.7328 0
1 0 79.3314 5
4 4 91.6496 0
2 2 36.749 4
4 5 41.2811 5
0 5 26.2459 4
4 4 89.2963 5
0 4 -1.1024 1
0 4 65.0518 3
2 3 90.8428 1
2 5 -7.4036 0
2 1 53.2596 1
0 2 51.6046 3
3 0 11.5142 1
2 3 92.264 4
1 5 84.3678 3
4 1 99.2143 0
4 5 65.0054 0
2 1 88.2621 2
4 4 -7.2617 5
3 2 26.1869 5
3 2 -6.3963 2
4 2 83.7362 4
3 0 3.2541 5
2 0 -7.2987 5
4 4 67.5162 1
2 3 56.9833 4
1 4 -8.0832 2
3 1 98.9936 5
3 2 16.9175 1
2 1 39.8266 0
5 4 84.4891 5
1 1 27.9319 5
5 0 23.8701 2
1 0 14.7795 5
3 4 57.7312 3
2 3 72.8175 1
1 4 89.922 1
2 4 97.5306 1
4 1 1.1681 2
0 4 50.828 0
4 5 -0.7704 2
4 4 40.4605 0
2 2 63.9815 3
4 3 70.0582 0
1 0 70.5827 5
0 3 36.2732 3
4 2 93.7384 2
0 1 21.5395 3
0 3 66.6841 1
3 4 72.5664 4
2 0 21.696 2
5 4 71.7601 5
5 3 62.8172 2
2 3 61.7423 3
2 4 35.8761 5
3 1 57.1134 0
0 5 95.8161 0
0 2 37.8087 5
0 1 46.7597 3
5 2 98.0694 2
0 4 11.965 0
5 0 -5.4904 1
0 2 35.5571 2
0 3 31.5722 5
0 0 13.6497 5
5 3 78.2509 4
2 4 27.6439 1
1 0 96.3789 1
0 1 10.9109 3
0 0 33.1872 0
3 0 34.2633 1
5 3 81.8261 0
4 0 19.8172 5
0 4 54.7063 2
5 0 57.4672 4
3 4 -5.2159 1
0 4 41.8471 1
4 3 69.4163 5
1 5 34.274 5
2 1 1.7699 4
2 0 1.9242 2
2 3 76.1835 3
5 0 57.4806 0
0 0 -5.8955 0
5 1 48.4268 0
2 3 30.0669 5
2 2 63.8883 1
2 4 33.8594 1
3 5 83.9079 0
0 3 35.1645 1
0 4 -5.8223 2
5 5 31.5497 3
0 3 -6.3542 4
0 5 17.2145 0
4 4 -1.6371 3
5 2 67.7464 4
5 5 97.419 4
1 5 20.1131 5
0 1 8.2847 5
0 4 58.9895 1
5 0 29.5351 1
2 0 17.2749 3
3 3 24.494 3
1 3 14.139 4
1 1 43.5391 2
1 3 42.6907 0
2 5 50.961 3
5 3 70.4769 2
5 5 2.2904 5
3 3 95.1086 2
3 4 54.9251 5
5 1 80.5056 4
0 3 19.6728 0
5 1 55.127 5
4 4 27.3367 2
2 5 15.8953 5
0 5 69.2882 3
4 5 28.8482 0
4 0 23.2388 4
3 5 76.2882 0
1 4 64.5238 5
1 1 17.1421 5
5 3 10.471 5
2 1 -7.7492 2
5 0 68.9048 4
5 4 33.3688 2
4 1 56.5879 3
3 4 16.3877 3
2 1 57.4372 0
2 2 64.1257 5
5 5 44.3197 1
2 4 51.1299 3
2 3 54.0693 5
1 3 22.1954 4
5 5 35.3834 3
5 0 22.4665 3
3 2 70.1788 2
3 3 58.1661 2
2 5 17.1045 0
3 5 24.3664 0
0 4 29.6353 2
0 3 -8.9078 4
2 5 51.4445 5
3 3 -7.3134 3
4 2 81.2493 1
4 2 95.8882 1
4 5 -3.706 5
2 0 18.1504 4
0 3 40.4306 2
0 1 -1.1374 2
3 3 3.9522 4
0 5 48.8646 5
5 3 1.178 3
5 4 70.7097 2
2 3 27.7767 4
0 5 77.5637 2
5 2 -6.9119 4
2 2 -7.6669 3
2 5 9.2468 2
3 5 10.933 5
4 5 43.5062 3
3 4 -6.7276 4
4 5 81.2 2
0 5 47.7939 5
2 2 14.438 5
2 3 28.0716 5
5 5 14.0579 3
2 3 -8.1778 0
1 4 -5.4882 1
4 2 88.946 3
1 2 87.8538 2
2 4 46.2293 0
2 2 56.2138 5
0 1 20.1787 4
3 0 22.5348 2
0 0 98.7669 5
3 5 -2.5303 5
4 1 2.8804 0
0 5 22.6284 2
0 0 51.5501 0
3 4 58.7038 3
4 2 22.9368 4
5 4 43.4995 3
5 4 11.5082 2
4 4 13.5014 0
5 5 89.1217 5
5 4 75.4859 3
1 5 64.9849 5
2 4 18.2049 3
2 5 46.8956 4
3 5 9.5059 0
1 5 60.0266 0
1 2 -7.4833 5
5 0 41.6045 0
5 4 34.9923 1
0 4 66.2784 4
2 3 57.4432 5
0 3 14.7514 0
5 2 22.5101 3
4 0 -0.1965 4
4 1 87.4199 0
0 5 45.1977 1
3 3 78.7617 5
0 2 42.7852 2
0 0 25.6519 5
2 5 15.2568 5
3 2 22.9804 2
3 3 9.7271 4
5 5 33.2859 2
3 5 7.4115 2
0 5 48.4651 2
3 4 66.5089 4
5 4 -5.2443 4
5 4 48.9173 4
0 2 14.7368 4
0 1 -5.0379 4
5 2 33.1941 5
5 3 28.0547 3
4 4 7.3354 2
3 4 83.1651 1
3 2 11.4626 1
4 4 2.6341 5
2 5 90.6988 0
0 3 93.6028 1
3 4 19.1681 1
2 2 26.3438 0
2 4 49.0466 5
1 3 56.827 3
0 0 85.0309 4
5 4 78.1573 0
2 2 13.7271 4
3 0 42.5592 0
1 5 -1.277 1
2 4 44.9163 5
3 3 27.425 5
5 4 73.0955 3
