3 4 11.8645 4
5 5 60.1919 1
0 5 73.9322 0
3 1 43.958 1
4 4 99.6066 0
0 2 70.271 5
2 2 89.6834 5
4 5 60.0764 5
5 5 31.9899 5
2 5 18.5805 2
1 5 89.6826 3
5 4 94.8174 5
2 4 26.1641 0
0 3 14.5093 5
1 5 0.8461 1
0 2 15.6177 2
2 3 59.3022 2
5 5 6.9495 0
3 1 10.8108 4
4 0 68.3118 4
4 0 8.1582 5
0 0 34.4554 1
1 4 92.2646 4
4 4 1.5592 1
2 2 45.6434 1
2 0 -1.3271 1
3 3 65.9003 0
0 2 -9.404 0
2 3 9.972 5
1 3 79.2879 5
2 3 75.9204 0
0 4 98.8455 3
4 4 70.7672 0
2 0 45.373 2
2 3 31.7336 3
4 2 85.2664 2
1 3 89.9574 3
4 1 76.3432 3
5 3 21.1025 2
0 2 -3.3617 3
4 4 0.5749 4
1 5 46.6068 5
1 4 85.1333 3
0 2 78.8987 4
1 4 26.3096 4
2 0 -1.4323 1
5 3 55.0494 1
5 0 98.7189 2
4 5 13.797 3
4 5 62.7545 3
4 1 75.5472 5
0 4 9.6192 3
1 0 -5.2725 4
2 5 34.4404 5
5 3 67.2438 3
1 1 30.82 5
2 3 20.5593 5
0 5 57.904 0
4 4 40.3247 3
5 1 72.316 5
2 3 -4.9931 4
5 4 15.5768 5
3 1 62.646 5
0 0 6.012 0
4 4 37.3926 1
5 0 61.4637 3
4 5 93.8896 2
4 0 52.1824 4
0 4 50.4542 0
1 0 85.1573 2
4 5 48.9455 3
4 3 74.7395 0
4 4 48.3333 2
1 1 58.0329 2
0 1 10.2312 3
0 3 94.2379 3
1 0 21.7008 2
2 3 61.545 1
2 5 87.5211 1
2 1 68.0971 3
5 0 14.6357 3
1 4 -2.4491 2
3 2 14.2827 1
1 5 -5.71 4
3 0 17.9359 1
2 1 45.8817 0
3 5 62.7975 3
2 3 25.2068 5
0 0 62.7349 2
0 0 50.65 1
0 3 40.3854 0
0 3 6.6464 0
5 4 78.342 3
4 4 5.8564 1
3 0 67.2452 0
0 1 -6.1689 5
5 3 12.6196 4
1 0 97.922 0
0 2 69.9397 1
1 5 46.8119 5
1 5 48.7631 4
0 2 24.0733 1
4 2 66.0474 0
2 2 74.8437 0
4 3 40.436 5
2 1 -5.7703 1
4 2 97.9354 2
1 5 80.8197 2
5 0 22.6652 4
1 2 96.0482 5
4 3 39.3401 3
2 3 73.3185 3
5 5 41.3111 4
3 3 36.862 5
0 0 1.7279 0
1 3 45.9582 4
0 0 0.9886 4
4 1 63.4991 1
4 2 18.02 3
0 4 83.2395 5
3 4 76.1941 5
2 1 39.2039 1
4 5 7.1637 1
5 5 36.8794 4
0 2 71.3515 3
3 5 36.9626 3
5 2 -5.3015 3
4 3 40.1234 1
0 1 38.7037 4
0 4 22.5924 3
2 2 79.8361 1
0 0 90.0484 2
2 4 52.6015 2
2 3 -4.7879 0
5 0 75.6206 1
0 1 47.287 5
5 0 88.498 0
1 2 89.2763 1
3 3 96.6395 4
2 0 59.2571 3
3 1 57.2965 5
5 1 77.7313 3
4 1 90.3443 2
1 5 61.1063 0
0 5 39.5655 5
5 2 51.2354 2
0 3 22.1654 3
5 1 50.7109 1
4 1 22.8676 2
3 4 13.2683 2
2 3 98.7399 3
1 5 63.1694 1
2 0 38.3079 2
5 3 60.4742 5
2 4 -1.0987 4
4 0 82.3167 3
5 5 40.8616 2
3 5 -3.7054 2
0 3 34.1402 5
5 2 80.3385 1
2 0 72.6446 1
4 1 37.2681 1
0 4 76.6173 3
2 4 83.5409 4
2 5 49.7946 2
5 3 98.3763 4
0 5 14.8938 1
4 5 96.83 4
1 5 54.499 2
2 2 77.5816 4
0 0 -4.4421 4
0 0 66.8956 0
2 3 94.5541 1
5 0 2.5769 5
0 0 43.8699 3
0 4 67.9494 2
5 4 95.713 1
5 3 71.9675 0
4 2 46.5014 5
4 5 90.6479 1
1 3 47.8173 2
0 0 87.0605 1
1 2 68.8986 5
2 0 44.7725 5
4 3 52.0627 0
1 0 80.3217 4
3 2 14.1171 1
4 0 61.18 4
2 0 47.6829 1
2 1 32.9503 4
1 5 32.5137 0
0 1 73.703 3
3 4 -4.774 3
0 2 -2.2482 4
3 0 58.5161 5
4 2 18.4821 2
1 2 54.0049 3
5 1 42.787 4
0 3 76.7068 3
4 2 -2.4867 3
1 2 88.5931 2
1 3 34.4392 5
0 3 29.0965 0
4 1 47.9224 0
1 1 46.9012 5
2 2 51.8133 0
2 0 18.4237 5
2 0 -5.1417 0
3 5 27.9133 0
3 0 54.9735 3
5 1 -6.5046 2
4 4 67.4476 5
1 0 10.2425 0
1 5 86.0449 0
2 2 -9.2172 4
4 1 11.4017 3
4 5 80.0534 1
4 3 2.2669 2
4 2 51.4774 2
0 3 9.4863 1
0 2 16.8545 1
0 5 41.8556 5
4 0 -1.1583 1
4 0 81.6849 0
2 1 60.0346 3
4 4 -5.9201 0
0 1 -0.878 1
0 2 60.9449 5
1 5 11.4777 4
0 0 57.5559 2
2 5 68.119 0
3 1 72.0811 4
3 0 75.6047 3
1 3 23.3688 1
5 3 5.8168 3
1 5 84.6395 2
1 3 41.6583 0
1 2 65.3363 2
4 0 58.5304 3
2 2 92.3361 4
2 5 26.5491 4
3 5 42.3291 3
1 1 94.4634 2
4 5 88.815 1
0 3 44.1891 2
3 2 67.0496 5
2 4 2.6773 1
1 2 23.0066 5
1 3 48.8867 3
0 4 -2.2384 4
3 1 85.3911 1
1 0 97.873 4
1 4 95.7498 2
2 4 17.2313 0
2 5 12.4892 3
4 2 64.5926 4
5 2 8.5664 2
1 3 80.0354 2
3 5 52.5531 2
3 0 94.5682 5
2 1 7.3449 3
4 2 20.5741 3
1 3 85.9067 0
0 5 64.806 2
0 0 7.4694 5
0 3 0.0473 1
0 2 69.3985 5
3 2 31.0275 3
5 0 46.9299 1
1 4 7.0125 4
5 3 98.9476 1
2 1 22.1893 2
2 2 24.5494 2
2 1 44.0432 4
5 5 41.7659 4
3 2 59.7151 0
1 2 93.7628 2
5 4 77.3643 0
2 1 84.2172 5
1 2 -5.4209 1
1 4 -5.0113 2
3 1 23.3761 2
1 5 -6.2614 4
5 4 42.6327 3
0 3 42.2439 4
1 3 28.9714 3
3 0 92.4065 3
5 4 -6.5421 0
2 2 9.4515 4
3 1 87.3863 5
2 2 25.8501 5
1 0 49.6653 0
0 5 46.0187 0
5 2 47.5541 0
4 4 42.1762 4
5 3 12.9955 2
3 3 15.8914 5
1 3 88.5111 3
1 4 -1.8188 2
3 1 -0.111 0
4 4 -5.5529 5
4 4 -5.2353 4
1 2 71.4783 0
1 3 51.4441 4
1 0 93.1823 3
3 4 13.689 5
5 0 2.9561 5
4 4 10.0854 0
3 4 94.2222 1
1 3 50.767 1
1 2 41.9434 0
4 3 33.1041 1
1 4 70.5273 3
5 0 13.8467 2
1 1 81.4171 4
2 0 84.624 5
4 5 52.2843 0
0 1 68.3642 1
4 4 63.3356 1
3 4 60.9387 1
5 2 42.735 3
0 1 27.1449 5
1 5 7.5261 4
1 4 78.2303 2
1 5 28.4096 0
3 0 6.3141 5
3 5 26.934 1
3 1 36.6055 3
1 1 61.7467 3
2 5 26.5824 0
5 4 31.7105 1
1 2 37.7924 4
1 2 67.3671 3
1 0 -4.245 4
4 1 -9.6256 1
3 5 75.6031 0
4 5 35.743 1
0 4 30.5389 0
0 5 14.7848 4
5 4 4.8451 0
2 3 17.9568 4
2 5 46.2013 1
2 2 33.1189 0
5 1 12.8516 0
4 1 34.7464 2
4 1 75.7413 4
3 1 3.5084 4
0 2 2.5387 1
2 1 -0.1888 0
3 4 16.0068 4
5 1 45.5795 2
5 4 50.2483 2
5 2 -7.4498 5
2 0 25.0302 1
4 1 -1.127 1
4 1 73.5314 3
2 3 11.6191 2
5 1 63.3743 4
5 5 56.0672 5
1 1 14.4443 2
2 2 27.7075 2
3 1 16.655 2
4 5 48.7159 1
3 5 46.7796 5
4 1 95.0056 1
2 4 85.1718 4
2 5 11.4815 4
2 0 14.0449 4
0 2 52.5683 1
3 2 -9.1953 1
2 3 90.069 5
4 3 27.1397 0
3 4 28.3256 3
0 0 73.4242 3
0 2 87.8096 1
1 5 19.5337 0
1 2 50.8845 1
0 1 13.2048 0
2 1 39.6605 5
2 5 90.5514 3
5 0 7.241 0
1 1 88.8547 5
4 2 54.7891 3
3 2 87.1968 0
2 5 44.0864 3
3 5 -2.0068 4
4 2 79.4786 1
0 0 69.5061 4
0 0 91.5043 0
5 5 88.3559 5
1 1 98.5557 3
4 4 28.3762 2
3 0 8.1082 0
4 5 79.7149 3
0 0 19.3655 3
5 3 58.7703 1
3 2 -9.9229 0
5 1 82.6687 3
2 5 24.8131 3
2 2 44.6939 1
5 4 31.3359 2
0 3 80.1913 1
4 1 4.3116 2
3 2 50.9719 4
1 3 -0.2114 2
0 2 61.7178 5
4 3 92.0582 0
2 2 37.0199 5
1 4 23.8174 1
1 3 85.6395 3
5 2 21.9221 1
1 4 90.1647 1
1 4 94.9139 0
5 3 71.3335 1
4 2 40.5561 3
0 1 61.5093 3
1 3 69.653 5
0 3 97.4355 2
0 2 63.5626 1
3 4 41.2398 5
4 5 40.4474 1
5 5 50.6325 0
4 2 51.6822 2
1 1 56.7861 2
3 1 84.5946 5
2 3 96.2324 4
3 2 77.0745 1
3 1 51.7853 3
2 0 75.0923 0
2 0 6.1327 5
4 5 26.275 3
5 4 62.7722 1
2 1 27.1169 3
0 5 30.7244 1
3 5 12.5777 4
5 2 -8.7549 3
2 5 96.6847 1
1 2 31.7522 1
0 3 29.1705 0
0 4 0.7194 1
1 1 73.1484 3
3 2 -5.8496 5
0 4 96.3356 4
4 3 75.3291 0
3 3 7.533 3
4 2 47.7168 0
5 5 3.4835 3
5 3 58.1444 4
2 5 79.2538 5
3 2 86.6495 2
1 1 69.4813 3
5 2 29.6554 4
2 2 31.1072 4
3 5 6.7545 1
0 0 98.753 5
1 2 21.6903 4
3 0 34.2029 4
4 4 3.7954 4
5 0 40.7935 4
1 2 75.4364 4
1 3 71.6668 2
5 1 22.0752 5
0 0 21.2113 0
5 3 67.334 2
0 5 81.1495 3
1 1 27.6602 1
1 4 83.3672 3
2 5 96.6023 5
4 1 -0.277 5
5 0 32.2581 4
4 2 53.2719 4
2 0 42.1988 2
0 0 63.822 1
2 4 64.1774 2
5 5 2.9898 2
0 0 31.7968 2
4 2 11.9153 0
4 2 85.3375 3
5 3 53.4279 1
2 0 72.2366 3
5 4 98.4308 0
0 3 -8.1741 5
1 3 59.0555 3
5 1 79.9922 2
1 4 26.5009 4
1 3 30.0486 1
3 1 13.565 4
5 0 80.3049 5
5 0 32.7331 0
0 0 42.6758 4
2 2 16.5537 5
3 2 12.3661 3
3 1 5.1503 2
4 4 2.5713 5
0 1 8.5583 4
1 3 -5.3959 1
2 1 69.6479 3
0 4 94.3467 5
2 1 15.7658 1
1 0 85.9794 5
2 1 89.8642 5
1 4 95.3604 0
3 2 67.0519 3
3 4 -7.6268 4
4 3 42.5273 0
2 1 69.5041 0
2 4 87.9394 3
5 3 62.5571 3
4 0 64.707 4
2 4 18.488 1
3 5 6.9301 5
5 5 21.1756 3
3 3 -1.1795 5
1 2 27.4004 0
0 1 87.7322 2
0 1 47.0787 3
3 4 30.6932 1
5 1 30.0182 1
5 5 39.8868 3
0 2 68.2844 3
3 0 2.0836 4
5 4 26.7976 3
0 4 40.4263 5
4 2 68.7989 0
4 1 -2.0895 5
3 2 84.8921 4
0 5 -8.7677 0
5 0 16.561 4
4 5 58.599 3
4 2 41.3818 5
5 4 9.9303 0
3 4 49.2018 3
1 4 67.2701 4
3 4 7.8252 5
2 1 68.2536 0
4 4 8.3549 0
2 0 27.5975 0
4 4 27.7568 3
2 2 34.5617 2
5 1 57.4182 4
1 1 0.3432 3
0 2 55.8295 2
1 1 -9.4251 1
2 1 89.9079 5
3 5 18.2933 3
2 5 52.4467 2
5 3 79.4625 0
3 3 57.1351 0
1 2 95.1927 5
1 5 45.5573 0
5 4 39.7007 5
4 0 52.3688 0
3 5 76.9717 3
1 3 12.4426 4
0 3 36.1599 3
5 5 76.4243 1
2 4 39.8243 2
0 2 25.7011 4
3 1 44.8461 1
3 2 96.3972 5
2 5 14.6342 2
3 4 8.0249 5
5 3 54.2941 0
0 4 45.2022 0
4 1 40.4967 4
3 5 9.9269 2
3 4 49.1082 2
2 5 12.4435 5
2 0 92.1985 5
3 1 69.5212 2
2 5 -8.8994 3
3 0 62.8065 2
0 3 85.4355 4
1 2 43.4749 3
3 4 9.5423 3
4 5 31.2992 5
1 3 44.5538 0
5 4 56.6937 2
2 1 43.6884 5
4 2 87.9211 0
2 3 66.0804 2
0 5 61.0832 1
1 3 45.972 1
5 1 68.159 3
5 1 60.1248 4
2 5 63.2984 3
0 0 66.6876 2
5 1 44.1717 0
4 3 83.0129 2
5 1 47.9564 3
0 2 75.0271 4
5 0 26.7344 5
0 5 89.3869 5
5 4 37.6954 3
5 5 -0.2267 4
5 5 -6.8956 1
2 2 56.1448 5
5 3 96.0548 0
0 1 38.1408 3
3 2 95.8123 2
1 2 30.3735 1
1 1 17.7012 1
0 5 13.0478 1
2 4 0.7798 0
2 3 91.2007 3
4 1 65.3909 3
0 0 24.4585 1
0 1 79.5438 2
4 2 -5.1403 2
3 4 40.7428 3
1 0 30.7402 5
0 3 4.65 3
4 2 88.534 2
5 5 47.268 2
5 3 84.0785 0
1 5 77.4279 2
1 5 37.3679 2
4 2 10.0744 4
2 3 3.2232 4
5 5 28.3451 1
0 0 10.9237 4
0 3 22.4187 4
4 4 68.6753 3
5 3 21.4121 0
1 0 53.7863 1
2 4 3.5155 3
1 0 71.7055 3
3 4 61.3889 2
3 2 65.3653 0
0 1 7.7808 5
3 5 7.1197 5
2 5 23.5122 2
0 3 59.2044 5
1 4 41.5764 3
3 0 10.4833 0
5 4 29.0893 0
1 0 98.6121 3
2 1 30.815 4
5 5 88.4338 2
3 0 80.0772 0
4 3 56.9252 3
2 5 7.3733 1
5 4 44.036 3
5 1 19.2284 2
1 3 95.4929 0
5 0 52.9151 3
5 4 37.7621 0
5 4 76.2214 4
3 4 18.2217 1
4 3 50.5185 2
1 2 62.2315 4
4 2 39.7201 4
3 5 -6.2346 3
2 2 79.0839 5
5 5 71.439 0
4 5 24.4312 0
2 5 61.8446 4
4 0 76.0039 5
0 1 50.5915 2
2 0 16.3587 4
0 2 -2.7552 5
1 5 10.2435 2
4 1 7.0375 3
3 5 32.1631 1
0 2 70.6331 4
0 2 25.7799 4
3 4 37.3086 5
4 2 49.5595 3
5 5 27.2591 3
3 0 -8.5532 3
3 5 56.6132 5
5 0 80.6741 0
3 3 44.5415 5
0 2 26.9022 1
1 3 86.7125 4
2 2 0.5671 2
1 2 12.4668 4
4 0 99.8546 1
1 3 28.1216 5
3 1 43.2554 5
1 3 70.7292 4
3 5 -0.7342 1
3 4 13.9192 4
5 4 25.0227 4
5 1 79.5032 1
3 4 76.9701 2
4 4 19.4634 5
5 2 35.0729 5
5 1 35.1009 4
1 3 97.8613 3
0 1 96.8318 4
2 3 2.0526 2
0 5 61.6251 4
5 1 -2.0677 3
5 4 79.3854 5
3 0 48.4307 3
4 3 -8.3506 0
1 4 52.1554 0
5 5 55.8711 3
2 2 82.1092 5
1 3 65.2733 3
4 4 79.4505 5
0 2 -6.8756 1
0 1 86.743 1
2 2 98.282 1
5 0 93.9865 5
2 1 31.4732 4
5 5 27.8106 4
3 1 86.319 2
2 5 94.4265 2
2 0 43.6067 1
2 1 11.8026 0
0 4 45.4176 5
4 2 63.9787 5
3 0 66.4305 0
4 0 90.6462 4
1 3 86.8578 1
3 3 84.2414 5
3 0 32.6596 2
2 0 89.323 5
2 3 35.9657 3
3 5 24.5035 2
5 3 22.8852 1
0 5 90.9688 5
1 3 81.0124 3
0 4 97.5117 5
5 5 17.9232 0
4 0 67.2771 3
5 3 70.5505 0
1 4 60.558 4
3 3 57.8392 0
0 0 66.3491 1
3 5 66.4492 1
0 1 32.0273 5
0 4 46.2762 5
5 5 37.3694 1
2 2 86.5344 3
4 0 78.8968 1
0 4 4.4656 1
5 4 17.2262 0
5 1 45.8481 0
2 3 58.6011 4
5 2 36.5817 1
2 5 70.9764 5
5 0 78.1979 3
0 1 26.2743 5
2 2 91.3403 4
5 2 98.1447 3
3 3 85.0917 5
5 2 29.9729 1
2 1 0.7979 5
3 4 95.4882 1
1 3 15.5075 5
3 4 30.4175 2
1 2 -4.5897 3
5 3 91.0338 2
4 4 -6.1875 5
3 3 34.7258 0
3 3 26.7236 5
0 5 20.4359 3
3 5 7.8516 1
5 3 49.6295 3
5 2 97.608 2
1 3 80.7837 4
5 1 45.6873 5
3 5 22.8362 5
4 3 -2.0946 1
2 3 3.8786 5
2 4 67.054 2
2 1 85.2802 4
1 5 81.6591 4
3 5 58.58 5
2 2 60.6356 4
3 2 99.7349 2
4 0 76.5951 2
5 3 71.7349 0
3 2 55.3731 2
2 2 57.7598 5
0 4 67.3126 1
5 2 6.8535 3
4 1 14.752 3
5 4 40.8869 0
5 0 31.4965 5
3 2 -3.0169 2
0 0 43.479 3
4 1 55.06 0
3 4 -7.0915 5
0 3 96.8615 5
1 0 15.8585 4
3 0 88.5927 3
3 0 81.5345 2
2 4 93.0371 0
5 0 73.1355 4
0 5 31.5863 3
5 2 32.3554 1
5 2 25.4331 5
1 5 50.5315 4
1 1 75.8192 1
5 0 34.5702 5
3 4 16.2755 0
1 0 1.4464 4
3 1 83.8768 4
1 2 19.3931 0
0 0 14.5535 1
1 4 5.1662 2
2 3 -5.4475 4
2 4 62.0583 1
5 3 52.1997 0
1 4 50.8018 3
0 3 41.2526 5
4 1 63.3399 3
1 4 23.1176 1
3 5 28.6776 3
1 0 15.8334 3
0 3 84.7222 1
0 4 60.8011 3
1 4 32.6445 4
3 0 12.6928 0
2 1 70.0321 1
4 3 57.8934 1
3 5 99.2166 2
5 0 61.7022 4
4 5 75.9579 1
2 4 91.8529 5
2 5 53.9906 1
2 2 -4.3685 2
1 1 -9.2889 4
2 0 14.7132 5
0 5 67.7032 1
5 0 67.8699 0
5 5 68.0947 2
0 3 4.7307 2
4 0 35.8302 0
5 1 72.1396 5
5 2 45.2897 1
5 4 52.817 4
3 2 84.3593 4
0 2 73.7892 2
2 2 -6.0591 3
2 5 43.9797 0
5 1 13.0375 2
1 1 12.0189 4
5 5 49.9493 2
0 4 2.2027 2
4 4 18.4286 1
1 0 22.7542 0
0 3 21.2016 1
4 5 -2.529 1
3 5 71.8226 1
5 1 -5.7028 5
4 4 93.6477 3
2 4 93.2409 2
4 5 63.6044 4
0 1 -5.7149 1
2 1 24.6077 1
2 0 89.6029 2
1 4 92.6384 5
4 3 65.5129 2
1 0 17.234 3
2 4 22.4806 4
3 1 4.9385 1
4 0 72.1252 2
3 3 39.5985 0
3 0 20.7128 1
1 3 22.334 3
3 4 69.6031 2
3 4 57.865 0
4 2 4.2869 3
1 4 26.5871 2
1 3 81.7448 2
0 3 5.9332 3
2 0 46.8996 3
4 5 54.2471 1
4 3 73.8012 3
0 2 -6.6331 2
0 3 5.956 4
5 5 80.7624 3
2 0 48.6867 1
0 2 39.8459 1
4 0 -9.7731 0
1 4 59.419 2
4 5 84.0026 3
4 1 20.9784 4
1 0 21.3938 0
2 4 38.17 2
5 0 12.3684 2
0 4 29.6992 5
0 0 54.7886 2
3 2 43.1555 0
5 5 13.9076 0
5 5 34.6785 4
3 1 76.1837 4
2 2 17.0721 4
0 1 95.6573 0
4 5 96.9856 0
2 0 -3.2809 3
4 4 1.3415 2
2 2 88.653 1
4 5 66.9195 1
0 1 23.6164 0
1 4 91.4127 2
5 2 72.0709 5
4 1 97.4733 4
0 3 39.0298 0
4 4 37.4441 0
2 2 54.9295 5
2 3 98.7511 1
5 3 7.3156 3
1 0 92.8045 2
5 2 14.2946 1
0 1 41.9859 3
5 2 -1.1032 5
3 2 9.1401 3
5 3 36.9815 2
3 5 78.3092 2
0 2 14.2169 1
2 3 3.2883 5
4 2 0.1839 5
4 0 33.9608 0
0 5 17.6575 3
0 5 79.4518 3
3 4 43.9355 2
4 5 49.9903 5
2 2 69.4246 0
5 2 52.0695 3
2 3 16.4317 5
3 2 27.4045 0
4 5 98.9422 0
4 4 61.8083 0
0 4 6.6479 2
4 3 62.9738 5
4 4 61.5022 4
5 2 14.9038 4
3 3 62.8775 1
3 4 94.517 4
5 0 64.356 3
4 4 -2.8155 0
5 2 -3.5958 5
0 5 36.6069 1
2 2 -0.6906 5
5 2 2.8512 2
3 2 21.2948 0
4 4 75.8388 5
1 2 -2.1364 1
2 1 51.9379 5
1 1 92.7088 5
5 1 89.0566 1
3 2 38.3002 1
5 1 23.8057 5
3 3 10.8405 0
4 5 82.6431 5
4 1 19.6594 0
0 3 28.0671 5
0 0 32.9049 2
2 0 97.0137 4
3 1 44.1674 3
0 0 77.7966 3
3 5 85.5453 4
5 4 31.0799 0
1 5 54.4975 4
5 3 74.4495 5
4 0 -6.8785 5
3 1 87.2397 4
1 3 71.7112 5
5 0 4.6986 1
1 2 23.0986 5
5 3 89.1114 5
1 5 12.9418 2
2 0 16.3938 0
0 0 51.4073 4
5 0 51.823 3
3 3 17.5377 1
5 5 44.3722 2
5 4 5.059 5
0 2 60.4393 1
4 4 82.8302 1
4 0 70.1907 1
1 4 43.0216 0
1 4 69.7157 5
2 1 88.4494 0
1 4 87.7061 5
4 0 86.0741 3
3 0 89.2889 3
4 5 65.2113 2
3 4 19.0107 5
1 5 44.106 5
1 5 46.2975 0
3 5 12.1512 4
1 2 11.2672 5
0 4 99.286 2
1 2 16.5137 1
4 0 59.5048 5
5 2 -3.2995 5
0 4 22.9522 0
4 1 37.2129 5
3 2 86.6558 2
2 4 31.1394 3
1 3 71.4669 3
1 1 0.2912 3
4 2 80.4414 2
