2 2 11.7046 1
0 2 42.386 4
4 1 6.0019 5
5 4 -9.7331 2
0 3 8.9948 1
4 3 10.1161 2
0 0 50.6086 2
4 3 12.5474 1
0 0 82.9933 5
4 3 55.4853 4
0 0 82.3436 5
5 1 71.7447 0
0 4 40.7362 0
4 0 19.9116 5
4 0 28.6555 4
0 3 72.6164 4
4 1 14.1075 3
3 5 5.2177 3
0 0 -4.2544 5
0 5 29.3857 3
0 2 98.419 4
5 3 -3.8448 3
5 5 0.4711 2
4 0 -8.1113 3
2 3 53.3142 0
3 1 73.6691 0
5 0 16.3896 5
3 0 85.0462 3
0 1 16.3315 1
0 1 8.0674 0
0 1 63.746 3
4 5 70.5455 3
3 4 19.4586 0
3 4 35.6517 4
2 2 39.9111 1
0 4 43.5162 0
0 5 5.5459 0
5 0 46.1434 5
0 3 8.1883 5
3 2 40.6275 3
4 5 79.9683 3
1 5 37.0923 2
2 0 84.3808 2
2 1 75.3457 2
5 5 42.588 5
5 4 33.3266 4
3 2 31.6383 5
4 5 62.4599 0
2 5 1.3425 1
2 5 -4.6104 4
4 4 56.5632 4
0 4 -7.5674 5
4 0 60.3405 1
2 1 61.7962 2
0 5 46.7219 4
4 3 -0.4687 5
2 0 29.5483 5
4 5 83.3738 0
3 5 82.7811 3
3 4 83.5535 0
3 0 2.0527 3
1 0 91.2963 5
2 4 93.0339 5
1 4 88.07 0
0 0 50.5711 5
3 4 68.6241 1
5 3 12.4394 4
5 2 25.7122 1
1 3 53.5153 4
3 5 62.5259 4
1 3 66.6008 1
4 5 99.3482 2
5 5 26.3786 5
3 1 45.3427 2
5 1 17.9638 1
1 2 63.7186 2
4 3 22.1678 3
1 5 93.6606 3
4 5 -2.5234 2
1 0 90.0642 4
3 3 47.3382 4
3 5 34.0071 0
5 3 78.5254 4
2 3 43.9156 3
1 3 32.7111 4
3 4 72.6911 0
4 2 94.1486 3
4 3 64.8706 0
4 0 32.7114 2
5 2 55.7525 0
2 2 6.0771 3
5 1 8.2053 3
4 2 27.7846 0
5 2 75.0002 1
1 2 36.9062 0
3 4 1.0918 5
3 1 12.0432 5
4 0 93.2648 3
0 4 99.7228 0
0 0 -3.6091 2
3 3 20.5659 4
0 1 46.0732 4
1 4 86.8492 5
0 5 62.9615 4
5 5 8.1346 4
1 2 28.5754 2
0 5 49.9941 0
4 1 30.2707 3
5 5 42.7188 1
0 4 42.7453 5
3 5 35.1366 3
0 2 8.4792 5
3 1 21.2284 4
2 5 18.9672 3
2 5 24.61 0
0 0 96.4488 4
1 4 80.8543 0
3 0 94.392 5
5 5 98.2023 1
4 3 68.6805 1
2 2 15.908 0
5 2 43.7596 4
3 1 94.3715 3
3 1 10.6095 0
0 1 -8.2401 2
3 2 51.6101 4
0 2 36.5125 4
0 4 95.0888 3
0 1 91.8166 3
1 0 73.8355 4
2 2 91.5722 0
5 2 95.8687 4
2 0 7.4316 2
3 1 35.3973 5
2 1 61.4367 4
5 3 84.4973 1
5 5 -6.4373 5
0 5 67.4009 5
3 1 78.3249 1
0 2 79.3193 2
2 1 59.7942 3
1 4 19.9298 3
0 1 63.435 0
0 4 54.3043 1
2 3 2.0692 2
4 1 16.4068 4
1 3 79.194 5
2 4 70.7566 1
5 3 33.8619 5
3 0 11.9747 0
4 1 33.1906 3
0 0 50.4519 4
4 2 56.4682 4
4 4 72.3554 1
1 2 39.8334 1
0 4 -3.0442 0
3 2 33.2237 1
4 1 70.9071 3
0 3 83.7675 3
3 2 29.6203 5
5 0 99.2827 0
1 2 -3.7185 4
0 2 80.2303 0
3 3 13.9585 3
2 0 91.061 2
3 2 86.5939 2
2 0 23.5237 5
2 2 -0.5818 1
5 0 44.7231 3
0 5 83.6573 3
5 0 87.6521 4
3 2 16.0699 5
4 5 7.666 1
0 3 86.4573 3
0 3 96.0063 3
2 4 73.6798 0
0 0 48.4488 1
3 4 84.5535 0
1 3 30.6814 5
4 2 96.819 3
4 4 -7.492 5
5 4 36.5668 1
0 4 86.039 0
0 0 75.3759 2
1 2 27.5753 1
3 4 76.7683 2
1 4 30.6474 4
0 1 36.0493 3
3 3 10.6151 4
4 0 81.2698 4
4 5 36.4856 5
1 4 51.5021 1
1 3 3.3391 1
4 0 65.8461 1
5 1 32.7887 5
0 5 58.0122 5
3 3 46.925 3
3 0 -5.7607 2
1 3 20.0958 0
0 5 52.6463 1
3 0 30.1607 0
5 3 91.3547 4
4 1 5.2053 0
3 2 55.136 2
2 3 93.5014 2
2 5 2.676 5
5 3 99.9417 5
0 1 82.1549 2
0 0 -7.1275 3
3 0 49.7671 1
4 1 22.8105 3
4 3 24.8735 4
0 5 50.2105 1
1 1 50.9703 4
5 1 52.3997 1
2 1 9.2369 4
2 0 36.6537 3
2 2 96.5047 0
5 4 52.4125 1
5 0 93.0016 2
3 1 79.3463 2
0 2 25.2526 5
0 0 58.2904 0
0 1 50.3152 2
0 0 85.5928 1
3 5 22.9139 5
5 1 1.3967 5
3 0 90.3338 3
5 4 78.6826 5
0 3 31.8769 5
5 0 90.2295 3
0 3 9.1148 3
2 4 20.7985 1
4 3 33.8946 4
3 5 63.6736 4
4 4 88.8811 3
3 4 23.7632 5
5 1 53.2372 2
1 2 88.1604 1
3 4 47.6895 4
5 0 0.7256 5
2 4 33.6144 4
1 3 51.9242 4
4 0 42.5061 0
1 5 84.1338 0
2 1 74.6044 3
3 3 26.399 4
2 4 77.2961 3
5 3 82.3695 0
5 4 27.0191 4
5 5 42.2641 4
5 2 74.7474 4
2 1 44.6309 3
0 0 12.1053 3
1 5 0.9455 4
3 0 88.5781 1
0 2 40.0882 0
3 4 -1.2216 0
1 5 56.7499 2
5 2 3.4667 2
3 4 5.5789 2
5 2 90.2478 3
4 5 72.7603 0
2 3 -0.814 5
2 4 20.9429 4
5 0 94.2003 2
0 1 -8.398 0
1 0 92.5391 5
5 3 36.8039 5
4 2 39.2029 3
0 2 87.7504 2
4 1 21.6318 2
1 5 3.4775 1
4 3 2.578 2
3 5 96.2452 1
4 3 91.9234 1
4 5 81.2023 4
2 0 58.311 4
0 5 23.0271 0
1 4 40.2543 1
5 1 -1.6801 1
0 5 -9.9653 5
2 2 84.079 2
2 1 86.9686 0
1 1 81.4322 3
2 1 60.4113 5
1 5 17.4259 4
1 1 4.352 0
2 1 63.7915 5
5 5 88.0798 4
2 2 61.2689 0
5 3 22.0681 4
0 0 22.5657 0
2 1 80.216 3
2 3 61.9614 3
0 5 45.9279 5
5 4 56.8042 5
3 0 41.2536 0
0 0 83.2352 3
4 5 87.2391 1
1 3 -6.7189 0
2 1 18.4114 3
3 3 56.5039 0
0 0 84.918 1
0 2 59.8886 5
0 4 57.9409 4
5 5 -7.5692 1
5 0 9.7838 4
2 2 38.6836 0
4 5 59.639 0
0 0 3.9699 4
5 1 34.345 5
5 2 90.183 2
4 3 35.0296 2
4 3 71.4431 0
2 3 89.1415 0
4 1 37.556 2
4 4 96.1243 2
5 2 54.175 2
2 3 99.3528 3
4 0 28.7753 1
3 4 57.8383 2
4 0 33.0046 2
0 0 45.8057 3
3 0 -8.8326 5
0 2 18.103 2
2 2 9.1289 0
0 4 50.4591 0
5 2 8.0221 2
2 2 6.4557 4
0 1 68.3545 4
2 2 32.2408 4
4 2 86.2523 5
5 4 59.8695 0
0 1 52.0629 0
4 5 19.5636 2
5 2 -6.2836 5
1 1 92.0554 0
4 4 39.1536 1
5 3 67.1015 3
0 4 50.8925 0
2 1 62.0298 4
3 0 49.6377 5
5 5 -8.7358 2
4 4 77.1731 3
3 0 7.0973 2
2 1 88.8667 3
1 5 -2.3654 1
3 1 12.7113 0
2 3 63.6433 2
5 5 27.3975 5
3 2 22.6432 3
2 2 32.1131 3
1 5 97.5429 5
1 4 47.6554 2
2 2 92.319 3
1 0 -9.3136 1
2 3 20.5815 0
0 3 9.8463 0
3 4 31.4282 4
1 0 80.2774 3
1 5 60.4876 0
5 1 72.5953 3
5 5 87.1435 0
4 2 54.7769 4
5 2 35.9541 3
4 1 54.7133 1
4 0 32.6235 4
3 5 68.3659 2
5 0 20.498 0
5 4 97.863 2
0 4 0.1991 1
5 1 39.2204 3
2 1 78.4598 5
4 0 -4.9761 0
2 2 36.3797 3
0 5 15.4753 4
2 1 36.8186 5
2 2 17.7234 1
5 3 15.0579 0
5 3 -4.314 0
0 1 84.0615 1
0 4 5.5709 3
2 2 54.9749 0
0 2 52.4586 2
1 5 13.7341 3
0 5 18.8207 4
5 5 9.7383 1
3 2 32.5921 2
1 4 41.184 5
5 4 8.8719 2
0 2 6.646 2
5 4 74.5526 2
4 3 91.0456 4
3 0 30.8868 1
0 2 24.9118 1
0 2 97.375 5
2 0 -7.8189 0
0 4 46.579 3
5 3 95.8304 2
4 4 1.2992 0
4 3 55.9617 3
5 0 0.7955 3
5 2 -8.2603 0
0 5 7.8807 5
0 4 7.3509 3
4 1 37.2052 1
2 3 8.6421 5
5 5 98.304 1
2 0 83.8762 3
0 5 84.2056 5
4 4 27.8004 1
3 2 36.7408 5
0 5 10.7349 4
1 5 8.4299 0
3 2 93.2435 0
2 2 54.4812 4
0 2 65.3456 4
5 0 18.5777 3
2 5 42.6177 0
0 5 5.7646 5
4 1 51.8688 0
4 4 59.8721 2
3 4 69.7178 3
0 2 20.002 4
0 2 55.4158 1
3 0 9.5111 4
3 3 53.7111 3
0 1 -6.3472 1
5 5 -5.5591 3
2 3 81.7173 2
4 1 14.5659 3
5 1 -4.76 2
1 4 62.3008 1
2 1 11.9103 2
1 0 31.7935 5
0 5 26.4272 0
5 4 67.3018 5
2 1 92.6059 0
5 1 48.0943 3
4 4 7.4998 3
2 1 43.7163 2
4 1 73.9579 2
0 2 22.1956 2
3 5 69.8407 1
2 1 82.9823 1
5 4 53.5469 5
0 4 74.9486 5
3 5 28.2163 5
3 4 64.784 4
2 2 45.086 0
0 5 4.2575 0
1 1 20.4656 3
4 4 72.7254 5
3 1 27.8802 5
3 2 49.6134 3
3 2 5.4653 1
0 4 34.6084 4
4 5 43.5322 3
2 4 93.0578 4
3 1 22.5391 3
3 4 39.293 1
3 3 6.3669 2
4 4 93.141 1
1 0 89.4365 5
5 1 25.0894 2
0 1 20.0439 2
4 4 97.3331 0
5 1 -0.1334 1
2 5 98.8441 0
3 2 -3.951 3
4 3 14.7684 0
0 3 52.6064 1
2 0 93.0231 4
4 0 -7.4792 5
3 5 36.4272 4
2 3 16.3832 4
0 2 41.4044 1
5 3 97.631 5
1 5 97.0717 2
5 3 58.1746 2
2 2 75.5109 2
4 0 94.8358 5
0 2 27.6796 5
2 4 -5.6617 4
4 3 12.7535 5
1 4 60.7461 3
5 4 13.6577 5
2 1 67.4403 0
1 4 53.9416 5
1 5 40.1055 3
2 1 72.62 5
3 0 39.7471 0
3 1 81.3866 4
3 0 59.2868 0
0 3 18.2831 2
4 3 36.8204 5
1 3 23.8908 2
2 3 60.7473 1
5 0 44.0208 0
5 3 96.5426 2
2 1 52.4617 5
4 4 11.7802 2
0 3 55.4576 2
4 3 89.6174 0
2 3 31.7868 1
2 0 96.0814 4
1 3 89.344 0
2 5 17.7543 3
3 3 11.5912 4
2 2 41.8313 1
2 2 32.2371 3
1 0 31.4819 3
2 0 57.9167 0
1 5 87.174 2
1 1 94.4948 4
1 4 76.7959 3
2 0 10.1785 3
3 1 87.8454 5
3 0 2.0233 0
2 5 96.3579 5
4 5 19.505 5
0 1 88.8897 4
0 1 45.4888 0
1 5 3.4565 0
0 4 75.2481 4
0 3 7.3947 1
2 4 4.9657 1
0 4 25.3624 2
4 2 76.4757 1
3 0 43.6199 5
3 2 44.367 5
0 0 48.9156 4
5 3 28.6994 3
2 0 79.0814 3
2 2 70.8368 3
5 3 6.8358 5
1 2 29.966 5
1 1 83.9126 0
5 3 18.7122 3
5 1 73.1752 5
0 0 8.3949 4
5 3 87.5812 2
3 2 83.9814 4
4 5 -4.1986 4
4 4 -7.6699 1
0 4 13.377 5
1 3 37.6902 0
0 2 68.6756 3
0 4 81.1721 5
5 1 -1.4499 3
4 4 77.9758 5
0 3 87.5524 2
0 4 47.2817 1
1 2 60.9903 1
5 4 74.6999 1
3 4 82.9785 4
5 2 30.9186 1
3 1 33.7907 0
3 4 -6.6663 0
1 5 14.5532 3
0 0 16.9887 0
1 3 87.2786 0
1 5 -6.9711 4
2 2 15.5198 0
1 0 88.7358 1
5 3 81.2421 2
2 3 67.4013 3
2 0 70.1312 4
5 3 40.1086 0
4 1 5.0129 0
3 4 79.4012 4
5 1 23.2106 3
4 2 58.0878 2
0 2 4.6854 5
5 5 2.162 4
4 2 36.3003 0
2 5 39.7961 3
1 2 85.4664 0
4 2 66.9665 0
0 5 76.0531 4
2 3 85.4872 5
0 5 92.6364 3
5 3 -0.0906 4
4 2 71.7884 4
0 3 56.0815 5
5 2 62.2334 0
1 3 56.8655 0
1 5 56.4843 3
5 1 -5.819 0
0 2 -9.2285 2
0 3 59.879 4
1 5 15.9452 0
4 5 94.4247 2
3 2 10.5657 4
3 2 67.3111 5
0 5 23.8224 3
3 4 38.1242 4
0 2 77.0459 1
0 5 0.2634 4
1 1 59.6087 5
3 1 25.9501 3
2 4 36.529 0
2 5 14.4959 2
5 1 -1.4586 4
0 0 49.6954 4
3 2 45.251 2
3 5 -4.2923 1
5 2 88.2834 5
1 4 32.3879 5
1 2 68.289 0
4 5 4.9109 3
4 0 56.1889 5
5 3 76.5136 1
1 4 56.0907 1
3 4 59.7164 5
5 3 -9.0197 3
4 1 57.9326 5
4 3 85.506 1
3 0 43.0471 1
4 3 4.9792 5
1 3 53.7499 3
0 1 31.1236 2
4 3 24.2829 1
3 4 18.1789 2
1 0 93.9018 1
3 2 -5.8332 3
5 0 -7.6985 2
2 5 1.4405 3
1 0 52.6159 3
1 3 25.8192 5
4 2 34.7992 5
4 1 67.346 4
5 1 11.174 0
1 1 65.2323 4
2 1 88.7407 1
1 4 65.7085 4
1 1 25.5509 1
1 1 60.4533 1
1 4 11.812 4
5 4 28.0163 3
5 2 34.1064 3
1 4 3.9944 5
3 3 77.5569 5
1 3 57.4489 1
1 3 59.8427 3
1 2 27.4133 1
5 2 4.0518 1
4 1 71.0193 1
0 0 41.1185 4
3 1 65.5789 3
0 4 1.6847 4
4 4 91.5868 5
2 3 69.8605 5
2 5 3.1782 1
1 0 48.7026 1
3 3 24.7531 1
5 3 41.6356 2
5 1 88.4558 5
1 0 -6.9119 4
5 5 93.6761 5
5 1 -5.3058 3
2 3 78.1101 3
1 4 48.4185 2
0 4 33.0352 5
1 3 0.859 2
5 1 52.2026 0
4 2 18.3815 0
1 3 9.9463 3
3 1 45.3172 5
5 1 42.5363 1
1 2 91.2322 2
5 3 37.9955 2
2 3 90.1153 2
5 4 6.3143 5
4 5 5.3957 2
3 5 7.2013 4
1 5 6.617 2
2 2 22.9764 5
2 0 -4.5055 5
0 4 23.5715 5
0 2 4.0947 1
5 1 33.5923 0
3 5 42.837 0
4 4 23.3911 0
5 3 72.4534 5
4 0 97.46 4
5 2 -6.7948 1
2 1 15.9589 3
4 5 74.0832 3
2 1 56.379 4
2 3 14.3957 3
0 5 43.9794 1
0 5 39.0756 3
5 3 31.4844 1
4 5 43.1681 4
0 4 33.4058 3
3 0 -4.4882 2
5 2 97.5465 2
3 1 72.3335 1
1 0 99.1985 3
3 1 12.2108 1
0 2 -8.2722 3
5 4 17.8835 4
2 0 40.4247 1
0 2 25.0123 2
3 0 40.3016 1
3 1 77.5914 5
0 1 34.2105 4
3 0 82.8027 3
2 5 77.0385 2
5 5 48.4032 0
1 3 81.5824 4
3 0 20.8951 3
1 0 87.4176 3
5 0 45.6992 5
0 1 89.6628 0
2 3 55.6752 4
2 5 3.9316 2
4 2 69.4963 3
2 1 72.484 5
0 5 17.318 3
0 1 94.6597 3
4 4 19.592 1
5 3 92.2183 3
2 2 73.8443 4
4 5 92.1047 0
5 0 77.2421 2
4 1 71.0153 3
1 5 -1.1023 0
2 1 45.7486 3
2 5 70.9442 0
0 0 30.9464 1
3 0 87.374 0
3 0 15.1808 0
5 1 23.7542 2
2 4 99.1837 2
2 1 -0.607 3
1 3 88.586 0
3 2 0.962 3
4 2 98.6288 3
3 4 40.5937 3
2 3 53.3433 0
1 1 66.3369 5
5 1 49.3416 4
1 3 80.3154 4
4 5 -0.8341 2
3 2 84.676 1
5 5 20.4475 5
5 2 28.8497 1
4 1 -3.6907 2
4 1 59.5246 4
4 2 27.9125 4
0 1 26.4346 5
5 2 86.2527 2
1 3 37.2016 1
4 1 7.6569 4
0 1 45.4484 2
3 5 54.7778 4
0 4 23.5695 0
5 2 16.4833 5
4 2 41.6455 1
4 5 86.1871 4
4 1 17.2397 3
3 2 35.5681 3
5 4 9.2438 3
4 5 19.7325 2
2 5 37.4048 0
3 2 86.15 5
2 0 7.3141 1
5 3 64.5258 5
5 0 14.326 1
0 1 39.936 4
0 5 14.3414 4
2 0 -2.1355 0
3 3 78.7236 3
3 1 25.4058 3
2 4 83.4354 0
2 0 5.1927 4
3 0 38.774 0
4 2 93.8645 5
0 1 68.5939 1
5 5 17.8987 1
3 4 22.2361 2
4 0 53.807 0
1 3 36.1594 4
3 1 51.5916 1
5 3 49.8088 4
3 1 74.9174 0
5 1 55.1708 3
0 0 81.3171 2
2 4 15.9801 4
4 4 34.0889 0
1 3 89.5868 2
0 0 29.4038 4
4 2 21.9847 3
4 4 43.18 0
0 1 8.0888 4
4 5 47.3349 0
4 1 36.8779 2
2 5 81.4319 5
5 0 13.4726 5
2 2 10.2779 3
3 2 40.4488 0
3 2 35.5717 0
1 0 75.5279 2
0 3 93.0943 0
1 1 41.8457 0
1 4 96.5159 1
2 0 19.1093 5
4 0 46.285 4
0 5 64.4057 0
4 2 69.4466 4
5 0 79.4998 3
2 0 -3.4464 2
2 1 -6.5891 2
0 2 82.2667 5
3 3 79.9688 0
1 4 -5.5072 5
1 0 -9.9554 1
0 4 40.7524 4
5 3 69.1369 1
4 3 94.1966 5
0 2 2.2594 4
2 4 86.9387 1
0 2 89.4837 4
1 5 64.5053 0
5 2 94.3318 3
0 5 22.2807 2
4 1 -3.8547 3
3 5 63.122 3
4 5 32.4037 3
3 2 42.5809 0
4 5 96.4299 1
5 4 31.2365 3
0 5 92.1136 2
5 1 14.5467 3
0 3 34.9772 4
2 4 10.7499 5
5 1 23.9157 0
1 2 67.4043 2
4 3 -3.1471 2
2 5 47.4177 0
2 1 66.2342 5
0 1 79.6985 0
1 4 75.9981 0
1 0 59.6233 3
1 0 6.0483 0
0 2 9.2747 1
3 0 34.4836 4
5 1 43.4539 4
5 5 67.4358 2
0 1 66.4798 5
1 2 22.2658 0
5 2 86.599 5
3 5 22.6704 5
2 1 76.4771 2
5 4 29.3784 1
3 1 -2.444 4
4 2 79.8191 3
3 1 2.002 4
5 3 71.8062 2
0 1 92.97 5
0 1 62.2594 3
5 4 83.3095 3
5 0 43.4756 3
2 3 44.8228 2
0 5 90.1753 5
3 1 49.0856 2
0 5 -6.3756 2
5 5 48.6445 3
2 5 38.2811 2
3 2 62.1296 0
4 1 96.6336 5
5 2 46.6327 4
3 4 94.0752 4
1 1 36.9148 0
1 0 90.696 2
4 5 78.7107 2
5 0 6.4781 2
5 2 19.5354 3
0 4 48.2692 3
4 2 72.0872 3
3 1 13.1002 4
3 1 49.8676 5
4 4 86.7275 4
2 2 29.3618 1
1 3 87.5763 2
2 2 49.2154 3
4 2 52.0648 3
2 1 86.1414 1
1 0 12.8454 1
1 2 24.2379 1
0 5 61.6705 4
0 3 99.9659 4
4 2 45.1065 5
3 5 7.3302 5
5 1 57.1556 3
0 0 13.0343 1
0 0 41.9475 4
1 5 47.0667 3
4 2 36.5715 5
0 3 79.928 5
1 5 24.4423 4
0 0 97.3347 4
5 0 91.5474 5
1 0 53.311 3
4 2 -2.6356 3
1 5 72.3149 5
1 4 51.1218 2
1 1 70.8132 5
3 5 32.205 5
1 0 30.8779 5
4 0 48.7722 2
1 3 45.2928 0
5 1 16.5271 3
2 0 73.1951 2
5 3 62.9931 5
3 4 53.2789 0
3 4 10.9317 1
4 5 52.1614 4
3 2 9.5358 5
2 1 50.9714 0
4 1 58.4725 2
1 4 5.611 4
1 1 57.2719 0
5 4 54.5743 3
5 3 54.9501 5
3 1 -1.2215 0
1 4 -2.3317 2
4 3 58.0482 1
2 4 69.402 2
1 2 79.3533 4
5 4 58.5202 5
2 1 2.0486 5
2 2 75.9591 3
4 2 76.7285 2
2 2 14.2202 0
1 3 78.6634 1
5 1 66.0309 0
1 5 59.4651 4
4 2 26.3485 2
4 0 1.4698 0
5 3 -3.8782 0
4 4 41.1533 5
2 1 54.6095 5
5 3 78.0729 4
3 0 12.7631 0
3 4 97.4637 5
0 5 95.6869 4
2 4 3.415 4
2 1 96.2807 2
5 2 89.3771 1
1 2 92.3029 0
1 1 43.6009 1
5 2 80.9905 4
2 3 84.2579 2
2 4 98.0065 0
3 1 75.6775 1
1 3 12.581 0
1 3 57.5119 1
3 4 64.0717 2
5 2 26.0355 3
5 1 70.9092 3
4 1 -8.9986 2
1 3 60.6101 2
0 1 57.3208 5
2 4 -8.3537 2
0 2 29.0066 1
2 4 -9.9238 0
5 0 -0.253 4
0 2 2.9182 3
5 4 30.8829 0
2 1 2.2681 2
4 0 47.6696 4
0 2 86.227 1
3 2 -8.1885 3
3 1 78.8619 1
5 4 -3.3775 1
2 4 6.5851 1
5 2 36.7526 5
3 0 56.5036 3
2 2 7.6442 0
4 1 27.3978 0
4 0 78.8804 3
1 4 80.9923 1
5 4 68.1447 1
5 0 32.493 4
2 1 55.5788 1
3 1 78.1524 4
0 2 39.2397 2
5 3 87.0251 4
0 1 43.058 4
1 4 -5.8834 5
3 3 22.3862 3
0 5 72.3794 2
3 0 6.0467 3
2 5 35.8385 1
3 0 47.2037 1
0 2 29.14 0
