0 3 39.5408 3
2 1 73.1780 3
4 0 28.2329 4
1 1 63.1403 3
1 2 77.4995 3
5 3 91.9896 3
3 1 15.8106 5
4 0 33.9248 1
4 1 6.7658 4
1 4 99.1732 3
0 0 91.9701 5
3 2 49.3953 4
4 3 82.6237 2
1 1 47.3054 2
4 0 58.5944 3
3 4 -0.1963 5
3 0 73.0797 5
2 5 4.0485 4
5 4 80.8674 4
5 2 76.0231 5
1 3 67.9619 4
3 2 -6.0224 5
2 1 23.3441 1
2 0 18.9424 5
4 5 29.6150 2
4 4 -0.3593 4
2 4 93.0654 5
4 0 50.9182 5
3 5 23.6077 4
0 0 33.6680 1
3 1 39.1923 1
2 2 56.0654 4
2 4 46.7247 0
3 1 91.1331 4
4 2 44.6660 4
4 1 99.1374 1
5 5 83.6567 1
2 4 12.9362 4
1 0 92.3655 4
5 0 2.8003 4
4 2 79.9195 1
3 3 31.8686 4
4 5 86.5772 4
3 2 85.4862 3
5 3 78.6518 0
2 1 76.9033 2
4 5 23.5147 0
3 1 -1.0989 3
2 4 34.3278 2
1 5 9.0877 4
3 3 66.4446 3
5 4 28.0710 4
1 0 97.3171 1
1 3 60.5069 5
0 2 80.4729 3
4 0 4.5777 1
3 0 84.8216 3
1 2 91.5033 3
0 5 43.5768 1
5 0 56.6878 2
2 3 74.1291 0
3 4 9.2322 4
1 0 45.2823 3
4 3 33.8529 4
0 1 6.1011 5
1 3 30.4288 1
4 4 -2.5010 4
1 3 -7.1607 1
3 2 4.8683 4
3 4 95.9427 0
3 5 50.4482 0
5 1 96.2404 0
5 2 37.5748 0
0 5 24.2998 0
3 3 45.6756 0
4 4 38.3463 1
1 1 1.6231 3
2 2 60.4909 4
4 5 13.7642 0
5 5 58.1547 1
5 1 61.5221 1
4 3 6.7227 1
5 1 -3.2515 3
3 5 75.8838 4
0 0 40.5780 3
1 2 -3.6020 2
0 1 99.4353 1
1 5 -3.6441 2
1 3 66.4539 5
0 5 98.2047 0
4 3 16.3098 0
1 1 5.6474 3
0 3 3.3523 4
1 4 23.3603 2
2 4 1.1150 4
4 4 66.1377 3
3 0 -3.1479 0
1 1 46.0364 4
2 5 99.6367 4
3 5 79.5367 0
0 5 69.5017 2
5 1 12.6307 5
2 1 87.6001 3
2 1 33.0793 5
2 4 40.4987 2
1 2 56.6582 2
0 3 79.4426 3
0 0 10.7821 2
3 3 92.8226 4
4 2 46.223 3
1 2 -4.3908 3
5 3 55.4799 3
3 3 24.4456 1
1 0 29.7468 0
0 0 20.5092 4
4 2 4.0164 0
5 5 36.559 0
5 4 -3.4132 0
2 4 69.1529 2
3 1 15.3537 4
4 4 72.6899 4
2 1 6.6873 4
4 2 73.8586 1
3 1 49.5882 0
1 0 52.8364 4
2 3 3.702 1
3 1 16.6227 4
1 1 90.9388 2
0 0 16.2648 2
3 4 84.6985 3
3 1 15.5399 0
3 5 38.8546 1
5 3 83.5645 3
0 4 74.1561 1
5 3 38.0315 4
2 2 -7.7213 4
4 3 82.2041 4
1 2 5.8967 0
4 5 65.1606 1
3 1 13.9721 2
3 2 17.3642 2
1 3 56.0479 3
0 5 92.8792 1
5 5 -2.8836 5
0 3 52.8822 2
3 0 44.0053 5
3 3 -0.1593 2
2 1 19.6034 2
3 1 8.5396 4
5 4 55.9016 1
0 3 30.1029 1
0 5 90.7435 0
4 5 50.8106 2
0 4 92.5211 3
1 2 5.5797 3
2 1 15.1998 2
1 4 -2.6543 0
4 0 52.987 5
1 2 50.2732 3
1 1 -8.11 1
4 5 -1.5248 0
2 1 48.7349 3
4 2 69.5529 1
4 1 17.0211 0
2 1 74.2985 4
0 4 45.4961 0
3 1 8.3701 3
1 1 16.6118 4
2 4 76.1473 3
1 3 9.266 0
5 1 7.8296 4
0 0 98.1142 1
0 2 40.685 3
5 3 50.5347 5
3 4 41.3282 5
4 2 76.5023 4
5 5 34.5718 2
4 3 8.3585 3
1 0 12.7582 4
2 2 2.709 3
3 3 22.947 0
2 3 11.8573 0
1 3 75.2579 1
3 4 76.9577 5
1 5 77.3137 3
1 1 -8.1984 1
3 2 43.5453 3
5 3 30.8724 1
3 1 35.738 0
1 1 88.6743 0
2 2 -4.1569 3
3 5 85.9324 0
4 2 29.0252 4
4 3 -5.5423 3
0 2 26.4598 2
4 1 -8.7838 0
1 5 68.2216 2
0 0 46.0457 5
4 2 -7.3446 3
2 4 40.632 4
2 2 30.4764 4
4 0 87.1886 3
3 4 -6.0228 4
5 5 52.2986 0
1 3 26.3167 5
3 5 69.4798 2
1 1 73.832 1
0 4 32.2278 3
1 0 -5.1585 0
1 1 36.0213 1
3 1 36.9603 4
2 1 -9.9376 0
1 0 19.2058 3
0 1 41.5137 1
5 3 2.5661 5
3 2 57.8478 2
3 2 53.4748 4
5 2 59.4677 2
4 1 63.4527 5
4 4 65.0862 4
1 1 79.6425 3
3 2 26.0969 4
2 3 97.0037 3
0 4 23.0377 2
0 1 51.0515 1
1 3 89.5692 0
5 4 45.6428 3
5 3 36.1221 2
2 0 16.6744 4
3 5 -2.7047 2
0 3 34.6517 3
1 3 42.0492 0
2 2 3.0049 1
3 3 92.0619 3
4 1 34.5849 1
2 1 57.163 1
2 1 55.778 4
3 0 1.0726 0
5 0 6.5051 3
3 0 92.7812 5
5 1 99.1021 0
3 1 -6.4047 2
2 5 65.4228 5
2 5 52.9197 0
1 2 26.3156 0
4 0 98.7003 4
0 1 76.8497 3
3 0 19.4063 2
4 4 -2.1148 4
2 1 -2.8563 4
2 1 60.781 5
4 0 44.6057 1
5 2 -6.4763 2
5 1 66.44 3
2 4 23.7039 5
5 3 35.9767 1
2 5 25.9271 1
3 1 67.3558 0
0 0 54.6451 0
1 0 99.8048 1
1 5 -1.9214 2
5 2 53.7197 5
3 3 35.0869 5
5 5 50.7332 4
2 5 13.0749 3
5 0 30.063 3
1 2 -2.7339 0
2 3 10.5219 3
3 5 96.3208 5
2 3 4.6194 2
5 5 36.4583 2
4 5 10.2358 1
2 3 0.2538 2
1 0 87.2641 1
4 4 44.4893 2
1 5 9.8564 0
0 5 29.68 2
4 2 27.0898 0
3 4 12.1885 1
2 5 62.4532 5
5 4 20.0791 3
4 4 57.371 4
1 3 74.6683 5
0 3 96.0557 4
4 2 49.2671 3
0 2 26.5866 3
4 5 96.1594 0
3 3 92.1953 4
4 1 91.5398 4
1 3 19.1171 5
0 1 63.5275 4
2 3 19.1903 4
1 0 14.3981 3
1 3 -9.7525 0
0 2 48.8783 4
3 0 45.1927 5
5 2 74.5791 5
0 3 98.7755 1
4 5 50.7595 0
1 3 51.683 2
1 4 62.1713 0
5 3 -1.2355 5
1 3 -7.724 1
5 5 18.4013 5
2 5 18.2802 1
3 1 70.2078 2
0 2 24.0442 4
5 4 60.2925 0
1 0 83.8333 0
1 0 75.6531 2
1 0 74.139 2
0 4 74.26 4
3 4 3.4307 5
4 2 76.4047 2
0 2 9.4038 1
4 2 69.7847 4
0 0 7.8521 2
1 4 79.674 4
1 3 99.0225 5
2 0 27.4199 3
3 0 78.8003 3
1 1 10.9158 5
3 4 72.2508 0
5 1 81.7962 3
4 3 32.6003 5
2 1 88.9968 0
3 1 -9.5906 2
0 5 92.7312 5
2 3 72.4706 0
2 3 -0.6252 0
4 4 51.7554 0
4 1 42.0773 4
4 5 73.7742 0
4 0 76.4761 5
2 1 24.3264 3
2 0 84.4523 0
2 5 96.0486 1
5 2 79.7263 1
2 2 83.4711 0
4 2 -1.7377 2
5 2 34.7558 0
2 2 10.3254 0
1 4 56.3197 0
2 0 0.4673 2
2 2 87.7249 1
4 1 54.0451 0
1 0 20.4166 4
4 0 79.2735 4
4 5 50.0671 4
5 2 1.0479 3
0 2 91.0722 3
0 5 26.6593 5
0 1 -2.4378 4
0 0 88.0543 0
3 2 34.6588 0
2 1 54.9939 4
1 0 26.7469 1
5 4 67.0767 0
5 0 41.7347 5
5 1 8.6307 5
4 1 98.8612 0
5 4 86.258 4
5 1 44.1918 1
0 3 13.2108 5
3 1 80.7528 2
2 1 34.4973 4
3 4 21.6429 1
4 0 67.7595 2
5 4 44.7445 0
3 4 11.0281 2
5 1 53.4278 5
4 0 96.3892 1
1 5 -5.5773 1
5 0 70.4378 5
3 1 96.1742 2
0 4 -9.6901 1
5 0 81.2968 0
3 0 27.5493 3
1 1 69.6746 0
2 2 97.4975 3
5 4 64.8346 3
5 1 84.3532 1
1 3 28.8496 5
5 1 43.8905 2
3 0 17.7322 3
3 1 -3.2455 0
5 3 47.671 1
3 0 86.9437 1
2 2 9.4766 0
3 4 -2.8175 3
2 2 60.8675 3
1 5 85.0233 3
3 2 7.6504 1
3 1 -8.114 1
5 3 32.304 4
4 5 92.7374 0
2 5 30.7917 2
5 0 19.8993 5
4 2 72.1043 0
0 4 95.287 0
1 2 17.7309 1
5 4 84.1435 4
4 1 59.0271 4
0 1 95.4484 2
5 4 36.1699 2
0 3 11.2761 0
5 2 69.2969 3
2 5 78.5053 4
1 5 34.2149 4
4 4 29.2576 3
3 4 11.5896 1
2 0 84.3576 2
3 1 48.5735 3
1 3 95.3252 0
5 0 1.3512 1
1 3 85.3207 1
3 3 48.8479 5
0 0 64.9057 4
3 5 4.9293 5
1 1 30.7965 0
2 0 91.0024 3
0 2 60.7321 3
1 0 27.4896 1
4 0 0.2861 2
4 4 72.106 1
0 3 65.7896 4
1 5 73.3059 5
0 3 79.8772 1
3 2 1.0103 4
4 1 91.7292 2
0 3 66.6017 2
3 4 66.5533 0
5 0 97.8775 4
0 5 20.2784 1
1 1 71.1223 5
1 1 81.0005 1
1 2 40.6941 5
3 1 58.0511 0
0 5 90.3465 1
2 5 73.2248 2
5 3 6.9322 0
1 3 31.5895 1
2 0 48.6333 5
3 0 -0.669 1
1 0 6.9114 0
3 1 66.9656 1
2 5 47.2288 4
5 4 94.4964 4
4 2 87.5027 1
4 4 62.6568 1
3 3 8.9349 3
2 2 18.6252 1
5 0 11.5897 2
3 4 41.1355 0
4 0 77.6262 1
0 1 71.0704 4
0 4 42.7254 5
4 5 71.1373 1
0 4 9.7772 1
1 1 89.8801 4
4 4 87.2863 1
4 4 -0.8075 4
4 0 18.5624 2
4 1 81.0921 0
3 3 83.527 1
1 1 66.8653 0
4 1 58.7324 0
3 5 59.724 0
5 2 40.6989 5
2 2 -6.7044 0
0 5 65.9972 5
0 0 25.4746 5
5 4 -1.083 5
1 3 94.8398 0
3 4 61.2302 0
5 5 96.5508 0
5 1 98.7243 2
3 5 2.6673 4
5 2 72.7782 2
1 0 50.0353 1
4 5 53.4024 3
2 3 47.4444 0
1 1 80.6793 2
4 4 76.7141 2
3 3 -5.5579 3
3 0 -5.1439 0
0 5 18.7414 1
3 2 60.0335 0
2 5 46.748 4
1 3 31.5493 0
1 3 6.42 2
4 1 98.9734 2
5 0 30.2832 1
4 3 70.256 4
5 0 58.7519 0
3 1 16.4429 4
4 4 40.6026 2
0 4 75.6475 4
1 1 -2.9034 2
0 0 85.1776 2
4 0 87.9225 4
5 0 18.7769 5
2 5 9.519 3
3 1 46.723 3
5 1 48.1153 0
3 2 16.645 5
0 1 66.6309 4
5 2 69.8589 4
4 5 63.6445 5
2 3 22.7345 0
1 3 73.2127 1
2 5 69.7751 4
3 1 1.4502 2
0 3 86.0789 3
2 5 32.8869 2
2 2 85.2901 0
1 3 76.7525 5
5 2 27.3924 5
1 2 11.0839 5
0 5 -0.6932 3
2 3 77.1303 2
4 4 95.5969 4
4 0 74.9241 5
0 2 16.5588 5
4 4 9.63 2
2 5 96.9724 3
4 5 -3.2317 5
2 0 21.8666 5
0 2 16.2699 1
1 2 11.3762 4
2 4 24.6581 5
0 3 70.1296 1
0 0 0.4032 4
3 4 41.3095 0
4 0 56.7102 1
1 4 0.0561 5
1 3 13.846 3
5 2 99.9388 0
3 0 69.5697 0
4 4 44.6333 2
3 0 40.7884 4
3 4 69.2315 4
0 0 90.2662 1
0 0 54.4699 2
3 0 50.4714 4
4 0 16.8824 3
2 3 60.0517 3
2 5 21.2014 4
0 5 89.8731 0
4 5 13.5072 2
4 2 4.7319 0
0 2 56.4061 0
4 5 74.9054 2
0 4 22.1468 1
3 4 42.5082 0
4 1 73.2173 3
1 1 79.6441 1
1 4 56.2161 1
0 1 39.6421 2
2 3 -1.5581 2
0 5 72.0617 5
2 1 47.1648 3
5 0 81.2541 5
0 2 16.1414 3
3 3 96.2917 5
0 4 66.3055 0
5 1 36.9168 0
0 1 86.2312 0
4 1 29.7454 3
4 0 79.999 0
3 1 65.3399 0
2 5 13.4139 1
1 2 88.7243 2
0 3 45.9983 1
3 4 1.9651 5
3 3 73.9357 5
1 4 13.1944 4
2 2 72.463 0
0 1 23.4407 4
0 4 98.3662 1
2 2 16.1168 5
4 5 88.3097 1
3 0 13.3157 5
2 4 69.6243 0
0 5 30.7619 5
5 0 56.625 0
4 2 99.251 4
5 0 78.3615 2
4 1 92.8458 5
3 2 54.1189 1
3 4 67.6778 4
5 3 74.3291 4
3 5 22.6053 4
5 4 73.5444 5
5 5 64.6107 3
0 4 22.5102 4
2 4 32.2509 4
1 1 26.3389 0
2 0 74.9529 2
4 4 77.1528 1
1 1 1.919 1
2 1 75.3896 3
3 4 51.5834 0
3 4 66.9645 4
3 1 33.7793 0
3 3 96.9577 0
5 3 9.1306 1
2 4 93.7335 5
1 4 56.7404 2
5 5 56.264 2
5 1 88.8374 4
1 5 88.6772 0
2 0 88.6976 3
5 0 97.9758 5
4 4 37.7563 0
4 1 34.6854 2
4 5 6.1273 5
2 0 76.1961 3
4 3 27.9189 5
0 1 -8.3574 3
3 0 63.9213 5
1 1 78.7956 2
4 2 97.8522 0
2 1 75.494 3
4 1 16.4661 2
4 2 58.8645 0
0 1 42.6259 1
0 0 63.4488 4
3 4 32.974 3
0 0 2.8462 3
4 1 -1.7438 5
1 4 26.8325 0
0 0 31.2711 0
4 5 20.7172 2
5 4 -1.9521 5
2 0 39.8451 1
5 4 11.5489 4
3 5 35.2248 1
0 5 30.5197 5
2 2 -8.15 3
3 3 55.8719 3
1 0 68.5747 3
1 5 34.3541 3
5 1 55.5943 2
0 4 77.8534 5
3 5 58.7929 3
3 0 98.0181 4
5 4 -2.6526 2
0 3 93.0232 5
4 2 -2.6126 1
1 1 39.9253 0
1 2 29.3667 1
1 2 90.7401 3
0 3 49.9154 0
3 0 12.5409 1
5 0 -1.3546 1
0 3 2.3882 3
1 4 97.7499 2
1 3 44.5323 4
2 3 3.3391 1
3 0 88.0541 4
2 2 19.1059 0
5 1 85.1014 2
0 1 85.0535 2
4 0 97.0386 0
3 2 21.3237 0
1 3 12.5379 2
0 3 41.7438 0
1 3 71.5008 3
5 4 8.735 1
0 0 81.7354 5
0 3 88.3693 4
4 1 1.2572 1
2 4 92.3644 3
1 4 50.0738 5
3 5 65.5457 3
1 3 85.3242 1
4 1 86.4307 4
1 4 64.9685 2
3 0 27.2318 4
3 5 -7.4789 5
4 4 69.1101 3
3 5 91.9816 0
3 3 67.0123 3
3 1 89.0344 4
1 0 30.1595 0
3 4 5.7992 5
1 1 14.6299 2
2 5 7.5139 3
5 5 30.2645 2
4 3 93.0765 5
2 3 52.6375 5
0 4 61.6432 1
0 4 5.2618 4
3 3 73.0459 0
4 4 48.7685 5
2 1 37.2957 4
4 2 76.1684 0
1 1 88.1394 0
2 0 94.654 5
5 1 62.8545 4
3 5 55.8045 5
2 4 96.5972 5
1 2 87.074 2
5 4 46.3426 5
0 5 -0.7584 2
3 5 50.0262 3
0 5 62.0316 0
2 1 15.8809 4
3 3 32.9546 1
4 5 10.5437 4
3 2 31.8493 0
4 0 69.135 5
3 3 57.1475 3
3 4 6.4909 4
4 3 45.6386 5
1 1 25.2128 4
1 3 99.3611 0
5 4 25.0079 4
0 3 60.7904 5
5 1 30.5549 5
2 0 62.9927 2
3 3 70.0457 2
5 3 52.6113 0
5 0 8.4712 4
1 5 27.6895 2
2 2 10.0812 4
3 3 55.2954 1
1 2 80.9115 4
2 1 60.2131 5
1 5 48.5973 4
2 3 81.3339 1
1 4 95.6522 4
0 2 34.5391 2
0 5 64.8582 2
1 4 73.7648 5
3 1 90.5349 2
3 1 96.5491 1
3 4 14.3817 5
1 2 48.2715 5
2 0 14.5909 4
0 4 68.1677 2
2 0 94.6791 3
4 2 95.1885 4
2 0 57.0872 3
5 2 80.7348 1
0 1 23.7281 4
0 5 88.3254 4
0 0 90.5268 4
3 1 -4.8421 4
5 2 54.0175 2
0 0 82.2419 1
3 2 -0.2972 2
3 0 25.9445 2
1 0 13.8255 1
2 4 87.4709 3
3 5 83.0463 4
0 1 77.8684 3
2 0 -8.2338 4
2 1 66.6839 5
0 2 94.5425 0
0 2 9.5057 3
4 4 94.2773 0
5 4 47.6093 4
0 4 70.5752 1
3 0 19.885 1
1 4 47.9461 2
3 1 87.9204 2
4 3 35.7691 2
4 4 35.7064 3
4 3 20.7492 1
1 3 67.6712 4
2 5 88.2488 2
4 5 27.349 4
3 2 77.6263 2
5 4 21.6836 4
1 2 95.3806 0
0 5 37.0918 2
0 1 92.5832 0
0 0 7.1537 2
2 5 15.2531 5
1 0 95.4307 1
5 0 77.9243 2
0 1 -9.3873 2
3 0 47.3966 5
5 3 51.1101 1
5 0 21.23 2
4 4 57.8599 3
4 4 99.461 3
1 3 95.9405 5
1 3 39.3905 5
3 5 94.4403 5
3 1 72.159 1
2 4 98.3269 5
1 2 21.6705 0
4 1 78.5923 1
5 4 78.8502 0
5 1 10.9466 0
1 1 56.7237 5
0 5 23.5356 0
0 3 71.2126 0
4 1 35.6905 3
1 1 68.9299 3
2 0 48.5764 3
3 4 67.6783 5
3 1 76.5615 2
3 3 25.2934 5
2 4 59.0508 3
1 3 7.023 4
0 2 5.669 0
4 5 71.6091 3
5 4 16.5198 0
3 0 50.4311 1
5 3 95.6386 5
3 1 -3.0346 5
1 1 38.7188 5
5 1 91.8374 5
4 1 95.236 0
2 1 8.9798 4
4 4 13.5508 3
1 0 70.6086 2
5 4 -1.7101 2
1 4 50.5725 1
1 2 61.8652 5
1 4 84.1269 4
1 2 51.1539 2
2 3 3.4372 5
5 3 71.0826 3
1 1 78.9066 2
1 0 52.8148 2
2 4 79.184 3
4 5 69.7533 1
3 4 80.7356 4
3 0 10.5474 1
3 0 7.8299 2
1 5 89.118 3
4 3 69.0641 1
3 5 88.4921 2
1 4 94.636 4
1 1 6.4164 5
0 1 77.2557 3
5 5 84.9276 4
1 1 -5.8577 0
2 4 43.784 5
3 4 45.3807 4
3 2 65.1957 5
5 5 67.5448 2
5 4 29.3101 1
5 4 33.378 0
0 1 -8.0929 2
1 3 60.9948 4
4 2 2.0429 0
2 1 94.9504 5
4 0 -7.4875 1
5 4 8.4228 5
4 5 28.3072 0
0 2 11.8723 2
5 5 46.2519 0
4 1 90.282 4
3 3 -0.9087 5
4 3 0.2222 0
1 3 -4.6742 1
5 1 2.7116 1
0 5 91.6386 3
3 3 72.7926 1
0 0 56.6421 5
5 0 2.7527 3
3 0 4.2453 1
0 0 57.9259 0
3 1 69.5299 5
5 4 73.5947 1
1 4 72.145 1
0 2 52.9072 3
3 2 12.9242 0
5 1 40.0878 5
2 4 1.3993 2
1 0 -0.0889 0
4 5 33.4262 4
1 2 84.5828 4
5 2 98.0182 1
4 2 31.3135 0
4 1 67.0688 2
2 5 31.8545 0
5 5 62.0672 1
5 5 52.5757 2
1 5 54.1805 0
0 1 96.5774 0
1 2 10.9832 2
4 2 49.3603 3
2 1 13.3214 0
2 0 87.6913 1
0 1 98.911 0
3 0 29.8005 1
3 1 51.3281 2
0 1 55.8973 0
3 5 69.3702 0
3 3 84.8161 0
3 1 4.2986 2
4 5 93.9668 0
2 2 18.7168 1
5 5 60.6245 1
5 5 85.31 0
1 0 3.7164 4
2 3 95.2248 4
5 3 30.5423 2
4 0 30.7977 4
5 2 30.9167 3
1 1 17.6409 0
1 2 40.792 0
0 0 51.0436 0
4 0 -5.7397 0
5 3 50.9228 0
3 3 20.3787 0
3 1 36.6186 0
4 0 46.8537 5
5 2 39.2537 1
4 0 85.5276 0
2 5 -3.3117 0
1 4 -5.3304 3
0 1 -4.0729 5
1 2 -1.2322 0
2 2 96.6966 2
3 2 11.9444 3
1 0 67.4471 0
0 4 37.8606 2
4 4 64.4003 3
3 5 37.2433 2
3 0 12.5018 4
0 2 11.8861 5
1 4 34.2838 3
2 3 87.86 3
1 0 28.8557 0
4 1 81.3762 5
3 0 -6.4707 2
3 3 36.812 2
2 5 54.8246 0
0 0 39.1625 3
5 3 3.6756 2
0 0 72.3925 2
4 1 49.8266 4
0 5 51.9213 5
5 5 66.6082 4
0 2 17.422 5
0 2 76.2903 0
2 4 56.9734 0
4 2 61.1242 4
3 3 76.1658 4
3 5 14.6049 0
1 3 54.9349 5
0 3 32.0443 4
5 2 1.2261 3
0 1 13.7912 2
0 3 42.7881 2
1 1 81.4008 2
3 1 13.2029 5
4 5 55.0073 2
4 4 90.3167 4
3 0 -2.6305 2
1 3 83.2934 5
1 0 13.5776 0
4 3 80.1795 4
1 0 -0.2075 0
1 5 63.1894 0
5 5 59.0547 0
4 0 15.8732 5
5 4 52.8719 4
4 4 39.3438 1
0 0 97.3612 0
5 4 45.4014 4
2 5 45.9039 0
4 3 88.358 2
4 1 7.6788 0
3 2 47.4141 5
1 4 98.1142 4
2 3 92.5758 4
1 0 79.3057 2
4 0 36.0666 2
3 5 0.3067 1
1 3 51.9772 2
4 3 0.0654 5
5 0 92.7564 4
3 5 79.8856 2
1 4 63.7454 4
4 1 40.9695 3
4 5 92.3236 3
5 5 -4.4972 0
4 2 15.2271 0
2 0 76.9128 3
0 2 36.9865 3
4 5 17.2923 3
2 5 88.3139 5
4 4 14.6544 5
3 2 1.771 3
4 5 63.7031 3
1 2 60.3998 4
3 5 60.3619 4
3 3 50.1478 5
2 4 37.2239 2
3 4 24.3633 0
3 0 6.8244 2
