4 4 96.6804 5
4 1 94.1661 0
1 0 56.125 5
2 1 -5.068 5
4 4 11.4266 5
0 2 20.8399 3
2 1 9.6712 3
2 4 9.7405 3
4 2 45.9907 1
0 5 0.7931 2
5 3 23.6582 0
2 5 48.3043 4
2 2 92.0458 1
3 4 89.2055 0
1 0 51.9361 0
1 5 32.8595 4
3 5 62.2013 1
5 5 33.3069 5
5 3 5.6803 4
0 3 72.9015 1
4 2 22.5684 4
1 2 5.516 0
1 4 56.3266 0
0 1 75.6662 3
5 5 84.4624 2
2 1 70.2657 3
1 1 49.0796 4
2 5 76.2906 1
0 5 66.1763 3
2 3 89.8617 3
0 4 91.2493 3
5 3 40.2633 5
4 2 11.2056 2
0 2 14.4216 1
2 0 5.1175 1
4 2 14.3489 0
5 5 32.0966 3
1 2 44.4544 3
4 2 10.6882 2
3 4 80.2417 0
4 3 75.4796 0
0 3 93.1063 3
4 3 65.6219 4
5 5 61.7289 2
4 4 -4.1253 2
3 0 -1.102 4
0 0 58.8593 2
0 1 -9.0811 0
3 5 40.8607 5
2 2 4.5085 3
1 4 85.6991 4
0 4 76.7007 5
0 3 77.4441 5
1 1 2.3699 5
0 0 21.3697 1
3 3 95.2694 5
1 3 47.1964 0
1 2 71.7294 5
3 3 96.1078 5
4 4 11.3366 0
2 5 55.8683 5
1 1 6.5782 1
0 2 13.9955 5
1 4 40.1914 4
0 0 50.7369 4
0 1 8.2751 0
1 0 24.3338 5
5 4 48.8572 0
0 2 50.6111 4
2 0 27.0308 2
0 3 3.7659 4
2 1 57.5651 4
2 1 83.1117 1
3 0 12.4041 0
0 2 25.4012 5
3 4 6.2503 0
3 1 49.1955 1
1 0 50.8731 2
0 5 98.6075 4
5 3 86.1316 4
4 1 21.8665 4
3 5 32.8936 0
1 1 58.5616 3
3 5 99.1928 2
4 1 91.942 4
0 5 88.0958 5
2 2 86.1847 5
5 1 64.8606 4
0 0 85.1565 1
5 5 74.75 4
4 3 72.9596 0
0 1 98.2991 0
1 4 9.84 3
2 4 -5.4013 5
1 2 52.6928 5
3 3 13.0486 2
3 2 23.9523 2
2 0 19.0044 3
0 0 53.9867 2
1 0 69.8816 5
2 0 15.0665 2
2 0 18.0249 2
1 3 69.383 3
3 4 -6.5449 2
0 2 12.0635 2
2 1 43.7356 0
3 4 46.1291 1
2 3 44.3668 2
1 2 44.8189 4
3 0 16.0001 4
0 1 44.3142 1
5 1 87.4057 0
0 2 13.2035 2
0 0 59.0587 4
0 4 53.3565 3
2 4 68.3689 5
5 4 66.587 3
1 3 -2.0409 5
4 0 -2.5742 1
2 1 95.7806 5
5 3 17.3456 2
1 4 51.0992 2
3 1 15.9821 4
2 5 33.5832 4
3 5 10.6928 5
2 0 54.1231 0
5 1 -1.1245 4
4 1 70.8447 4
5 5 15.8774 4
1 5 85.8243 4
0 5 74.4609 3
5 2 7.8763 4
2 4 68.4152 3
1 4 70.7332 0
3 3 15.7487 5
5 0 65.0009 0
5 2 83.3001 2
0 1 -5.709 5
3 2 25.8585 4
2 1 28.7473 1
4 0 20.4948 5
1 5 70.1491 5
2 5 -2.2278 0
4 0 11.0707 3
4 4 3.6556 2
3 5 98.4303 1
2 3 53.0814 1
5 2 89.1571 0
1 2 71.9707 5
3 2 20.0122 0
1 0 18.7171 5
0 5 -3.5322 3
1 4 66.1991 3
5 1 7.3923 2
3 1 -9.8193 5
0 0 11.4618 3
3 0 90.548 5
4 2 40.042 3
3 2 72.2528 1
3 1 4.9089 2
0 1 1.7463 3
3 2 66.1981 5
1 3 46.7483 2
2 5 10.3112 1
5 4 79.3928 4
5 4 15.574 0
4 3 42.0719 0
0 3 88.2442 3
0 2 73.4686 5
4 3 83.3778 3
0 0 -1.9954 0
1 0 44.3332 1
4 0 32.4888 4
5 4 89.0911 2
1 2 97.8916 3
3 3 17.3346 4
1 4 36.7498 4
5 4 49.8954 2
0 0 56.218 3
1 3 -8.6439 0
3 2 64.1952 4
4 0 23.6673 2
0 3 64.5974 4
2 4 48.8821 2
2 5 60.3965 1
2 0 21.2057 3
3 1 46.2627 0
5 1 82.6476 1
3 3 93.8825 0
1 4 80.0104 3
5 4 58.6685 0
4 1 -5.6122 5
0 5 -2.3092 0
3 3 50.912 3
3 0 73.2242 2
4 2 41.4898 4
0 5 71.7421 4
5 5 26.0597 1
4 2 13.4916 5
2 2 53.3369 1
4 3 56.741 3
3 2 92.4856 2
0 4 56.6755 3
3 5 80.7217 3
1 3 5.6141 2
4 1 30.4285 3
0 5 32.8612 0
4 2 47.8812 5
2 4 -2.7128 1
2 0 25.5517 2
4 4 42.4019 4
3 1 53.0138 3
1 2 89.4579 1
4 0 28.5238 2
4 4 98.4097 4
4 5 70.8835 3
5 5 86.4144 3
1 4 27.6232 1
2 3 97.2385 5
4 5 19.6525 2
1 3 21.7747 2
2 4 48.8402 2
3 4 98.8507 0
4 0 44.2035 3
3 3 48.9589 3
5 2 49.0021 4
0 2 18.0295 5
3 1 -6.2412 0
5 5 79.8021 2
4 0 88.253 1
4 4 88.8447 2
4 5 99.3254 3
4 1 55.0543 0
4 2 -8.4591 4
1 4 32.1248 4
3 2 93.0685 2
1 5 14.1198 3
3 4 76.6822 1
1 3 96.654 3
3 0 31.1104 1
4 2 -6.9206 3
1 1 78.1369 1
0 2 94.682 4
5 5 34.1061 2
0 3 59.0301 4
1 5 49.7155 4
4 5 28.5095 5
0 3 92.563 5
5 4 31.2467 1
1 0 19.6059 3
4 4 42.9531 3
4 3 96.9037 5
1 2 -1.8082 1
5 5 16.8167 4
2 4 65.994 1
0 1 5.8289 1
4 0 5.9195 4
0 1 89.4494 2
4 5 68.6757 4
2 0 -9.0838 3
1 5 66.9843 5
5 2 35.5215 1
2 3 38.5686 5
1 3 45.7175 2
4 5 -8.9673 5
1 2 55.0872 4
4 5 0.3334 4
0 0 48.2617 3
1 0 75.7466 2
4 4 20.3868 4
0 3 70.8928 1
5 1 90.5766 0
0 4 96.2954 1
0 3 60.8781 2
4 1 24.0097 2
4 1 31.0643 2
5 4 30.2307 2
0 4 -0.6332 2
3 3 5.4953 1
1 1 4.5497 0
5 4 43.5889 4
5 3 50.6654 2
1 0 6.402 1
3 1 96.1877 2
2 1 64.2861 3
0 0 53.922 0
4 1 12.7861 3
5 1 15.634 3
3 2 83.5421 1
5 4 75.3423 3
1 1 60.1762 5
5 5 49.5451 4
5 4 52.5026 2
5 3 83.1893 1
2 1 30.4532 4
5 4 72.8751 5
3 5 39.8322 5
2 1 19.3319 4
2 1 33.3636 0
0 4 47.4399 2
4 1 31.031 2
0 1 76.0654 4
5 3 74.6433 1
3 4 35.8246 1
5 0 88.9608 4
3 0 61.1768 2
1 3 26.9262 4
5 0 15.9563 3
1 4 92.961 2
2 1 95.7684 1
1 3 8.5377 1
5 5 -0.5652 5
1 5 9.7885 2
1 5 99.8563 2
3 0 99.2934 3
3 2 26.8105 3
3 0 5.8498 3
5 1 20.3286 2
5 3 15.6188 0
5 3 70.0582 4
3 4 -8.33 2
3 5 45.6067 2
3 4 91.6452 1
2 3 14.6296 0
1 2 41.6168 2
4 4 5.7944 2
5 2 63.2835 3
4 0 47.8022 0
5 5 13.3846 5
2 3 19.8924 2
2 5 46.1315 5
3 5 71.856 3
5 4 50.3686 5
1 0 20.8265 2
2 3 86.551 5
5 0 10.1526 3
3 1 -7.8008 4
2 5 81.5655 3
2 0 -5.1222 3
4 3 -2.8069 2
2 2 74.7779 5
5 5 -2.5079 0
4 2 -9.695 1
4 5 44.0658 1
2 4 8.0182 2
4 4 87.9078 2
5 5 80.0156 3
5 4 44.0536 3
5 2 -5.717 0
3 1 76.2627 2
2 1 39.6806 4
0 0 85.4699 2
5 0 -0.7887 4
2 1 22.6876 4
2 4 9.285 1
3 2 89.9756 3
1 4 97.1024 1
5 0 68.8811 3
0 1 38.3396 0
1 4 17.3607 0
3 3 19.696 0
5 2 30.4113 1
4 4 70.1829 2
4 0 82.649 2
2 0 59.0924 5
1 1 12.4147 4
5 0 50.2868 3
0 0 79.7983 5
2 1 54.4443 4
2 2 41.4849 0
4 0 63.8542 3
3 4 -8.672 5
5 4 1.0399 2
5 0 23.6438 0
1 4 48.7463 0
2 4 76.8098 0
0 2 37.838 0
1 2 3.1823 0
5 3 61.5299 4
0 3 79.8783 5
3 1 40.2041 3
0 0 51.243 2
1 0 44.4258 1
0 5 39.625 3
1 5 93.1101 4
4 3 65.5235 3
4 0 84.5726 4
2 4 36.3023 0
0 0 97.7622 5
0 4 2.8292 3
3 3 3.7352 1
5 1 4.1894 0
5 2 9.0562 2
4 3 0.7619 5
1 1 40.358 5
5 2 3.1877 0
0 5 0.3814 2
0 5 1.2985 5
4 0 72.4793 5
1 0 80.0201 0
5 5 11.7781 1
0 4 46.2151 2
3 5 77.9546 3
0 4 27.2616 0
4 3 7.0442 4
3 0 26.0123 2
2 3 47.896 2
1 5 10.4283 0
0 3 11.9803 2
4 0 33.9653 3
1 2 87.994 4
3 5 20.2437 0
5 4 99.1852 3
0 1 13.3612 4
5 2 24.0102 3
1 1 37.1582 2
1 2 46.1194 3
3 0 13.7668 5
3 3 -7.7361 1
2 1 63.6864 3
4 5 80.2629 0
0 0 26.0364 3
2 5 76.6174 1
2 4 83.9484 4
0 0 49.073 3
3 2 0.0123 2
0 1 -0.8144 0
5 1 94.8732 4
0 0 43.8917 0
5 1 72.8805 1
4 5 33.5208 1
1 2 -5.0906 2
5 2 75.5676 3
0 5 84.8883 5
0 5 16.6398 2
4 0 32.8669 2
4 5 59.3848 2
5 1 65.3658 5
5 5 81.5985 2
3 2 28.8993 4
0 2 10.7787 1
3 4 54.7241 2
3 4 73.0468 3
0 3 67.6778 5
3 3 9.3247 3
2 2 96.1335 1
3 2 80.8332 1
3 3 49.8719 4
3 0 -4.9597 1
2 0 37.5048 5
4 2 43.5544 1
3 0 50.592 1
4 4 95.4017 2
3 1 1.1772 5
2 1 9.4007 4
3 2 27.0015 1
3 3 22.917 4
3 4 89.78 4
1 3 16.6641 1
5 5 20.3957 4
1 4 48.0141 5
4 1 65.0581 4
5 3 70.702 2
5 5 95.9837 5
3 2 26.0529 0
2 2 79.8728 4
0 5 58.4402 2
5 4 1.954 1
5 1 42.1102 0
5 2 92.3477 0
5 4 85.4183 4
4 5 50.9799 3
5 5 38.1563 4
2 2 54.9633 3
5 1 96.4184 2
3 0 76.0759 2
5 3 79.3844 5
1 4 31.2101 2
4 3 92.1557 0
5 4 58.6154 4
1 3 -3.6267 1
3 2 54.3452 3
3 2 4.3283 4
3 5 64.661 4
1 1 36.5365 0
3 0 -6.7086 5
5 0 67.374 3
4 4 84.1801 0
5 5 53.8515 2
2 4 10.033 4
4 4 68.3799 4
5 1 14.272 1
4 4 53.6771 2
4 1 25.2557 4
4 4 -3.2277 3
2 0 24.9853 3
3 1 44.4612 5
2 5 89.4375 3
5 2 63.4955 4
3 4 67.2206 5
2 0 59.0996 1
0 3 3.355 5
1 3 63.8428 4
0 2 18.4402 0
0 2 6.5876 3
5 5 -9.4865 4
4 5 -8.1388 4
5 0 -5.2023 0
5 4 55.6235 5
4 3 16.3709 4
1 0 76.4101 5
4 0 37.7095 4
3 1 88.3155 4
1 3 42.5637 0
4 1 86.0439 3
0 1 44.4771 5
0 5 76.1429 0
4 2 4.9305 3
1 0 -5.5582 4
4 3 47.5733 1
3 4 -7.5748 1
4 0 22.0597 2
1 3 65.6653 4
2 3 25.9838 3
2 1 18.262 3
5 2 11.6229 5
1 1 99.7556 0
2 2 33.7595 3
3 1 83.6747 2
1 1 73.8369 1
3 2 17.3733 0
1 5 56.1338 2
0 5 82.9725 5
4 2 16.097 4
0 3 18.4151 4
3 4 26.9444 5
3 1 70.3504 4
4 2 6.686 5
1 4 12.9388 4
3 1 43.1176 1
5 0 4.2554 3
4 0 -0.0023 5
2 3 38.9774 0
0 3 60.9607 2
5 5 41.6772 4
2 3 18.9568 2
5 3 64.0125 0
3 0 38.4948 4
5 4 28.1465 4
4 2 33.592 0
0 2 -4.6384 2
5 1 -9.2218 5
1 2 90.7609 4
2 0 30.6991 0
3 4 26.7819 0
4 5 92.9312 0
4 3 93.6777 3
4 1 28.3804 0
2 5 94.2007 5
5 3 16.7031 5
0 1 63.6229 2
3 5 8.801 4
4 0 -6.3541 0
2 2 1.9981 1
1 5 22.4555 2
3 1 39.2856 3
1 5 48.731 4
3 4 34.9209 2
5 5 44.5351 5
3 4 66.6362 5
3 0 59.4018 2
1 4 20.0747 3
1 3 83.8502 5
2 4 8.8151 2
1 0 98.3163 2
2 0 99.9261 0
4 3 49.4341 2
1 3 28.6073 2
3 0 82.9675 4
2 4 57.4583 2
3 2 84.1463 0
3 3 90.5833 4
3 5 60.1099 5
5 4 33.5201 1
2 2 65.0175 2
4 2 61.9784 4
2 4 -9.752 2
4 3 23.8663 3
4 4 55.518 3
4 3 4.8051 3
1 0 74.2136 2
3 5 40.1376 3
2 5 95.9765 1
0 5 -8.6276 1
5 4 78.0934 2
3 0 34.7801 4
5 5 63.3955 3
2 3 83.1406 4
0 0 -8.5445 0
2 1 98.478 5
0 1 6.6954 3
5 2 42.6663 5
2 5 92.3224 2
5 2 36.9086 2
3 5 82.7418 2
4 1 79.743 1
5 3 25.8417 0
4 4 92.1241 0
0 1 50.1712 2
2 2 88.9007 1
0 5 87.3396 4
1 1 24.6276 3
2 4 48.3422 1
2 4 3.398 0
1 0 93.1385 3
5 3 35.6984 3
0 2 31.0807 1
1 3 26.0543 2
1 3 5.8006 3
1 1 33.1584 4
3 5 49.7941 2
1 0 28.7495 1
1 2 44.5839 2
1 1 94.0921 0
5 0 51.7113 1
5 1 94.1926 5
5 2 -8.4779 4
2 2 -4.114 2
1 3 39.8254 3
4 2 69.6771 4
3 4 60.9036 5
1 3 59.0363 2
0 0 55.8879 2
0 1 6.0892 3
5 2 21.5488 5
3 5 50.3665 1
5 4 10.9112 0
3 0 45.9385 4
3 5 -7.2341 0
4 1 81.834 2
0 4 24.8612 4
0 4 34.9672 2
1 5 35.4008 4
4 1 71.8639 2
1 2 7.582 0
4 3 28.0246 3
4 5 -5.3316 5
2 5 95.8435 3
0 5 94.079 0
3 1 91.2813 1
0 3 61.042 2
4 2 83.1023 4
5 0 25.8334 4
2 4 65.1881 1
4 3 7.2288 2
3 1 66.9465 1
4 1 89.0159 2
3 5 84.0582 4
3 2 40.004 3
0 0 49.5048 2
2 5 90.4321 3
5 1 45.0848 5
3 5 42.7837 1
3 4 4.0745 4
5 3 55.4649 1
2 5 43.6923 0
2 0 39.9628 4
1 4 98.8211 0
3 0 55.8143 2
2 1 74.9758 0
2 3 56.1958 1
3 1 98.8569 4
4 0 76.7173 1
2 5 13.7689 5
3 5 8.1636 1
1 2 32.8119 3
4 5 11.3214 1
5 3 23.4862 2
0 5 91.3481 3
4 1 47.2545 4
1 3 67.0114 2
2 3 -2.764 2
0 4 -5.1267 2
3 5 36.191 0
0 2 42.7538 4
3 1 77.6032 1
3 0 -0.4733 5
0 1 55.1385 0
2 3 8.5186 0
3 5 57.1198 3
4 3 -9.9165 3
4 0 80.535 4
4 2 93.8324 3
0 2 97.5952 4
3 0 4.8954 0
4 4 31.903 4
0 0 0.8767 1
4 4 83.8672 0
3 3 69.3876 5
1 1 76.422 0
0 0 94.2395 1
5 3 13.7729 1
0 5 45.0933 2
0 1 77.5028 5
5 4 1.4403 0
5 0 10.3216 0
1 4 34.6168 1
5 0 79.7654 5
2 0 77.2123 4
3 5 59.3427 3
3 4 25.1046 1
3 4 23.1878 2
2 5 41.5056 1
2 3 -7.4997 1
3 4 66.5746 1
0 0 55.5958 4
1 3 33.2201 1
5 3 59.9112 2
4 2 -4.4999 2
0 5 15.0528 2
5 0 42.4491 1
0 4 88.5126 2
2 2 91.5966 0
1 0 60.9812 5
5 3 60.64 0
2 3 3.6019 2
4 3 4.7053 4
5 4 49.5072 0
4 4 41.7027 5
3 2 -2.3718 5
2 5 88.8331 5
2 5 47.9811 0
3 5 96.2046 3
0 4 -1.5226 0
1 3 4.451 4
5 2 80.0459 4
4 2 40.9142 5
1 4 77.9851 5
0 4 27.4018 1
4 5 4.849 4
3 0 14.4469 3
0 4 54.7383 1
0 2 -0.7942 0
1 5 -9.6524 1
1 3 54.9185 4
2 3 85.2059 4
5 3 44.9675 5
0 5 92.192 2
2 4 83.8355 2
3 5 28.065 1
5 3 66.1428 2
4 1 74.9632 3
0 4 54.1289 2
2 5 15.4602 4
4 5 74.0597 2
1 1 54.4924 4
3 1 -2.1254 2
5 1 82.8902 4
5 2 -8.1569 4
2 1 61.8583 1
0 2 37.5282 1
1 4 36.9122 4
4 3 10.3337 5
5 5 25.598 1
1 2 31.6852 3
2 5 51.2773 3
0 4 19.1018 1
5 5 66.2652 4
1 4 36.845 1
2 5 70.4969 4
4 5 -8.3113 3
0 3 57.167 5
4 5 22.1831 3
0 5 64.8987 0
4 4 2.9043 0
5 4 17.0525 1
3 5 5.9278 1
5 1 33.7615 1
0 4 29.49 4
2 3 0.1607 3
4 4 -1.3016 1
3 4 31.667 3
2 4 58.4534 4
0 2 35.3083 5
2 5 60.373 5
2 4 96.5947 0
2 3 34.2959 0
3 4 70.4983 0
3 0 95.1246 4
3 3 6.4187 0
3 3 96.0002 1
5 0 41.763 2
1 3 78.7238 3
2 0 91.2775 5
2 4 -5.8967 5
2 0 47.3019 0
2 2 35.3203 2
0 4 90.1741 3
3 5 9.1907 3
1 3 73.8691 3
1 0 48.0653 5
5 4 47.5022 5
3 5 72.6545 1
1 4 16.159 2
1 0 20.8008 0
3 5 2.4714 1
1 3 40.281 1
5 4 7.3009 3
0 0 80.3598 0
2 0 92.0903 5
4 3 22.269 3
1 1 -7.9495 3
3 4 27.6449 5
1 0 38.7112 0
2 1 68.8835 1
0 0 61.9863 1
5 4 99.3641 3
0 2 66.1842 5
2 2 11.808 0
1 5 19.4387 0
3 5 77.6043 4
2 5 78.1717 4
3 5 35.4609 3
0 4 10.9718 0
3 3 23.9295 3
1 4 44.2391 3
5 2 -8.832 0
0 1 10.4809 2
1 1 46.0432 0
4 2 3.7766 3
5 1 37.5043 5
1 5 1.1067 4
5 3 37.1897 5
0 2 79.4485 1
3 5 1.9343 5
5 1 -7.029 2
2 3 71.4877 5
2 2 73.7902 4
0 1 79.3259 2
5 1 20.1996 1
5 4 52.4157 1
1 5 19.764 5
0 0 68.403 4
2 3 47.7229 2
1 3 77.8531 4
1 4 22.499 1
5 0 40.1705 5
1 4 32.3238 5
3 2 85.8377 5
2 1 -0.8576 0
2 5 22.1035 0
1 0 -1.0798 0
5 4 57.4555 4
0 1 20.5824 5
4 5 -9.8295 3
4 1 27.3301 5
4 5 66.9822 2
2 0 0.5978 3
3 1 42.9053 5
5 5 53.8113 4
5 2 5.2577 1
3 0 15.1285 5
2 2 54.2047 1
0 2 20.0094 5
4 1 18.8174 4
2 3 45.0197 3
1 5 60.1006 5
5 2 78.4513 1
2 0 43.232 1
0 0 3.8461 1
0 3 22.0074 4
4 5 89.9374 2
0 4 1.416 2
3 2 13.5446 0
2 4 98.0857 3
3 3 2.3944 4
2 0 61.3244 5
0 2 97.8238 3
4 4 60.2393 5
5 5 80.4237 2
0 3 69.4758 4
4 0 48.951 4
0 4 81.3522 0
0 0 70.3462 4
4 3 99.7597 3
5 4 66.8545 4
2 3 7.7653 0
4 3 12.009 5
2 3 11.1456 5
4 1 48.0556 4
4 1 9.8616 3
4 2 10.703 0
0 3 99.6967 5
3 0 -3.0586 3
3 1 38.8508 3
1 1 91.678 2
0 3 36.3146 2
2 5 71.9228 3
0 5 24.2216 4
4 1 36.1365 4
2 5 -6.8392 2
3 0 10.1724 2
0 1 94.126 4
0 3 25.3355 4
5 5 69.617 2
3 3 -9.9089 5
0 1 83.4672 5
4 4 68.4144 0
5 1 66.6922 2
2 5 1.4717 5
5 4 46.0358 1
5 4 7.8057 1
2 0 11.5723 5
1 0 33.0815 0
3 1 43.3462 2
2 4 25.5572 3
1 2 85.0292 0
1 0 99.5286 4
3 1 68.5819 5
1 4 89.7878 1
0 3 5.3493 3
0 5 64.0803 2
3 5 39.8349 0
4 5 -9.8543 0
1 0 -9.1024 5
3 4 23.3603 5
1 3 16.8863 0
3 4 90.0003 4
4 3 -3.7376 3
5 4 84.8238 0
3 2 79.1442 5
3 4 89.8914 5
1 4 -8.4776 5
1 0 -8.2698 5
4 1 73.8291 5
0 2 0.2916 5
1 4 99.9182 5
3 0 61.1231 3
1 5 47.4516 1
4 2 59.0275 1
5 4 68.3678 2
3 3 12.3999 1
4 2 50.1865 3
4 1 -6.1887 2
2 0 88.5915 0
0 1 2.8472 2
4 0 56.8542 0
5 1 86.4234 0
4 0 45.5971 4
4 4 18.7922 0
5 0 -6.1961 3
1 5 73.2123 2
4 5 51.1273 2
0 5 31.4068 4
2 0 23.7455 2
0 2 1.4206 3
4 4 17.6365 4
3 1 29.7223 4
4 5 31.5723 4
3 4 29.6671 2
1 5 19.928 5
4 4 96.0431 4
2 4 96.0138 4
3 2 -6.3904 2
2 4 91.2153 4
5 4 91.0506 1
3 0 -1.6219 4
3 2 98.9645 4
1 1 39.838 3
4 3 65.3751 5
0 0 96.1576 4
1 0 56.8668 1
3 2 64.5517 5
4 0 18.6935 2
1 3 95.5673 3
0 4 71.706 0
4 3 15.1615 5
5 5 -1.7828 5
3 5 97.0938 1
1 3 86.3117 0
0 1 63.8846 5
3 4 10.4998 0
1 5 79.8 0
5 5 -2.4041 0
2 4 -8.7 4
0 1 61.9939 4
3 2 -3.4307 3
5 0 77.9425 0
4 2 1.1944 4
5 4 -5.8999 4
4 3 50.5731 0
4 1 44.3513 3
2 1 77.084 4
5 5 78.4545 3
5 2 89.2771 5
4 0 25.7823 0
4 0 12.0059 3
0 5 86.318 5
5 5 70.1296 3
4 4 42.666 5
