4 1 4 2
2 3 83 5
3 2 95 3
4 2 96 0
3 0 72 2
3 2 78 5
5 0 35 5
1 2 5 5
2 3 66 2
0 2 37 5
2 0 50 0
2 5 85 0
3 2 17 1
0 1 65 5
3 4 94 3
0 5 95 4
5 4 2 5
5 5 57 4
2 0 4 4
5 5 4 1
0 3 55 4
5 1 66 1
5 1 43 5
1 4 63 1
2 2 62 1
4 5 92 1
4 5 25 5
3 1 41 1
4 2 99 2
4 0 59 2
1 4 61 4
1 1 12 5
5 4 6 2
3 3 13 0
3 3 70 0
0 1 80 4
1 2 17 0
0 0 71 0
3 5 78 4
3 2 2 4
3 5 31 0
1 5 56 5
3 2 36 0
4 4 -1 5
0 4 17 1
2 4 83 3
2 3 73 3
0 2 17 0
5 5 66 4
0 1 68 1
4 3 18 5
3 4 57 2
1 2 88 2
4 1 4 5
2 5 63 4
1 3 74 3
2 5 46 1
5 0 56 1
3 2 63 1
1 2 88 0
4 0 13 4
4 1 75 5
2 0 100 5
3 5 67 0
3 0 44 0
5 4 41 3
5 4 76 1
4 5 43 3
4 2 9 5
0 3 70 2
3 3 44 0
2 4 18 4
1 0 69 1
5 1 41 3
3 1 29 4
2 3 84 4
4 4 72 2
0 4 43 1
2 1 98 2
0 1 52 4
2 0 -1 4
0 0 79 3
4 1 32 2
5 3 12 0
4 2 55 0
2 3 53 4
0 1 24 1
1 4 62 2
1 2 82 1
0 4 64 3
4 3 86 2
3 0 54 0
3 4 83 4
0 1 39 4
2 0 70 2
0 3 35 2
5 0 60 2
2 0 29 5
5 1 -5 5
1 0 46 4
0 4 13 0
5 4 -7 2
4 5 32 0
3 5 -8 0
3 3 76 1
3 0 97 5
5 5 31 4
1 4 -3 2
3 0 43 0
2 3 97 1
1 5 1 0
3 3 46 2
1 2 55 1
0 1 28 3
5 1 88 5
0 2 91 2
4 1 93 2
2 3 50 5
2 4 22 5
1 2 72 2
5 1 29 3
0 2 80 4
1 4 86 2
0 2 44 1
0 3 -10 2
4 2 47 2
5 1 88 5
1 4 12 2
2 2 12 4
0 1 21 3
5 4 94 1
5 1 92 0
5 5 68 5
1 4 -5 3
1 5 85 5
4 2 64 2
4 2 51 1
2 5 98 4
5 3 66 4
4 3 6 1
3 2 43 5
0 5 34 1
5 1 54 3
1 4 21 2
5 1 71 5
2 1 46 5
2 0 -5 2
1 3 8 3
0 5 84 5
5 5 7 2
0 4 61 1
1 0 -3 4
0 0 25 5
5 2 39 0
3 0 -6 0
2 3 51 5
5 4 88 2
3 2 2 0
3 1 45 0
1 2 54 1
3 3 23 0
0 3 80 4
5 4 38 0
1 4 19 3
1 0 32 5
5 0 77 3
1 1 21 5
2 2 93 1
4 1 22 0
2 5 39 3
5 0 39 2
3 5 83 2
2 0 57 0
3 2 32 0
5 4 85 4
3 1 56 2
5 5 59 5
1 3 19 2
0 5 24 5
2 2 100 4
2 4 4 2
2 4 89 5
0 1 56 3
3 1 36 4
3 0 -5 0
3 3 34 2
3 2 50 3
2 3 -8 3
2 1 54 4
3 3 -1 3
3 1 9 4
3 1 46 2
1 5 33 3
1 2 85 5
1 1 20 3
1 2 51 0
5 5 75 1
4 5 56 5
5 2 39 5
3 0 81 4
1 5 67 5
1 2 43 4
3 2 83 3
3 0 14 0
4 1 31 1
3 4 49 1
2 3 10 1
0 0 12 0
5 1 68 2
1 0 70 5
4 1 86 4
1 0 76 1
1 0 1 0
4 4 -2 0
4 1 61 3
2 5 79 0
3 4 -2 0
2 0 30 3
3 2 20 0
2 1 57 0
5 4 22 0
4 2 15 2
5 0 87 5
4 5 72 2
3 2 50 5
0 2 32 4
1 2 50 2
1 3 84 3
0 5 73 3
3 3 -4 2
5 2 66 3
4 1 -7 4
0 3 91 5
1 4 78 1
0 1 19 1
3 5 57 5
4 2 -1 5
5 3 91 5
1 1 78 3
3 3 54 0
0 5 65 0
3 3 64 5
1 4 -4 2
5 2 84 0
3 0 88 0
2 1 41 4
4 5 23 4
1 4 98 0
3 2 45 1
4 0 16 4
4 0 73 2
4 3 -2 1
1 2 34 0
0 4 33 0
3 0 22 2
3 3 75 1
2 1 22 1
2 0 79 1
1 0 23 2
1 1 63 3
2 1 58 4
3 5 64 4
0 3 77 4
5 3 -3 3
3 5 0 4
2 5 3 0
1 2 90 1
4 2 84 3
2 3 5 0
2 5 -10 5
0 5 31 1
2 4 43 5
1 3 77 1
0 5 94 3
4 0 -7 0
1 5 32 2
1 2 11 5
4 5 67 4
4 5 28 3
5 0 73 3
2 5 -10 4
5 5 90 0
0 4 45 3
5 5 45 4
1 2 73 2
4 5 83 4
2 3 96 4
5 5 13 4
4 4 87 1
2 0 36 5
1 5 14 2
2 2 59 1
0 4 97 4
4 3 96 0
3 3 85 3
3 0 34 1
0 5 88 4
5 2 62 2
3 5 97 1
0 2 60 2
5 1 8 2
5 0 99 1
2 0 0 3
4 5 29 5
1 3 87 4
5 4 49 1
3 5 66 1
3 3 9 3
2 1 98 3
4 4 42 2
0 5 97 0
4 2 40 3
2 1 59 4
1 4 13 2
3 4 86 3
5 4 56 0
5 2 3 1
3 5 20 4
0 3 84 0
0 3 98 4
1 1 27 2
4 5 33 4
5 1 80 4
1 3 38 3
2 2 36 4
1 1 95 2
0 3 30 0
0 0 -6 4
4 1 99 1
2 1 37 5
1 1 36 1
2 3 -2 2
4 3 35 2
5 3 11 4
2 2 20 0
3 1 52 2
3 1 61 1
2 1 21 5
4 1 7 4
2 1 13 2
0 0 79 4
4 2 96 3
4 1 53 0
3 2 45 1
5 2 -9 4
0 1 20 4
1 5 50 3
2 1 -7 2
4 2 8 1
3 3 93 2
5 0 -5 4
3 5 82 2
0 0 17 2
1 0 59 4
5 3 44 3
5 5 0 0
0 3 15 5
5 5 63 1
1 4 95 3
5 1 29 3
0 0 59 4
4 2 34 0
3 2 71 0
5 2 9 5
2 0 82 1
2 5 -9 2
0 0 42 3
1 2 48 1
2 1 70 1
3 2 93 3
4 2 -3 2
2 2 84 2
4 1 -8 1
5 3 32 2
0 1 -6 3
4 5 47 4
4 4 45 4
4 4 54 2
0 4 9 3
1 0 51 4
5 1 77 4
2 2 86 3
0 2 72 5
3 5 14 5
5 1 94 0
4 0 64 5
1 2 15 4
3 0 10 1
5 0 13 0
1 4 17 5
2 5 -9 2
2 1 87 2
4 2 28 2
5 1 24 4
0 1 76 2
4 2 72 2
0 4 66 3
2 0 67 4
0 2 47 5
3 0 -4 0
3 3 3 1
3 0 50 5
1 0 21 4
2 3 15 4
4 5 96 2
4 3 60 3
5 2 -4 3
5 4 73 1
2 1 4 5
5 1 86 3
2 3 83 1
4 2 44 1
3 5 29 3
1 4 95 4
2 5 62 3
2 4 19 3
4 5 11 0
3 1 16 0
3 5 93 3
1 1 60 2
1 0 31 3
1 5 55 0
1 3 20 5
4 3 67 5
3 2 76 4
2 4 56 4
0 0 90 4
2 2 -7 4
5 1 40 0
5 4 67 2
2 5 92 4
5 4 79 2
4 0 86 4
3 5 42 0
4 4 59 3
4 5 79 2
0 5 21 0
4 5 48 1
1 1 34 3
5 5 50 5
4 2 89 0
0 1 17 5
3 3 49 5
1 2 49 5
2 2 -4 3
3 4 24 0
1 4 99 4
1 3 56 4
4 4 32 0
3 4 49 0
0 2 47 0
0 2 87 2
1 1 8 1
1 1 37 2
1 5 49 4
4 3 79 2
4 3 -1 2
0 4 40 3
4 2 44 3
3 0 62 5
5 4 12 5
0 4 8 1
1 2 19 2
3 3 13 2
1 3 71 5
4 3 81 3
3 1 68 2
4 1 82 5
5 3 11 5
0 1 -6 3
3 0 21 5
4 5 92 4
4 3 43 1
5 2 76 5
5 5 87 3
0 4 93 5
3 3 28 4
1 5 86 4
5 0 -3 3
3 4 82 1
4 4 98 5
3 1 68 5
5 4 61 5
5 1 44 4
3 5 3 0
0 2 51 1
1 3 43 4
4 0 56 5
3 5 -7 5
3 0 -4 4
1 0 13 1
2 1 -7 3
5 0 12 2
3 4 30 0
0 2 4 4
2 3 29 5
3 2 79 3
1 2 9 2
3 0 96 4
3 1 1 4
4 2 14 3
3 0 55 4
0 5 76 4
4 4 85 2
1 2 -5 1
3 1 92 3
4 2 71 3
2 2 -5 2
5 0 55 2
0 2 -4 5
5 3 66 3
1 0 80 2
5 3 63 5
4 0 73 4
3 0 69 0
0 2 53 3
0 4 25 0
5 3 42 2
4 1 4 4
1 3 57 0
0 5 45 0
0 3 26 1
0 4 56 1
0 1 49 4
2 2 76 0
4 5 84 3
4 0 27 4
0 1 58 2
1 2 43 5
5 0 69 2
4 1 97 5
3 3 84 4
5 0 98 3
1 3 96 4
5 3 78 5
3 1 98 2
2 1 78 2
0 0 42 0
2 3 6 1
0 3 77 4
0 5 1 4
2 3 60 0
3 4 46 4
1 4 90 0
5 4 18 0
5 0 57 1
5 3 82 4
3 1 39 4
3 2 15 0
2 5 36 1
2 2 21 1
1 5 89 1
5 0 55 0
3 3 99 1
1 3 3 1
0 3 40 4
5 1 7 2
5 2 38 2
0 5 85 2
5 5 47 5
4 1 60 0
3 0 6 3
5 4 -4 4
4 1 78 3
1 3 18 3
5 2 22 3
0 0 39 2
5 2 27 2
2 1 50 5
2 5 28 0
4 5 73 0
1 0 -10 3
2 4 75 2
2 4 17 3
3 1 -7 1
1 2 42 4
0 0 34 2
4 5 9 3
5 1 51 5
3 2 -8 3
5 0 44 4
1 1 -4 0
3 0 56 5
2 4 30 1
1 3 22 1
2 5 84 5
5 0 -8 3
1 4 0 1
0 5 23 1
4 3 50 4
0 0 -8 2
5 1 68 4
0 1 77 2
3 0 82 0
2 3 11 2
1 0 37 0
1 3 25 4
3 4 64 1
0 3 10 3
0 3 12 1
4 3 88 2
5 2 4 5
5 2 59 0
3 5 46 5
5 3 85 4
3 3 98 2
1 3 38 5
4 2 40 3
4 1 35 2
4 2 2 0
4 4 71 2
2 5 -9 2
5 1 28 2
2 1 99 2
3 3 3 3
1 5 6 3
3 3 38 0
0 4 -7 3
5 0 57 0
5 5 14 0
3 5 8 2
5 1 10 4
5 1 79 5
3 3 75 1
2 0 59 3
3 5 56 1
0 0 98 0
1 2 51 2
4 4 20 5
4 4 34 3
2 2 60 3
5 4 1 5
3 4 46 3
3 5 9 0
5 5 12 4
1 4 -4 2
3 4 100 4
1 1 57 4
2 5 85 5
3 4 -5 0
1 4 3 3
0 1 25 2
0 1 41 0
5 0 -3 2
2 4 -5 0
3 1 44 1
0 5 6 3
1 0 94 2
4 3 96 4
5 2 -5 3
2 4 37 5
3 2 60 2
1 0 43 1
5 4 37 2
3 0 8 5
5 3 91 3
2 4 26 2
1 2 -5 4
2 0 7 3
2 4 22 2
5 0 79 4
3 1 88 5
0 3 28 0
0 4 69 1
2 5 44 5
5 0 46 3
5 5 17 0
3 0 -2 1
1 0 33 3
0 3 79 0
5 1 34 1
0 4 84 5
2 1 6 5
3 4 86 0
5 2 88 3
2 3 33 4
3 3 87 3
5 1 23 0
0 4 2 2
0 0 -6 5
2 5 6 1
5 5 0 2
0 3 71 4
4 4 50 5
5 3 70 3
3 0 81 2
3 5 -9 0
4 1 57 5
1 4 32 3
5 4 21 5
4 5 91 1
4 1 32 2
2 1 -7 1
2 2 90 2
1 4 49 2
3 0 29 3
0 1 23 2
2 2 18 5
2 0 -7 4
3 5 44 3
5 4 41 1
5 5 58 3
2 0 79 3
3 4 92 3
0 0 6 1
3 5 89 1
1 3 56 3
4 2 17 5
0 5 61 1
3 0 4 0
3 5 15 5
3 5 85 5
0 5 67 4
5 5 50 1
1 4 31 2
1 5 75 0
4 1 -5 2
3 0 72 1
3 3 51 1
0 4 41 5
4 3 91 1
5 2 66 3
1 3 67 3
1 1 63 5
0 3 96 1
3 0 45 1
3 1 15 4
2 3 32 3
1 4 19 5
5 5 80 3
5 2 80 0
0 0 17 2
5 0 33 3
5 1 62 4
0 5 36 5
0 2 42 2
3 1 45 0
0 2 76 3
3 0 86 2
5 0 21 4
1 5 59 3
0 5 22 3
4 1 100 2
2 1 7 1
5 3 58 4
0 5 78 4
2 4 87 4
5 0 44 1
1 5 77 2
2 4 88 0
2 5 4 4
1 5 87 5
0 3 28 1
5 3 41 0
3 3 74 0
2 2 83 5
4 3 12 5
0 2 50 1
2 2 41 3
3 0 -1 4
3 4 74 1
0 3 19 0
4 4 97 2
5 3 10 4
0 0 74 3
1 2 -10 1
3 1 10 4
3 5 62 4
0 4 -3 1
0 1 34 3
0 0 88 4
2 3 85 2
3 1 21 1
0 0 -3 4
0 4 18 0
3 1 94 4
4 5 62 4
2 4 -3 4
3 1 31 0
5 1 5 4
3 3 43 5
3 2 9 0
1 5 6 4
2 3 65 2
5 2 21 5
3 3 15 1
4 3 90 4
2 5 66 2
4 5 84 3
0 1 38 0
5 4 55 3
3 1 42 5
5 0 65 0
1 3 24 1
2 1 39 1
0 0 81 1
5 0 50 1
1 5 5 1
0 5 63 1
4 1 75 2
4 0 48 2
4 1 48 0
1 2 63 5
0 5 53 3
3 0 82 1
3 2 57 1
4 2 9 3
3 4 16 5
2 4 69 4
4 3 61 5
2 0 -7 4
4 2 49 5
2 0 -6 2
5 3 61 2
2 5 61 1
5 4 4 5
5 3 16 0
2 0 76 4
4 3 2 0
3 5 98 4
3 1 55 4
2 4 61 3
5 2 16 1
4 1 95 3
0 0 59 1
1 2 62 4
4 0 99 3
5 2 98 5
3 1 23 0
4 3 97 2
5 1 55 3
4 4 42 3
3 3 54 4
1 0 99 5
3 1 38 0
4 3 23 4
0 2 76 3
5 5 43 1
1 0 36 1
1 3 6 2
0 3 -8 3
3 2 30 2
0 4 42 3
2 4 96 1
1 1 64 5
0 2 51 5
5 0 31 4
0 4 3 5
3 2 38 3
4 2 73 1
1 1 81 5
3 3 4 5
0 3 42 1
2 4 -10 3
3 0 49 4
4 3 15 5
4 0 20 1
5 3 37 0
2 4 21 0
2 0 32 3
1 3 81 3
1 3 97 2
5 0 8 0
5 1 64 0
0 5 100 4
2 4 20 4
1 5 32 1
0 3 32 3
2 5 33 1
5 2 -6 3
0 3 77 5
3 3 36 4
2 1 32 0
0 3 73 0
5 0 88 4
1 1 7 1
2 0 -7 1
4 0 36 4
2 0 24 2
4 0 68 1
4 2 35 0
4 4 26 1
4 3 14 1
2 3 3 3
3 0 11 3
4 4 -8 5
0 3 86 2
0 4 70 2
0 1 71 2
3 3 99 0
0 1 -3 2
1 2 95 0
2 0 27 1
5 1 77 1
1 4 62 1
0 5 40 3
0 4 31 1
0 3 62 4
0 5 97 0
0 5 32 0
3 5 53 3
3 0 29 0
2 1 90 1
1 0 42 1
1 5 45 4
0 3 85 3
1 1 34 2
0 4 15 5
0 0 -1 5
0 2 20 5
2 2 32 1
0 0 11 4
3 5 7 2
3 0 -4 1
1 4 13 5
3 3 92 3
1 5 93 4
3 5 9 1
4 1 83 5
5 5 56 4
2 3 14 4
5 5 11 2
3 4 98 0
0 5 16 2
5 2 3 0
4 4 72 3
5 5 96 3
4 2 50 2
4 2 46 2
2 5 57 0
4 1 -3 3
0 0 40 2
0 1 89 5
1 0 23 4
3 0 47 4
4 1 78 1
3 4 18 3
2 2 87 3
3 3 89 2
2 3 8 3
2 1 16 2
0 3 38 0
0 1 98 4
5 1 17 5
5 1 52 5
5 5 19 5
0 1 9 0
5 5 -3 1
5 5 1 1
0 0 34 1
4 0 99 1
5 1 36 1
2 0 79 4
0 5 75 0
4 0 37 2
4 0 35 1
2 1 87 2
4 0 72 0
4 1 -10 2
0 0 79 5
4 4 51 3
4 2 -7 4
5 3 35 4
1 2 16 2
5 2 45 5
4 5 1 4
0 2 32 1
5 3 34 4
2 1 74 4
0 3 65 1
4 5 49 2
4 3 22 1
1 2 30 5
4 3 13 2
4 0 -4 3
0 5 99 2
5 1 46 1
1 5 77 2
5 2 51 1
1 1 89 4
3 3 1 5
0 2 93 4
3 2 -2 2
3 0 -5 5
2 4 13 5
0 3 84 5
3 3 3 0
0 2 1 2
2 3 64 4
1 0 51 5
2 0 50 3
3 3 56 4
2 0 1 5
5 0 40 2
0 4 76 5
0 1 13 5
0 4 21 4
2 2 62 3
2 3 47 2
1 0 6 2
