0 1 54 3
5 1 58 4
1 2 21 5
3 0 64 4
3 1 -7 3
2 3 55 1
2 1 37 0
2 1 61 4
3 1 62 0
3 0 6 2
3 2 31 4
4 0 52 0
5 2 37 0
4 1 14 5
1 0 13 3
1 3 92 4
5 0 78 1
1 1 54 5
1 0 77 2
3 5 34 0
2 5 54 3
2 2 55 2
5 3 95 3
3 0 30 5
3 4 90 5
3 1 62 3
0 0 60 0
0 5 47 3
2 3 24 1
5 2 6 1
4 5 21 1
5 0 -2 5
2 3 74 5
3 2 75 0
2 1 47 0
0 0 99 5
2 1 59 5
4 1 70 5
5 0 -9 5
4 4 35 3
2 0 6 0
5 3 48 1
3 4 7 1
2 4 0 1
2 1 39 5
4 5 8 3
3 1 69 2
2 4 17 3
2 4 18 5
0 0 34 5
5 0 18 5
0 2 5 4
0 5 27 4
1 3 66 0
0 4 23 3
3 4 38 5
1 3 97 0
4 5 60 2
3 1 97 2
5 5 -1 0
4 0 90 5
5 5 20 0
1 4 0 3
1 4 41 0
1 3 34 4
5 1 26 4
4 4 83 5
5 0 80 2
1 0 32 0
1 5 -4 1
5 0 29 2
4 3 92 1
4 2 24 0
5 5 15 1
1 5 8 0
5 3 64 4
3 3 21 4
0 2 86 1
2 3 90 0
2 0 -5 0
0 5 50 5
5 1 62 0
0 0 71 0
0 4 63 0
3 4 84 3
4 2 24 0
4 5 51 4
1 0 16 5
3 2 56 0
5 5 -3 0
0 4 48 1
2 5 98 0
1 5 26 0
1 4 0 5
5 2 18 3
3 2 19 1
0 3 87 3
4 1 19 0
0 2 99 0
5 1 -4 0
4 3 96 0
2 2 82 1
0 5 34 2
3 5 75 5
0 5 100 4
3 0 66 0
3 1 95 3
5 1 16 5
0 5 17 4
5 2 22 1
5 4 87 4
0 0 -8 1
4 4 21 2
5 0 -8 5
3 0 49 1
2 5 11 5
0 5 55 3
2 3 54 5
4 0 89 5
1 0 80 4
0 3 84 1
0 0 63 1
2 4 3 5
0 3 7 1
3 0 96 2
0 0 35 4
2 3 3 1
1 2 17 4
3 4 15 3
2 2 98 1
5 5 32 0
4 4 36 5
2 4 49 1
2 5 94 1
1 1 86 1
1 5 75 0
3 5 54 5
5 1 1 0
1 5 57 2
1 3 68 2
0 3 4 3
1 5 27 3
0 3 28 4
3 4 90 4
1 2 26 4
4 0 96 0
4 2 1 4
4 3 44 4
3 1 69 2
4 2 53 2
1 0 47 1
4 1 31 1
3 1 50 2
5 3 21 2
3 2 44 3
4 5 100 4
1 3 92 5
5 4 -4 5
3 1 47 1
0 0 66 5
3 2 25 4
2 3 91 1
2 5 79 4
1 1 65 3
1 3 15 4
4 3 8 3
2 3 42 4
1 1 78 3
3 0 44 5
0 1 8 0
5 2 7 2
4 0 87 1
1 4 67 3
2 3 46 4
4 4 7 3
4 4 47 4
5 1 40 2
1 3 75 1
3 2 27 4
5 1 26 3
5 3 7 2
1 4 40 0
1 3 95 0
5 0 70 3
2 4 74 4
5 1 15 5
5 5 10 2
4 5 -9 4
0 4 22 1
4 0 42 1
3 0 31 3
0 0 4 0
1 5 82 0
2 4 5 1
2 5 16 0
4 0 82 1
2 5 21 2
0 5 67 2
1 0 6 0
2 3 -4 0
5 2 -5 2
0 1 36 4
5 5 61 1
5 2 56 5
3 5 69 0
2 5 83 1
5 4 75 0
5 4 -3 4
2 2 96 0
0 1 10 4
3 4 92 1
4 1 85 0
1 2 64 0
3 2 16 1
2 4 67 5
1 4 84 1
3 0 56 4
1 0 82 5
1 0 75 3
3 5 29 4
2 0 18 4
2 4 2 1
3 0 14 1
1 3 12 1
5 3 18 2
1 5 26 4
1 5 89 3
0 4 31 2
3 0 7 2
2 3 73 2
1 4 39 4
0 5 5 3
4 0 57 4
1 1 3 0
4 1 92 0
0 4 19 4
1 3 64 5
3 3 91 5
5 2 56 1
0 5 78 4
1 4 28 2
1 2 36 2
1 5 32 2
4 1 37 0
0 3 95 1
3 1 51 2
0 2 -1 1
1 0 68 0
5 1 80 2
3 0 -6 1
4 3 18 0
2 2 84 4
0 2 64 2
3 5 48 2
0 3 48 2
4 1 1 0
2 2 -6 0
0 4 16 4
0 5 25 5
3 3 55 3
0 0 77 0
1 4 -1 5
2 0 68 3
3 2 95 1
2 0 -8 4
2 3 95 1
4 1 68 1
5 1 59 5
1 2 15 5
0 3 79 0
0 0 -9 0
5 1 57 4
0 5 78 3
1 1 6 1
4 3 7 1
4 3 70 1
3 0 31 5
4 0 88 2
3 1 11 4
0 1 42 4
2 5 78 5
5 0 54 2
3 4 41 1
5 0 32 1
2 0 73 0
2 4 1 4
2 4 -6 4
0 5 41 1
3 2 20 1
5 5 76 2
4 1 64 1
2 1 65 1
0 3 62 4
1 3 65 2
1 2 43 2
4 3 -4 4
1 4 68 4
0 0 1 1
3 1 10 5
3 2 27 3
4 2 35 3
2 0 18 2
1 3 94 3
0 5 85 0
0 2 100 1
4 1 0 2
2 5 9 4
2 1 70 0
2 1 0 3
3 5 61 2
0 3 -6 4
5 2 71 3
0 1 14 5
0 3 56 5
5 2 0 3
2 0 3 2
5 0 48 4
3 2 94 4
2 1 47 2
5 2 79 0
2 1 95 3
5 5 6 5
4 5 52 0
3 0 40 5
3 0 87 2
4 1 24 2
2 1 97 2
5 2 -7 2
1 1 34 3
1 5 56 4
5 0 5 5
2 3 29 0
3 3 -3 0
2 1 92 2
3 1 70 1
2 1 53 2
5 3 38 4
3 5 75 0
3 2 86 5
3 0 76 0
1 5 31 5
3 0 89 0
1 2 -7 3
1 1 48 4
2 2 91 2
5 5 42 3
3 1 38 3
4 2 4 4
0 2 62 4
2 2 74 1
0 1 30 5
1 3 16 5
5 3 38 1
0 5 63 0
2 2 41 0
4 0 69 4
4 1 55 3
1 2 66 2
5 2 100 3
1 2 24 2
3 5 -5 5
1 5 29 4
3 2 48 2
2 3 66 4
1 3 78 2
0 1 80 1
5 3 81 4
1 0 70 2
2 3 72 1
2 5 59 5
1 3 22 2
1 5 50 4
0 3 41 5
3 5 5 3
0 0 1 5
2 3 89 1
3 1 40 0
2 0 11 1
2 1 11 4
2 3 68 0
3 3 86 5
2 3 93 1
5 5 4 0
3 1 78 4
5 1 58 1
0 3 91 1
0 3 85 0
0 1 17 1
2 5 43 5
4 0 10 0
2 0 35 1
4 0 35 3
0 2 35 3
5 1 68 3
4 0 61 1
5 0 2 0
0 0 42 4
0 2 53 0
2 0 58 0
3 2 5 4
0 0 55 0
5 3 62 1
2 4 26 0
5 1 61 2
4 1 26 2
4 4 85 1
5 0 -4 0
3 0 43 5
0 1 10 4
1 4 17 2
5 4 25 5
2 3 99 1
5 5 11 3
4 5 13 5
2 2 50 3
4 4 72 3
3 2 90 5
4 5 33 0
5 0 64 2
0 4 48 1
3 0 21 4
2 3 80 3
2 4 -1 0
3 1 49 0
2 0 43 5
3 5 40 0
2 2 -10 4
4 3 43 2
3 3 35 2
2 5 64 4
2 1 85 4
1 5 12 3
1 5 94 2
2 5 56 1
3 5 73 2
5 5 1 3
5 0 67 3
5 3 3 2
1 1 28 5
0 1 51 5
1 3 34 1
4 5 81 2
3 3 37 5
0 3 36 3
4 2 17 0
1 5 37 0
0 1 40 3
0 3 7 0
1 5 73 5
1 5 25 2
2 5 75 2
1 3 95 2
5 2 -2 2
2 3 99 0
1 1 98 4
0 4 55 5
2 0 30 5
3 2 72 1
2 4 -5 2
4 0 96 0
2 3 0 3
5 5 -2 1
5 4 96 1
1 0 65 5
1 5 71 1
3 3 92 1
0 0 -3 1
0 4 41 0
2 4 71 0
5 5 47 2
2 2 29 1
1 5 35 1
3 4 57 5
2 5 17 3
1 2 75 4
2 4 29 1
4 0 56 3
0 0 35 5
2 0 45 2
4 5 67 1
3 2 72 0
3 0 82 3
3 4 67 4
5 5 99 2
0 4 19 0
5 5 83 0
5 5 47 2
4 1 64 4
1 2 32 5
3 2 37 2
5 5 80 4
4 2 86 0
3 5 27 3
4 5 76 2
2 5 87 3
3 2 56 5
0 0 29 3
0 1 4 0
0 5 13 1
4 4 78 1
5 5 12 2
3 5 20 2
3 3 87 3
2 5 89 0
3 2 3 3
4 2 48 4
4 5 63 0
1 5 39 1
5 0 44 1
4 4 34 2
2 1 86 4
0 0 98 3
0 0 80 4
3 0 1 5
4 4 78 5
4 0 60 0
3 3 35 5
3 2 1 3
0 3 60 5
4 3 -6 5
2 1 60 0
3 2 91 3
5 2 30 2
1 2 94 5
1 0 92 3
4 2 37 2
1 2 93 5
0 0 60 1
2 5 22 2
2 1 50 3
4 5 46 1
0 4 20 3
0 5 64 1
3 1 81 0
0 1 86 4
0 0 74 5
1 0 35 1
1 4 77 5
1 2 31 5
2 3 15 1
1 0 47 4
3 0 75 1
1 0 81 4
3 2 87 0
2 3 86 3
5 3 76 2
4 5 1 3
4 2 -1 0
4 1 20 2
2 4 7 2
5 1 89 3
2 5 11 3
1 1 6 4
4 3 32 5
2 2 -1 5
5 5 89 5
3 1 14 1
4 2 54 4
5 0 8 2
4 4 46 0
4 4 94 1
3 4 -6 1
2 3 71 2
5 1 30 0
5 2 65 5
2 0 77 3
3 4 58 0
3 2 -10 0
2 5 66 4
3 5 -5 3
0 4 76 5
0 2 77 5
3 1 21 3
4 3 46 1
0 4 83 0
1 5 2 0
5 2 38 4
4 3 14 5
3 1 85 1
0 4 44 4
4 2 12 4
5 0 78 1
2 4 18 1
3 3 53 0
0 3 51 0
3 3 83 3
4 1 21 2
2 4 48 3
0 2 70 3
1 3 61 0
0 3 37 1
0 3 54 0
2 0 53 3
4 0 76 1
3 4 -9 4
4 2 17 4
5 0 78 3
2 1 95 0
4 4 72 3
4 2 68 2
3 3 20 0
2 0 6 1
4 2 98 5
2 0 4 3
1 3 79 5
3 3 -3 1
2 3 24 0
1 2 60 0
2 2 85 2
2 0 9 2
4 0 71 3
3 5 13 2
0 3 0 0
5 3 17 3
2 5 33 2
3 3 -4 4
3 0 80 1
2 1 -6 0
2 5 39 2
3 1 22 0
5 5 65 5
1 5 71 5
3 5 12 0
4 2 32 4
2 3 54 5
4 0 99 3
3 2 94 4
1 0 80 0
1 1 51 1
0 0 -7 0
0 0 21 0
0 4 62 1
3 0 97 2
1 3 24 3
4 1 30 5
0 3 22 2
3 1 69 4
1 0 68 0
4 1 -6 4
1 5 50 5
0 4 20 1
1 5 19 2
0 4 79 4
2 4 72 2
0 4 35 1
1 1 81 5
1 4 40 4
3 0 99 5
3 2 66 1
3 3 5 2
5 1 48 2
4 2 87 3
2 1 53 1
2 4 58 5
1 3 -9 3
1 0 -3 2
2 3 47 4
0 5 -5 4
3 2 45 4
1 2 14 0
4 5 51 2
0 3 53 0
0 0 74 2
2 4 71 1
4 1 76 1
3 3 78 2
5 2 49 4
3 0 -1 2
5 4 69 4
2 3 45 0
5 3 49 5
2 1 95 4
0 4 60 5
5 0 81 4
0 2 30 2
0 2 46 1
5 1 33 3
4 5 -5 4
4 0 22 3
2 1 68 5
1 0 76 3
3 5 71 2
5 4 34 4
1 4 97 2
3 4 30 4
3 3 98 2
4 1 46 2
4 1 40 4
1 4 91 3
0 0 49 3
1 0 55 0
2 5 12 4
5 2 93 2
0 2 42 0
5 3 79 5
4 2 4 4
3 5 75 2
0 4 82 1
3 4 33 3
4 0 83 5
4 0 68 5
2 1 82 3
3 0 64 0
5 0 9 4
0 2 92 4
3 0 81 0
1 2 35 1
0 0 40 4
3 2 90 2
3 2 82 2
1 0 78 5
3 2 43 2
1 4 57 1
2 1 77 2
1 3 74 4
3 4 11 5
1 3 35 4
3 2 69 5
0 5 40 5
1 1 40 2
0 3 18 1
1 1 -7 0
4 1 68 5
5 0 89 4
3 0 43 0
2 0 78 3
5 4 76 4
4 2 1 1
1 3 51 3
2 0 67 5
1 2 37 2
1 4 25 2
1 0 49 3
4 1 2 5
1 5 -4 1
0 2 34 5
1 2 92 1
2 0 14 1
2 0 80 2
0 1 95 1
3 5 63 5
0 0 30 3
3 3 44 5
3 3 11 4
2 4 44 0
3 4 66 3
2 0 9 3
4 4 39 2
3 5 41 1
1 3 79 1
1 4 53 1
2 3 49 1
2 3 43 4
3 3 91 1
4 1 58 0
5 4 64 5
2 2 2 2
1 3 52 1
4 1 3 3
1 5 15 2
1 3 -6 4
3 2 -3 0
5 5 56 0
0 4 53 4
5 2 50 0
2 5 60 0
1 4 86 2
0 2 17 5
3 2 43 4
0 5 7 5
5 0 59 3
5 0 28 2
4 2 49 1
1 0 51 0
1 4 43 5
4 2 77 5
3 1 85 4
4 0 55 0
1 4 53 1
4 1 61 4
0 3 1 2
2 3 97 4
3 2 -6 2
5 5 26 1
4 5 86 5
3 2 44 1
3 1 87 5
2 4 75 1
0 0 20 3
1 0 37 0
0 3 29 3
2 0 56 5
3 3 -6 0
1 4 13 0
5 3 64 0
1 3 41 3
0 1 63 2
5 1 76 1
0 5 75 0
5 5 35 1
3 0 21 5
0 0 94 5
5 1 97 1
2 1 30 2
1 2 94 3
2 1 19 3
4 5 86 1
3 5 -9 2
1 5 34 5
5 5 31 3
1 0 31 0
0 4 84 4
2 2 71 1
1 0 99 1
5 4 63 0
5 0 27 4
2 2 23 5
2 1 71 4
4 5 -1 5
5 4 87 1
3 0 12 3
2 0 11 2
5 5 53 3
5 3 13 4
2 3 55 1
1 5 52 1
0 1 -2 4
5 2 19 0
2 2 2 4
4 2 -8 5
1 3 58 5
5 1 56 1
5 0 0 5
0 1 60 3
5 5 17 3
1 1 25 2
3 5 56 1
0 2 87 3
1 1 38 2
2 0 -9 4
2 5 90 0
0 5 96 4
2 1 85 3
0 5 62 1
3 3 86 0
4 1 28 1
3 1 69 2
2 5 54 2
3 1 18 0
3 4 99 5
2 2 20 3
5 2 41 5
2 2 43 5
3 3 50 5
3 0 40 3
5 5 -1 0
1 0 99 3
5 2 90 5
4 2 12 2
1 1 70 4
2 5 -8 5
0 1 96 5
3 2 63 0
0 2 54 0
4 5 54 4
4 0 96 2
4 5 1 4
1 4 2 5
0 1 99 3
0 2 57 1
2 4 33 2
5 1 23 1
4 2 78 5
5 2 75 1
0 0 11 3
0 2 41 2
4 2 65 5
2 2 61 4
5 0 3 2
5 5 93 4
3 5 -7 2
3 1 27 3
4 3 69 4
0 0 57 3
3 5 68 5
1 4 46 1
2 5 65 3
4 4 43 3
0 2 66 1
1 2 65 1
0 3 98 5
5 4 9 3
5 4 77 3
1 5 -4 2
5 4 5 3
5 4 -9 3
0 3 97 4
0 3 81 0
0 0 62 4
3 5 -4 0
1 4 15 1
2 3 47 1
5 4 61 2
0 1 40 1
3 4 -8 3
0 3 15 3
3 5 70 3
0 4 41 3
2 4 -5 0
2 5 25 2
4 4 87 4
1 2 97 4
5 3 17 1
3 2 69 5
2 1 84 4
3 5 28 4
3 2 95 0
5 5 15 5
1 5 -8 3
1 2 15 5
0 5 87 0
2 2 17 3
1 5 37 1
2 4 25 3
5 0 60 0
0 2 97 4
3 2 31 1
3 2 70 2
4 4 5 5
2 3 54 0
4 2 36 5
2 5 37 4
0 0 -4 1
2 3 47 0
2 5 75 1
0 5 42 5
2 4 61 0
5 1 83 0
4 1 59 1
4 2 71 1
0 3 75 5
0 4 93 5
5 5 13 3
0 2 -1 3
3 5 53 4
3 3 65 0
1 3 48 5
5 5 86 4
1 4 67 2
2 3 91 2
5 5 97 5
3 0 43 3
0 5 58 4
5 2 99 2
4 0 1 2
1 5 76 3
4 3 -3 3
3 3 95 0
0 1 -1 3
4 3 18 2
1 1 23 0
2 4 67 3
1 5 95 1
4 2 31 3
1 5 6 4
5 4 19 2
5 5 55 2
2 1 17 0
2 4 83 3
1 3 54 0
1 2 78 2
2 3 -8 5
3 3 54 2
2 2 85 0
5 3 95 1
3 3 28 2
0 5 89 5
1 4 24 2
1 0 39 2
1 1 94 0
0 5 42 0
2 0 83 3
5 2 37 5
1 5 7 1
4 0 100 4
5 2 34 5
1 0 73 0
5 3 54 0
1 3 95 1
0 2 49 2
0 5 2 3
5 1 94 4
4 5 96 2
5 5 59 3
1 0 64 0
0 5 99 4
1 4 32 0
5 4 1 1
2 3 92 2
5 2 50 5
