1 0 93 3
0 1 83 5
0 5 58 3
3 3 79 4
2 1 70 2
5 1 97 4
0 0 31 0
2 2 0 1
5 0 52 0
2 2 0 4
5 5 57 2
4 1 63 0
0 3 21 4
1 2 47 3
5 2 55 1
0 5 96 3
4 3 46 5
5 5 18 1
4 1 43 1
1 5 42 4
4 3 16 5
4 2 48 0
2 0 25 5
2 4 34 0
0 4 40 0
1 4 36 3
3 1 22 2
4 2 29 5
0 2 -3 3
5 5 0 3
1 1 15 4
0 0 80 2
3 5 92 0
1 0 95 0
1 4 -6 5
2 3 27 0
5 4 68 5
1 0 17 0
2 1 18 1
1 1 85 0
5 1 58 4
4 4 96 0
5 1 8 3
5 5 70 4
1 2 66 3
5 0 41 1
1 0 12 3
1 5 11 3
4 4 42 1
5 1 47 4
4 5 15 0
5 2 84 5
3 2 13 2
4 0 77 1
3 5 8 4
0 4 92 1
3 5 42 1
0 2 19 5
2 1 -2 2
3 0 91 0
5 5 11 5
2 1 88 3
5 4 6 0
2 1 75 5
0 3 52 5
0 4 84 4
4 4 51 0
3 3 42 3
5 5 69 2
4 0 74 3
4 4 36 1
2 5 42 4
2 5 -1 0
0 1 96 5
5 4 59 0
1 3 24 4
4 5 4 0
2 1 31 5
3 3 62 0
3 4 29 1
2 2 91 3
3 3 56 5
0 0 53 5
4 3 19 3
0 0 8 2
1 1 23 1
2 5 38 2
1 4 18 4
1 3 24 1
3 5 56 4
4 4 52 4
4 0 12 0
5 5 -1 2
2 2 86 5
1 4 3 5
1 5 -4 4
5 4 11 2
0 0 15 2
5 2 15 3
3 2 -2 4
4 3 51 1
3 5 26 5
1 4 64 0
1 1 89 2
3 3 33 0
5 4 2 3
4 4 95 1
5 2 2 2
1 2 42 1
3 3 18 1
4 0 57 0
0 1 33 4
1 1 91 2
4 4 -2 2
0 2 17 1
4 0 51 4
0 4 45 0
3 2 100 4
5 1 35 0
3 3 75 0
3 4 94 1
2 2 54 2
4 5 36 4
3 1 45 3
4 3 41 1
3 3 71 0
0 0 100 5
4 1 31 1
0 1 12 4
5 1 27 1
1 3 1 1
1 2 41 5
1 5 18 0
5 5 45 3
2 3 33 3
4 5 67 5
4 0 83 3
5 1 87 5
2 2 45 1
3 1 15 0
3 3 59 1
5 3 -10 2
0 3 39 2
5 4 90 2
4 0 13 4
5 3 85 5
1 0 51 4
0 2 49 4
2 1 76 3
2 4 49 5
5 0 44 1
5 0 63 0
5 2 36 1
4 5 81 2
0 4 25 2
5 3 17 2
0 1 71 0
4 3 23 5
4 3 72 1
5 2 25 5
5 3 55 4
5 5 34 4
4 3 75 2
0 0 7 2
5 4 88 4
0 4 84 0
2 4 51 1
1 2 24 4
0 4 30 4
3 4 88 1
0 2 -2 5
1 5 82 0
2 2 69 1
0 0 57 5
4 1 -7 5
3 4 34 4
2 3 93 4
5 3 14 1
2 0 75 3
1 2 88 1
0 4 74 1
5 4 12 5
5 5 56 2
5 2 -10 0
4 1 72 5
4 2 55 5
5 2 24 5
1 3 92 4
3 2 52 1
5 3 3 0
3 5 54 1
5 2 76 5
1 1 30 4
3 3 16 1
2 4 97 4
2 2 -4 4
1 0 22 2
2 4 10 0
3 1 10 2
2 5 0 5
4 4 -7 0
5 5 3 3
3 0 49 5
0 0 56 3
5 0 9 3
0 3 18 0
4 1 82 5
1 5 77 0
1 3 95 1
0 2 69 0
1 5 54 5
1 2 51 4
5 1 60 5
0 0 64 1
5 0 60 0
2 1 8 2
2 5 91 2
3 0 35 0
0 5 32 2
4 2 49 0
3 0 57 5
4 3 36 2
3 4 90 5
0 4 57 0
1 0 59 2
5 0 12 1
0 2 60 0
1 2 79 3
0 5 37 0
5 4 51 4
0 5 72 3
1 1 92 5
3 3 87 1
0 5 74 2
2 1 15 2
5 5 28 5
2 4 74 0
2 2 35 4
5 5 99 1
1 1 92 0
5 5 81 1
3 2 -6 0
4 0 28 3
3 5 9 1
5 5 75 1
1 3 71 5
0 5 42 1
2 0 59 3
5 1 24 3
2 2 37 4
0 4 66 5
3 2 85 1
3 2 86 0
4 2 29 2
3 5 11 4
3 2 32 0
5 0 0 5
2 1 57 0
0 5 66 1
5 2 20 4
3 0 51 2
1 3 46 0
5 3 43 2
5 4 30 2
5 1 92 1
5 5 11 5
1 5 99 5
3 1 14 2
2 0 43 3
5 2 77 0
5 3 43 5
2 0 27 1
5 0 10 5
5 0 14 1
5 4 28 5
5 0 16 5
2 5 5 1
4 4 76 1
5 1 78 1
0 2 -9 1
4 4 53 5
4 3 78 3
5 0 34 3
5 4 20 0
1 5 76 1
1 4 42 3
5 4 76 5
2 4 11 2
3 5 46 1
0 1 96 3
2 1 55 3
5 3 -5 1
3 2 14 1
3 3 57 5
3 2 74 1
5 4 -7 0
5 1 28 2
5 5 -2 0
4 2 27 1
1 3 20 0
0 3 73 4
4 3 21 3
0 0 60 4
1 2 26 5
4 0 69 0
4 1 100 2
3 1 49 2
1 0 50 0
4 5 32 2
2 3 16 4
3 2 56 2
0 5 -3 2
3 4 88 5
4 1 96 0
3 3 45 0
0 4 3 4
1 1 37 1
4 4 77 1
1 3 13 5
1 4 50 3
1 4 84 0
1 1 85 5
1 3 16 5
0 1 17 1
4 2 51 4
0 0 68 5
4 5 22 4
5 5 3 1
0 2 80 4
3 3 24 1
2 4 82 5
4 2 52 3
1 3 68 3
4 1 23 0
0 0 92 3
4 1 4 4
0 1 51 3
4 4 57 0
1 2 73 5
1 4 86 5
0 1 23 0
4 0 81 3
2 5 24 3
3 0 77 4
0 3 65 5
5 4 2 4
1 2 84 5
2 0 7 0
1 4 51 3
3 0 0 2
3 4 4 2
2 0 6 4
2 1 62 4
0 4 1 0
4 4 94 3
3 2 51 1
1 1 45 2
2 4 40 4
3 4 21 4
3 5 71 2
2 3 6 0
5 2 63 4
1 5 60 0
3 2 35 3
0 0 83 0
0 1 78 0
5 1 92 0
4 3 100 5
5 4 71 2
4 4 64 2
2 3 70 5
4 1 73 3
5 4 52 3
5 4 -3 3
4 0 70 1
3 5 46 3
0 0 42 2
4 4 25 3
0 5 69 4
1 1 6 2
0 3 10 0
0 4 18 3
0 0 2 5
5 1 98 2
3 3 88 4
2 5 63 1
4 0 27 4
2 4 71 1
1 2 99 5
1 5 18 1
0 3 -9 1
4 1 73 1
3 1 26 4
5 1 52 0
0 0 33 3
3 2 6 5
0 3 70 4
0 2 28 3
2 5 46 4
1 4 72 1
5 0 87 5
5 4 22 4
2 4 11 3
0 4 51 5
1 1 80 5
1 5 34 2
4 3 22 3
0 1 82 5
0 2 41 3
5 2 80 1
3 1 29 5
2 3 82 2
1 4 49 3
2 4 -2 0
5 3 -9 4
4 5 84 1
0 5 -3 2
5 1 83 2
2 5 32 1
1 4 43 0
3 4 48 0
2 0 69 4
0 0 15 1
5 2 69 2
3 3 85 5
0 3 -9 5
4 5 22 4
2 2 100 3
5 1 -10 3
1 1 -3 1
0 2 36 2
3 2 46 0
4 2 29 1
4 1 31 5
3 5 61 1
2 2 11 4
1 1 58 2
4 2 86 4
3 2 12 5
0 0 35 3
1 3 14 2
2 0 57 4
5 5 39 4
4 1 26 5
1 1 47 2
0 5 53 2
5 5 2 3
0 5 39 5
3 1 76 2
1 0 66 0
5 4 73 2
4 4 60 5
2 4 26 4
4 3 -1 4
2 2 95 4
5 5 56 0
0 3 -4 5
4 4 7 2
1 0 83 5
1 1 93 3
2 4 86 4
0 3 -6 3
5 4 63 2
4 5 48 5
1 0 23 5
0 4 44 1
4 1 57 5
1 5 55 4
4 3 68 4
0 4 -2 4
2 5 -5 0
4 5 34 0
2 4 12 5
5 2 99 5
3 0 82 2
4 2 13 2
4 5 71 2
1 2 57 3
5 5 80 1
2 1 3 5
5 3 -7 3
1 3 1 2
5 4 84 0
4 3 61 1
2 4 63 1
0 1 35 4
2 2 89 2
2 2 9 0
1 5 32 5
4 4 80 5
1 2 30 5
3 0 51 4
4 5 17 4
4 2 40 5
1 5 26 3
3 4 76 5
2 3 46 0
0 0 25 2
1 0 25 3
3 3 52 0
1 3 50 1
0 4 11 0
5 2 9 2
1 2 19 0
4 5 58 1
3 2 84 5
4 5 12 4
4 4 53 3
5 5 65 2
5 3 98 1
1 4 70 3
5 0 26 3
3 5 49 3
5 4 10 4
3 5 52 2
5 0 43 1
0 1 61 1
5 0 91 0
3 1 18 1
5 2 45 0
4 3 58 4
1 5 32 5
3 1 90 0
4 0 98 5
4 2 27 3
5 2 59 1
3 1 82 4
5 2 4 4
5 4 36 1
4 3 88 5
4 3 11 4
1 5 37 4
1 3 2 1
3 1 72 3
3 5 37 0
5 1 75 3
3 1 38 1
0 0 70 3
1 3 59 4
3 2 22 4
5 2 7 4
0 1 57 4
4 3 65 3
1 0 23 4
4 0 28 3
3 2 30 1
1 5 14 5
3 4 16 2
3 1 42 2
2 0 87 1
1 1 98 5
2 2 -10 1
5 3 61 1
1 5 27 4
4 0 65 0
1 0 21 2
5 0 72 0
4 1 94 5
3 0 18 0
1 2 94 4
5 5 20 5
4 2 89 0
5 5 52 2
2 5 46 0
0 2 67 5
4 3 91 2
3 2 82 3
4 4 89 2
2 5 3 4
1 2 42 3
1 4 85 2
0 4 91 4
0 5 48 3
0 5 16 2
0 2 43 3
3 1 80 2
5 4 55 5
4 3 96 0
5 3 89 1
3 1 45 4
1 1 16 3
0 3 47 1
2 4 -8 0
5 4 89 2
3 4 1 5
4 1 48 0
2 1 19 0
2 4 14 5
4 5 24 1
5 5 79 2
2 0 86 3
0 5 49 5
1 4 42 1
5 5 37 4
3 2 49 0
3 5 -4 0
4 3 14 2
1 3 25 5
5 3 99 5
0 2 96 2
3 5 -2 5
0 3 19 3
0 2 45 5
4 1 8 5
3 2 51 4
1 5 81 0
5 3 38 2
4 4 22 3
2 3 3 3
5 0 63 0
1 1 84 5
5 1 68 2
5 1 93 2
2 5 45 1
5 4 -5 4
1 4 21 4
4 5 -8 3
1 5 11 4
1 5 58 5
5 5 93 5
1 4 14 1
0 5 26 4
3 4 28 2
4 2 92 5
5 1 85 2
2 2 98 5
4 5 -9 4
1 0 5 2
1 5 22 5
2 1 37 0
3 5 66 2
2 5 -9 2
5 1 17 5
3 1 8 4
0 4 38 3
4 3 9 5
2 2 15 4
4 0 59 4
1 4 28 0
2 2 92 0
1 2 90 0
4 5 51 3
3 3 40 4
0 5 82 4
1 5 11 5
1 2 32 4
3 1 97 1
1 0 42 3
4 0 77 3
0 3 82 4
3 2 19 2
0 1 57 5
0 2 50 2
1 2 94 1
1 0 59 4
0 5 13 5
2 4 6 5
5 2 40 4
1 0 39 3
5 0 6 2
4 4 25 0
1 0 33 5
1 5 0 4
3 1 18 0
5 3 57 3
2 0 28 5
5 3 95 1
5 3 89 1
2 5 20 1
3 2 61 2
3 3 39 5
5 0 47 3
0 5 24 1
1 1 58 0
2 5 26 0
1 4 39 2
0 5 78 4
3 1 21 3
2 0 16 3
3 0 28 5
3 3 33 4
0 5 73 3
4 0 37 4
2 4 65 5
0 3 62 0
0 3 91 4
1 0 74 4
3 2 31 5
2 1 9 1
0 1 29 2
1 2 50 0
1 0 79 4
5 5 45 1
4 3 11 1
2 3 23 2
0 0 11 0
3 4 95 1
1 0 11 5
3 0 86 1
1 2 27 0
3 1 41 2
4 0 100 4
5 2 74 1
2 2 46 1
2 0 -4 4
5 2 40 5
0 4 31 1
4 5 38 1
3 2 8 2
3 5 78 2
3 3 59 1
5 1 52 3
5 1 87 0
4 2 84 5
3 4 36 0
0 1 48 3
0 5 29 0
5 1 47 1
4 2 46 3
2 2 67 3
1 4 56 5
4 4 95 5
4 5 38 3
1 0 20 1
2 3 68 2
1 5 99 5
1 0 26 4
4 3 17 4
1 3 77 2
2 4 79 5
5 3 48 2
1 5 59 2
4 5 91 4
4 5 -5 0
1 3 13 1
3 2 25 2
1 3 30 3
0 1 39 4
3 4 49 5
0 0 20 5
0 2 60 4
4 5 76 3
5 5 48 5
1 3 78 1
3 0 -4 1
4 2 1 5
5 2 57 4
4 2 -5 0
5 4 41 1
5 1 11 2
1 5 94 2
2 3 50 5
0 3 35 2
0 3 25 4
5 5 52 4
4 0 9 2
3 4 53 0
5 2 0 2
2 0 67 0
0 2 49 3
4 3 23 3
2 2 97 0
0 2 83 1
2 0 6 1
0 0 29 2
0 5 87 2
1 0 90 0
2 1 97 5
0 4 92 1
2 5 77 5
2 4 3 0
5 1 97 3
1 2 -3 4
3 3 84 1
5 1 22 2
4 1 35 5
3 5 28 5
2 1 59 3
1 5 45 0
1 1 2 1
4 3 91 4
0 0 94 4
0 0 88 5
0 4 32 1
5 5 47 0
1 0 81 1
5 0 41 2
2 1 26 2
0 2 19 1
1 3 60 4
3 5 53 0
5 3 97 4
4 5 79 1
2 5 -4 3
4 3 49 1
5 4 44 5
1 2 42 4
0 0 6 3
5 5 96 2
1 2 70 0
5 2 27 1
2 0 64 5
1 2 94 2
4 2 24 0
0 4 85 0
3 4 -6 1
0 0 11 5
4 4 83 3
4 3 14 1
3 3 9 4
3 2 78 5
5 4 77 2
2 2 52 1
2 5 94 5
5 1 18 5
2 1 80 5
2 1 65 2
1 2 20 3
0 1 -4 1
5 0 28 1
0 0 15 2
5 1 33 0
4 1 74 4
3 3 48 1
3 4 79 2
4 4 79 1
1 1 63 5
1 0 -10 1
3 5 87 4
1 0 84 3
5 2 77 5
2 4 -5 1
3 1 45 5
3 2 38 3
5 5 92 3
5 0 47 1
3 3 72 1
5 5 20 2
2 5 13 2
4 3 48 2
1 3 43 2
5 3 51 1
1 5 83 5
0 4 31 2
5 2 87 0
0 3 -7 1
5 2 58 5
1 0 71 0
1 5 -3 0
3 5 79 5
5 3 69 3
4 0 48 0
4 3 89 4
4 1 1 0
4 5 3 4
3 0 29 1
1 5 12 2
5 3 60 4
2 4 54 1
0 3 19 4
3 4 89 3
2 1 42 0
5 0 33 1
0 2 5 1
5 3 31 3
1 4 73 5
0 0 91 2
2 2 11 4
3 3 50 2
3 4 72 0
2 4 67 5
5 5 12 5
0 5 90 1
3 2 72 2
3 1 69 3
4 2 68 4
1 0 55 4
2 1 52 4
3 4 7 3
0 2 89 5
2 4 65 3
2 5 -7 4
1 5 76 2
4 4 -6 5
1 5 18 2
1 5 80 4
4 4 0 2
5 3 16 5
1 5 44 4
1 4 48 2
2 3 59 3
0 3 67 4
3 0 71 4
0 5 99 3
1 1 39 3
2 3 88 4
1 3 40 3
1 4 5 0
5 5 78 4
5 3 88 3
3 4 -9 0
1 1 4 0
0 4 12 1
4 5 79 1
0 2 96 1
2 4 91 2
1 0 84 0
5 1 93 4
5 3 73 0
3 1 -9 1
2 2 86 5
3 2 9 4
5 5 73 1
2 5 76 0
2 3 21 2
1 5 42 2
5 5 -7 3
3 3 91 1
1 1 74 1
0 5 30 1
2 1 92 3
0 1 99 5
1 1 71 3
0 3 73 2
5 2 46 4
1 5 -5 1
2 1 55 4
5 4 5 3
0 2 81 1
5 5 49 3
1 0 85 0
3 3 9 0
0 5 96 2
3 1 20 0
0 1 89 3
4 3 78 5
4 3 10 1
0 3 -5 5
2 2 30 1
5 4 46 0
3 0 -4 1
1 3 70 1
0 2 -6 4
5 0 97 5
5 2 19 0
1 0 11 5
4 2 79 2
2 4 79 0
0 0 99 5
3 4 31 4
2 0 30 5
5 2 95 0
1 0 37 4
5 1 80 5
5 3 -3 2
2 3 -8 5
1 2 79 4
0 3 11 0
4 0 43 4
2 2 87 4
3 2 35 5
3 4 19 0
4 4 56 2
4 2 55 3
2 5 99 3
4 4 65 0
0 2 60 5
5 1 14 0
1 1 6 4
2 1 42 5
0 1 -2 0
0 3 0 2
0 0 47 2
5 5 2 4
5 1 88 0
1 3 85 0
1 0 14 3
3 5 57 4
5 2 16 2
5 1 21 3
2 4 5 0
4 0 75 0
4 1 85 4
4 3 29 0
2 2 91 4
1 5 -6 0
5 5 97 3
2 5 14 4
2 4 6 3
1 5 57 0
1 0 23 4
3 3 86 2
3 5 10 2
2 3 9 3
1 0 92 0
3 0 -8 2
3 0 47 0
0 3 14 4
1 1 89 3
5 2 1 4
