2 1 40.5207 4
0 0 15.0425 3
2 4 90.821 0
1 3 45.6584 3
5 1 90.3603 2
5 4 86.7049 2
0 4 9.0613 0
5 2 58.4586 1
4 5 9.791 3
5 5 84.8597 1
3 2 6.867 0
5 0 33.6428 3
5 3 3.3431 2
5 1 76.2407 4
4 5 80.0151 0
5 0 19.339 2
4 5 42.8961 0
0 3 -1.669 2
1 2 79.6164 1
4 2 44.3997 5
3 4 35.9414 4
1 4 79.4601 5
5 4 2.4543 0
0 4 17.4676 2
2 4 5.7882 2
1 2 57.1365 2
5 3 41.4927 4
3 3 15.1327 0
5 2 77.7628 5
5 3 86.4407 0
0 0 80.556 1
5 1 44.8611 5
0 0 82.6832 5
0 4 33.6804 0
1 1 2.546 1
0 3 32.9421 4
1 2 86.4747 0
5 2 15.226 0
0 2 63.7499 1
3 1 64.8121 4
0 5 69.1794 1
2 1 19.4499 2
2 5 -3.9899 2
5 5 14.1498 3
5 0 86.7017 5
0 1 54.8311 5
1 3 61.9536 0
1 0 46.0418 5
5 2 60.9961 4
4 5 52.7139 4
4 4 46.5108 4
0 2 83.7296 3
0 0 25.3285 5
0 0 60.2771 2
5 4 49.564 4
4 2 98.9654 0
2 4 -9.6297 0
1 5 16.3043 2
4 5 46.7572 2
0 5 52.8106 0
5 5 40.3023 5
0 0 36.1589 1
4 2 84.5025 5
2 0 28.056 5
3 5 92.3581 0
2 3 71.3822 3
1 0 94.3538 5
1 4 -1.1928 2
4 3 -7.2615 4
4 5 61.2511 2
2 4 56.4421 4
3 5 95.3482 2
3 4 22.858 3
5 5 70.7724 5
0 4 13.3874 2
5 0 80.3292 2
0 4 -2.2441 0
0 5 95.571 2
2 5 54.2231 4
3 3 97.6144 5
2 4 48.2261 2
0 5 92.6764 2
1 2 65.7331 0
0 4 33.3477 0
2 5 87.8128 5
2 1 84.4284 1
5 0 -8.7048 0
2 3 -5.8306 1
0 0 13.6464 4
1 2 61.9331 3
1 5 31.6479 4
4 0 2.1392 3
3 1 71.7815 5
3 2 78.995 1
0 1 73.9441 4
0 4 8.2195 4
3 2 9.1917 1
5 3 33.3869 3
1 4 73.5465 2
5 0 34.7433 3
5 4 42.7651 1
1 4 36.0733 1
0 1 21.2461 1
2 1 -6.4839 3
0 2 -5.1739 2
2 2 31.695 0
0 3 19.3468 4
1 1 99.2289 1
1 2 93.2365 5
4 2 27.0296 1
1 3 31.2707 3
2 1 91.6979 0
2 5 8.7734 2
1 2 25.9798 2
4 1 79.4377 2
0 4 37.9164 1
2 0 32.1468 4
3 2 56.585 2
1 1 36.8081 2
0 3 29.9173 5
0 2 51.0246 0
2 3 71.1931 4
0 2 55.0914 3
2 1 70.8138 0
4 5 73.9133 3
1 5 69.8304 1
5 5 -8.5608 5
2 4 12.1827 2
4 2 -5.8968 3
4 2 33.3074 0
1 1 53.2515 3
1 1 59.6167 4
2 5 6.0997 4
4 3 94.9913 2
5 4 33.8975 2
4 2 24.7472 1
0 3 98.8883 4
0 0 89.9379 1
3 0 59.952 0
1 5 69.484 5
5 2 40.4991 2
1 5 84.4959 0
1 3 17.6608 2
4 1 83.7221 2
3 2 2.2147 1
5 1 45.9676 1
1 2 84.3884 2
0 1 95.6916 2
3 2 6.9635 5
2 1 52.236 5
3 2 83.6144 5
5 4 -1.1024 0
3 2 68.2889 5
3 0 49.0263 4
0 3 90.9538 3
4 0 99.162 3
5 1 45.9392 5
2 1 61.1466 0
1 2 33.198 1
1 5 50.4375 4
0 1 88.116 2
2 4 26.9808 1
2 1 65.0983 2
5 3 4.5622 1
1 5 19.4137 5
4 2 61.8713 0
0 0 30.975 1
3 0 81.8658 5
5 4 20.5409 4
5 4 44.8858 5
2 5 47.3042 0
5 5 60.9839 2
0 1 81.6847 0
3 4 13.0259 1
3 4 56.4796 5
5 5 87.3465 1
2 5 49.3618 5
0 0 92.2367 3
4 4 35.6653 3
2 4 87.9961 0
5 2 14.2581 2
0 2 6.6911 4
3 0 0.0383 5
4 1 65.2017 1
5 3 63.0139 1
2 0 76.449 1
3 1 5.8996 3
2 2 -2.2408 1
2 1 -5.6077 1
3 0 9.4343 3
2 2 23.8237 3
0 5 -2.1031 1
5 0 29.1686 3
0 2 68.6533 3
2 5 44.6133 5
2 4 7.8124 3
3 3 2.5936 1
1 5 40.4193 1
1 4 77.6443 4
2 1 23.6495 0
0 3 58.6723 0
3 0 8.1124 5
2 5 57.3897 4
0 5 88.4221 4
3 2 35.7719 3
1 4 32.0284 0
3 4 11.5711 2
1 2 41.4494 4
1 1 69.4971 0
3 1 54.5142 5
3 1 75.3621 5
1 3 81.678 2
4 3 60.6523 2
2 1 81.8641 4
4 1 95.4325 4
4 1 37.553 2
5 3 12.4966 2
2 1 5.7625 1
0 2 42.3979 1
0 0 5.1122 5
3 3 41.6743 1
0 1 92.7423 1
5 3 52.9947 0
5 1 11.6731 0
2 4 -0.3477 4
3 0 33.4541 5
2 5 88.4685 0
5 4 94.8855 0
0 1 6.6212 4
1 3 -9.0654 5
2 1 0.2642 2
4 0 18.5068 5
4 4 9.6808 4
5 3 7.7768 1
2 3 78.5738 0
4 4 78.4168 3
4 4 18.5178 3
0 4 79.6443 2
4 4 -6.2848 3
5 3 23.9939 2
3 5 45.5424 2
4 0 76.493 5
1 4 63.8385 5
4 4 60.5055 0
1 5 64.8095 2
1 1 88.5782 1
5 1 48.0449 3
2 4 31.3499 2
1 4 31.4877 4
1 2 28.96 4
5 3 21.4972 2
1 3 69.0047 0
1 5 6.1673 5
4 2 60.8466 3
3 4 63.2295 3
0 1 43.5275 1
3 5 5.6633 5
1 1 5.2553 3
4 3 5.91 4
4 5 31.0294 4
1 4 -0.7988 1
0 2 79.4743 2
1 5 -1.7038 0
2 3 75.148 3
0 4 62.4067 0
0 4 23.4896 3
1 1 9.385 2
4 1 97.8197 1
4 5 28.4501 4
2 4 51.7648 2
4 4 -4.7916 1
0 2 1.9192 3
2 4 66.5852 4
3 3 33.0159 0
0 3 30.9099 3
0 5 -8.363 2
3 1 1.4792 3
1 3 35.601 5
0 3 43.4981 3
5 2 13.0829 1
2 4 40.784 4
3 1 14.5778 2
4 4 60.5828 5
2 1 22.4174 4
1 5 29.5848 1
3 4 54.0866 1
2 3 -1.6859 1
2 1 92.0647 1
4 3 72.2889 5
0 5 25.456 4
0 0 75.9103 3
1 1 89.8226 0
0 1 52.8171 0
3 3 -2.8193 1
2 3 13.1499 5
3 5 25.3455 0
0 3 73.0935 0
2 1 13.0987 0
1 3 48.9649 5
2 0 89.5718 2
4 2 5.5566 0
0 2 26.9374 3
4 1 24.973 3
5 3 -4.9141 4
3 0 13.836 2
2 5 48.5404 5
5 4 55.9644 1
0 2 88.6802 3
5 5 66.3158 2
2 2 -3.5038 0
3 0 74.7088 1
2 3 70.9344 5
1 3 63.5556 4
0 4 -9.9146 2
3 1 89.9965 1
0 1 22.2675 5
3 5 48.1805 1
1 2 77.7534 2
4 5 18.1671 4
2 3 55.8102 4
5 0 21.5486 4
5 5 14.0883 1
5 1 -2.8564 2
3 1 12.4309 2
5 2 41.5801 2
3 3 55.1938 1
4 0 0.0443 1
3 2 6.61 1
3 0 51.7152 5
2 5 76.5386 5
1 4 71.0964 4
0 1 83.614 3
4 2 49.8727 0
5 0 73.7101 1
4 0 52.1935 1
1 2 49.5613 0
4 5 -1.1221 0
2 3 34.2199 4
2 2 63.015 0
2 2 94.4375 2
0 2 11.9392 1
3 3 36.7634 0
0 2 1.6966 0
0 5 -6.4353 0
4 0 19.6164 4
5 3 67.961 1
0 3 50.2354 1
0 5 22.7784 2
5 5 35.1361 3
0 3 84.0713 5
2 2 70.5322 2
4 4 55.2762 3
0 5 17.8753 3
1 1 9.8013 2
2 2 31.113 0
0 0 68.846 3
2 1 68.0951 5
3 4 93.8373 3
5 3 36.5406 0
4 5 2.6768 4
3 1 24.8428 4
2 0 25.5011 2
2 1 20.4886 4
0 1 51.3016 3
2 3 37.5193 1
5 1 81.094 1
0 4 -8.9191 1
0 3 53.3062 4
0 2 56.7136 5
1 1 55.7422 1
3 5 4.6658 0
3 2 45.7481 3
0 4 -9.0593 3
2 3 82.1442 5
2 2 49.9525 0
0 5 91.6375 5
0 1 61.6469 5
1 1 49.4928 1
5 3 18.9525 4
2 4 67.8157 1
4 1 35.9435 2
5 4 6.4676 1
3 0 13.6904 5
1 2 19.3559 3
4 0 11.8087 0
1 2 73.316 3
4 3 66.1892 2
2 5 37.2539 2
5 1 14.7232 3
2 4 45.3211 5
2 0 41.2331 3
1 1 76.9158 2
5 2 4.0581 0
2 2 83.9278 1
2 3 66.7618 0
2 5 54.3553 3
5 4 -6.442 5
2 3 22.2633 3
1 5 61.3817 5
5 5 -1.0646 1
1 2 42.8 3
0 1 -4.8961 1
0 5 93.1678 1
5 5 88.8967 2
0 5 40.8725 4
4 4 78.8996 3
4 4 10.3793 1
2 5 -4.5851 0
3 3 98.9526 0
3 1 13.5317 0
5 5 89.6876 4
4 0 2.6331 3
1 5 16.7206 3
3 4 35.611 1
5 3 78.4979 5
0 1 89.7422 4
2 0 23.9059 4
4 2 97.0948 2
4 4 72.6207 0
5 0 14.3634 5
1 2 93.0915 4
5 2 97.6363 2
0 5 90.6518 1
0 0 30.6175 4
3 4 43.7302 4
2 4 23.2106 0
2 0 18.3174 2
1 5 56.8075 0
3 0 31.3914 3
2 4 22.9087 4
2 4 83.3881 4
0 0 69.4494 5
1 0 -3.3514 5
5 2 43.157 1
2 2 11.5652 3
5 5 76.9125 3
0 1 9.0952 0
1 0 -4.7586 1
5 3 24.3482 4
3 4 75.3494 5
2 2 64.7004 2
0 2 98.0543 3
4 4 -5.7419 1
0 1 36.1751 5
4 4 64.3665 0
2 0 69.8766 0
4 1 24.1924 2
1 2 24.7627 1
1 3 6.9321 0
5 5 95.1189 2
0 3 94.7017 1
5 4 37.7232 0
4 0 81.8577 3
4 1 24.741 1
5 3 95.3927 2
3 0 87.115 4
5 1 98.1929 4
5 1 52.6585 2
0 4 36.0656 0
4 4 63.7676 2
2 2 29.6047 4
5 3 31.1739 4
2 5 49.1331 4
4 5 79.2606 5
2 0 64.52 1
5 3 24.9698 5
4 0 72.004 3
1 4 66.6541 0
0 5 27.8237 5
2 5 -0.776 1
4 3 10.404 3
4 1 23.2134 4
4 5 23.7829 1
3 1 49.5274 1
4 1 42.789 3
3 2 56.2961 4
5 4 25.4157 3
5 1 18.5191 3
3 2 68.2864 1
1 3 96.2979 0
5 0 13.9415 1
0 1 39.3937 5
5 2 64.3204 1
1 5 87.7187 4
3 3 90.7837 4
2 3 34.9476 3
0 1 48.3601 2
0 1 58.0767 0
5 2 5.3366 5
2 0 6.2686 1
2 0 71.9048 2
2 1 24.0377 3
1 2 8.8909 3
1 0 48.4393 4
4 0 59.3163 2
2 4 76.6441 1
4 3 -0.8646 4
3 1 81.0818 5
3 3 1.4729 4
3 3 42.5929 1
3 1 -5.6897 5
4 1 37.062 1
3 1 78.4859 5
1 0 43.1787 5
3 0 45.868 4
2 0 31.4634 0
1 2 84.9529 4
4 2 62.194 1
1 0 55.9053 0
3 1 18.7151 5
3 3 52.7883 5
3 2 65.255 0
3 1 28.4429 4
4 0 52.5396 0
3 5 33.7146 3
0 5 65.4222 0
2 4 92.2448 2
0 0 36.0586 4
1 3 9.2871 0
0 4 19.5602 0
3 3 99.2271 2
0 3 85.9195 4
2 4 19.2998 3
3 5 40.534 2
5 4 99.4267 5
2 2 83.3354 1
4 0 82.2531 2
1 0 97.8407 1
5 0 31.2325 0
0 5 78.4702 4
4 1 34.7453 5
1 2 99.2041 3
0 1 95.8726 1
2 4 42.6239 1
4 1 53.0809 0
2 1 47.8213 0
5 5 28.2344 4
1 1 33.3353 3
0 1 75.9758 3
0 2 61.2705 2
4 3 92.4267 3
4 3 2.8865 0
0 0 69.1803 3
2 0 22.8823 4
5 1 94.2769 3
3 0 0.3582 5
4 1 82.238 3
2 0 57.0919 5
0 3 4.1446 0
2 1 -2.6734 4
1 1 79.4414 4
5 0 47.3455 2
4 5 45.8319 0
5 3 46.5613 2
4 1 58.0645 1
3 4 36.5301 3
1 0 70.7222 2
1 3 85.5701 2
3 4 -6.367 5
2 1 78.6841 5
1 0 88.2915 1
5 5 44.6753 5
4 5 85.7335 2
2 0 65.9037 4
2 5 99.9101 1
2 2 6.6735 1
4 1 16.9166 0
1 3 95.6422 1
5 0 62.259 2
3 4 90.1915 1
1 4 24.4938 1
4 0 97.8502 2
4 4 38.0955 0
0 3 65.8131 0
2 0 -1.5218 1
3 4 2.9326 2
2 5 50.3869 5
1 3 19.6694 3
2 3 72.4953 3
5 5 50.7302 3
1 4 13.2416 0
2 2 75.1044 5
5 0 69.5365 5
3 5 72.939 5
3 4 71.1304 4
5 2 70.9868 4
5 5 76.4547 2
5 5 24.2753 5
4 2 57.4184 5
3 0 -4.5218 3
5 3 67.5766 0
4 3 94.6787 4
3 0 99.1895 1
3 0 66.0343 3
0 4 20.7225 4
4 4 48.1583 0
4 1 -7.2983 5
2 5 94.1238 2
0 5 61.543 2
5 5 45.5518 5
5 4 -2.0675 4
4 0 30.2771 3
5 5 16.7515 4
0 1 19.9135 3
1 0 19.8261 4
5 5 40.568 4
4 0 25.4155 4
4 4 55.874 3
4 0 84.4209 4
5 2 84.8809 0
1 1 59.9484 0
5 0 49.849 5
5 5 89.0262 4
1 3 4.8913 2
0 1 -3.1842 4
4 4 10.9826 3
3 0 63.4749 2
1 0 58.4477 4
3 0 90.1855 1
1 3 84.7629 3
1 1 26.7816 0
0 3 73.1962 0
4 5 15.9452 0
2 0 50.9158 2
2 2 -9.3842 1
2 2 34.9119 1
0 2 52.8151 2
1 5 52.749 4
3 2 98.0528 4
3 2 58.2109 5
2 5 64.9629 3
3 4 31.5379 1
1 3 79.3263 0
0 3 12.5304 5
4 2 96.1617 0
3 5 93.5651 1
0 2 -3.3041 3
1 3 6.4248 3
1 3 15.7498 3
0 1 94.5192 3
2 4 29.706 1
1 4 99.7774 0
4 5 -6.3575 2
4 4 77.6854 4
2 0 62.4494 1
2 2 25.2367 2
0 4 85.6024 2
1 2 33.9135 0
4 1 48.2836 5
4 0 50.8822 0
0 0 77.6763 4
1 1 -0.7983 5
3 1 60.9959 4
3 4 45.5002 5
3 3 87.5224 4
4 0 99.6005 2
0 1 54.3657 4
0 0 63.6951 3
5 0 43.2939 1
2 4 8.0056 0
3 0 35.5953 3
0 0 96.4006 4
3 2 92.4089 2
0 3 -3.9529 5
3 1 57.8492 1
2 0 2.7054 0
1 3 97.2114 1
0 5 44.9808 4
5 1 36.6178 5
3 3 18.9179 0
1 3 18.6827 2
5 0 13.5492 0
0 5 86.582 5
2 4 22.3251 4
4 4 50.1533 4
2 4 2.9687 5
4 2 23.8823 2
5 3 16.1093 0
0 3 90.9739 5
2 5 39.4783 5
5 0 62.7485 1
2 2 88.4296 3
0 2 62.0436 0
1 0 42.6429 2
5 1 96.3673 1
1 3 12.132 5
3 1 28.9486 1
4 2 -8.2412 4
1 2 8.3087 3
5 1 59.8317 4
1 5 -7.4282 0
1 0 46.7257 5
4 3 53.4979 5
5 1 31.0421 1
2 0 3.3392 0
4 1 56.5116 5
2 3 42.8986 2
0 3 -4.5969 0
4 5 94.5553 3
4 0 -7.2091 5
4 0 27.8572 3
5 4 50.6253 0
5 4 3.1822 1
0 1 20.6332 0
1 3 74.5886 1
2 1 79.591 0
4 1 28.1027 3
3 2 48.8624 3
0 2 75.0184 0
1 4 51.2112 1
2 4 63.6045 1
0 0 68.9811 2
4 1 69.4997 4
1 2 95.5421 1
0 3 49.3713 0
3 1 87.6041 2
2 5 48.0623 4
2 0 14.9925 1
1 5 46.3355 1
0 5 24.7564 1
2 3 60.3216 4
4 0 58.1956 1
5 5 -2.7904 4
0 3 6.6547 5
1 4 25.2711 5
3 0 91.1483 1
2 3 95.713 3
3 0 99.6259 1
0 0 11.8714 0
2 3 47.2613 0
3 0 73.0235 4
1 2 97.9086 1
0 3 -5.0022 1
1 4 29.9365 3
3 0 -4.3755 5
5 0 96.533 3
3 5 37.6453 3
1 2 66.3026 3
5 3 88.3871 3
3 5 -4.7879 5
4 0 43.8696 3
2 1 -6.5872 1
5 1 85.7657 2
1 2 39.3655 4
5 1 94.1399 4
1 0 72.8508 0
4 0 15.0891 2
5 4 -6.4087 0
1 0 96.9692 0
0 2 85.8965 4
2 3 10.5863 2
0 1 -8.9169 4
3 2 56.6505 5
4 1 99.82 4
1 4 54.3347 5
2 0 74.9448 3
0 1 25.6574 1
5 1 73.255 2
3 5 -4.6125 0
3 5 18.2997 0
2 2 38.5742 0
3 1 13.8197 1
3 5 92.4858 2
4 4 65.0429 4
5 1 82.8838 3
2 1 7.4983 4
4 3 71.0845 0
0 4 18.6821 3
5 3 83.3762 2
1 1 1.2072 2
5 3 71.0871 5
4 0 77.3694 2
3 5 42.1577 3
5 1 57.0842 2
3 2 59.5787 4
0 3 16.1394 4
2 3 5.5188 5
5 2 78.5147 1
5 5 97.2335 1
4 3 69.9257 0
5 2 2.3181 2
3 5 35.2236 0
5 3 77.2383 0
2 1 88.5062 2
3 2 15.0555 0
3 5 -5.8183 2
4 0 81.2703 4
1 3 12.9634 0
0 5 62.8643 2
5 4 67.1861 4
5 1 19.4151 5
4 4 95.915 1
2 5 83.4278 0
5 3 10.5074 5
0 5 40.5149 2
2 2 77.7588 3
5 4 -4.3764 4
2 5 -5.0385 1
0 0 22.6377 0
5 4 87.2188 4
2 3 93.1618 3
2 2 99.2284 0
4 3 99.5783 4
5 4 76.7191 3
4 1 92.252 0
2 5 10.5985 5
5 5 1.393 4
2 0 1.6947 1
5 1 53.4385 2
5 0 -5.4816 1
2 0 85.623 2
5 2 77.702 4
1 0 19.069 4
2 4 8.352 4
0 5 -3.5008 1
1 5 29.9026 2
0 1 98.4201 3
5 1 50.3691 5
4 2 -6.5019 3
2 1 48.5135 5
0 2 42.1627 5
1 0 47.1049 4
5 3 8.4845 2
5 0 53.343 5
5 2 87.5822 5
3 5 39.783 1
2 4 39.5116 2
0 1 93.3254 2
0 2 64.5099 2
0 3 51.1658 3
5 0 44.3258 1
1 5 75.1511 2
4 3 18.5123 1
2 2 44.8527 1
4 4 38.9997 3
3 1 32.9603 0
0 2 98.9208 1
4 4 47.2839 3
2 4 74.3628 3
3 5 -1.6931 2
0 3 32.7125 0
3 4 69.1412 1
0 4 8.1325 4
3 2 58.242 0
5 2 16.6149 0
2 3 85.4217 2
4 1 2.3617 5
4 1 90.3328 2
3 5 47.8076 2
4 3 25.4995 1
1 1 39.7712 5
5 1 45.6164 4
2 4 58.0233 0
5 1 47.724 1
3 2 85.7555 4
1 4 19.7165 0
1 4 3.8027 1
1 0 65.349 2
5 3 -8.7074 1
0 5 91.5824 4
1 1 -8.2424 3
1 1 65.609 4
4 5 93.4107 4
0 1 75.2794 0
0 2 8.5865 3
0 2 63.0316 0
3 4 24.9132 5
5 2 90.6788 5
4 3 16.7077 3
5 2 19.0895 0
5 0 -0.3506 3
3 2 88.001 2
1 5 58.9879 4
0 5 3.919 4
5 5 6.8807 0
2 4 67.9467 1
3 5 80.8883 3
5 1 -6.843 5
4 4 54.1446 1
2 1 45.3804 4
5 4 29.0435 0
4 1 31.8841 3
2 5 69.0622 3
1 4 23.4785 4
2 3 -0.1567 1
4 3 33.8431 2
1 0 -2.4063 3
4 0 58.2569 4
3 3 20.4207 1
4 2 22.6889 5
2 3 99.3909 3
1 5 85.183 5
2 5 32.061 3
4 2 65.0098 1
1 3 21.188 1
1 5 81.2379 1
1 5 59.7212 0
3 0 -9.6816 1
1 5 32.3359 0
2 0 61.9388 1
1 4 46.0696 0
1 1 25.0899 3
2 0 0.6024 0
4 1 51.8188 0
0 1 24.2278 4
2 3 40.1385 5
1 2 80.9443 2
5 0 95.9923 0
0 4 22.318 3
5 1 65.5772 4
1 1 29.7847 3
3 3 38.1265 3
4 4 31.9807 1
3 2 14.3037 2
5 1 57.8954 3
2 2 25.0612 1
0 2 37.0837 2
3 5 61.8116 1
4 1 98.7593 2
3 1 15.8638 5
5 1 33.0867 3
4 0 50.7894 3
4 2 5.8571 5
5 2 77.9556 2
3 2 69.4772 3
4 5 39.7953 2
5 2 99.5583 1
5 1 -7.0986 1
1 4 -1.7486 0
4 0 27.8423 4
5 0 62.5205 4
5 1 40.5944 1
1 4 56.5093 2
4 3 -1.5792 2
1 1 29.4416 3
3 4 33.1844 4
0 5 37.8836 4
0 1 13.9349 5
1 1 66.2685 3
4 0 89.332 1
3 1 4.1845 1
5 2 82.3116 1
3 3 62.1477 4
5 5 -0.2167 2
2 3 39.4146 4
0 3 56.9667 1
5 2 42.7449 3
2 2 39.0947 0
2 3 20.4498 1
4 0 48.7144 0
4 2 73.3672 0
2 1 8.5139 4
0 3 48.0738 2
4 3 95.7166 0
3 1 62.4146 4
5 4 33.1711 3
1 3 98.236 4
4 2 59.7361 4
0 0 32.6424 0
1 4 32.3906 2
1 5 67.4985 3
1 2 93.0854 0
3 5 31.2335 1
2 5 11.3435 0
3 2 89.9018 5
2 4 11.0565 5
0 3 42.9546 5
3 4 24.8701 4
4 2 53.2987 2
0 4 44.0565 2
0 3 24.0824 0
4 1 94.0671 4
5 4 95.1693 4
1 0 9.1989 0
0 1 16.3491 4
2 2 48.5365 3
0 1 9.9115 2
5 1 10.3595 2
2 0 32.9946 5
3 2 31.6959 2
0 2 -4.4403 2
2 5 46.7779 2
5 5 58.3635 5
1 2 17.8618 3
1 3 84.911 1
1 3 10.905 1
5 5 40.6309 4
1 2 11.5587 4
1 3 94.1342 2
4 4 58.1291 0
5 4 80.695 1
3 3 26.7844 4
2 4 17.4669 1
1 0 -7.8908 4
2 0 6.8579 1
1 3 9.642 0
3 4 26.554 5
1 1 80.1942 3
3 0 97.315 3
2 5 48.5707 1
