5 3 -8 4
3 0 95 2
0 1 79 3
2 3 40 5
2 5 15 3
2 5 43 1
1 2 30 2
0 2 28 1
1 3 -1 0
5 2 1 1
5 2 39 4
2 4 18 3
3 1 7 1
3 1 7 1
2 4 88 1
1 2 20 1
4 5 95 4
3 4 32 5
3 1 59 2
3 5 33 5
5 1 8 0
5 2 49 0
5 0 74 5
5 3 44 5
1 4 90 0
1 0 72 0
2 1 79 1
1 5 -8 4
5 2 64 2
0 2 79 0
3 4 49 0
2 2 82 2
0 3 14 5
1 0 57 0
4 1 63 4
2 5 86 2
0 0 81 4
0 0 11 4
4 2 57 3
0 2 25 1
5 3 16 2
4 2 33 4
0 3 27 0
4 2 6 4
3 3 18 5
0 2 74 5
1 2 70 2
4 0 23 2
1 0 48 3
3 3 52 1
3 0 -7 4
5 0 54 4
4 3 41 0
0 4 29 1
1 0 88 0
5 2 58 3
0 0 27 5
3 0 -4 0
0 3 19 4
2 3 8 4
4 2 75 1
4 1 46 5
4 0 5 1
4 2 42 5
0 0 15 4
5 2 20 3
4 0 -4 0
3 4 -8 2
3 4 1 0
4 5 70 3
3 5 91 3
1 1 37 3
2 4 80 4
3 0 80 0
0 5 62 1
4 3 9 5
1 2 6 0
5 0 46 4
3 2 66 1
0 2 48 1
3 0 62 1
0 3 5 4
1 4 43 2
1 0 58 0
4 5 3 5
5 4 7 3
2 5 -3 1
1 1 26 5
4 2 54 1
0 1 40 0
1 4 51 1
1 5 74 5
5 1 34 1
5 2 22 2
4 1 29 3
4 4 82 5
4 0 39 2
0 1 94 5
2 0 99 1
3 2 41 3
2 5 66 5
1 5 50 3
5 2 90 3
3 2 12 0
1 3 -2 1
3 4 69 1
5 5 62 4
1 0 88 2
0 3 57 4
3 5 71 4
1 3 -3 0
2 2 61 1
0 1 26 4
2 3 45 3
5 4 90 5
0 3 48 2
4 1 2 0
4 2 17 1
0 5 67 2
1 3 54 1
3 0 43 0
3 0 26 2
0 5 66 1
3 1 51 1
1 1 72 0
0 3 72 5
1 4 26 4
1 1 78 3
3 3 82 1
4 5 17 4
4 3 80 2
1 2 21 3
5 2 98 4
0 5 20 2
3 5 63 0
3 0 33 2
0 5 73 0
1 4 -8 0
1 1 36 3
4 3 69 0
4 3 95 5
3 3 13 1
5 3 73 4
4 3 22 4
3 0 0 2
0 4 100 5
4 4 54 1
0 1 65 5
0 1 91 4
4 4 98 4
4 0 66 5
1 2 20 2
2 3 23 3
1 4 76 4
1 5 28 1
1 4 54 5
3 0 96 5
4 1 -5 4
4 5 -2 3
4 1 94 4
3 3 64 0
5 5 61 3
3 2 22 2
1 1 65 0
0 2 85 2
4 4 15 1
4 4 37 4
2 3 17 3
5 1 67 2
2 3 90 3
5 5 77 1
3 4 11 3
5 4 68 0
3 0 3 0
2 4 75 1
3 0 95 4
3 0 15 5
0 4 44 4
2 0 94 1
4 0 56 2
0 1 75 2
4 2 59 0
2 2 39 5
1 5 1 4
1 5 74 4
4 3 -1 4
1 3 23 0
1 2 68 4
1 2 23 5
1 5 16 4
1 2 60 5
1 5 42 2
1 2 91 2
5 5 58 5
0 4 10 4
2 5 6 2
4 5 -4 4
2 4 80 2
1 1 15 2
4 0 6 5
1 4 67 2
4 0 78 0
5 1 6 4
5 3 69 0
2 0 73 5
0 1 77 0
0 2 62 0
4 3 96 4
3 2 45 2
0 0 60 1
2 2 25 2
0 2 94 3
5 1 5 4
2 4 55 3
3 3 25 0
5 4 26 2
2 3 49 1
2 3 15 2
1 4 37 3
4 2 14 3
3 2 63 4
3 4 85 0
5 0 8 0
4 4 63 0
0 4 57 0
2 5 66 3
3 2 91 2
2 0 4 5
1 0 43 5
1 3 30 5
2 1 -3 5
1 0 -2 1
2 0 9 2
1 3 94 2
0 3 26 0
4 4 68 1
4 3 32 2
0 3 100 2
3 0 38 1
5 2 28 1
1 5 83 0
3 1 31 3
1 4 29 2
5 0 14 2
2 0 60 5
2 4 -7 0
2 0 28 1
2 1 -3 3
2 0 52 4
4 1 8 3
3 5 73 4
1 1 -4 0
0 5 85 2
0 3 10 0
4 3 93 1
0 0 57 3
3 4 80 0
1 3 76 1
4 2 10 5
3 5 71 3
3 2 26 0
1 1 91 1
5 2 38 3
2 3 47 4
5 1 67 5
1 5 56 2
2 5 37 4
5 2 17 1
5 0 69 5
1 1 39 4
1 0 70 3
0 0 5 5
2 1 68 0
5 2 -3 5
4 5 64 1
0 3 63 2
1 2 5 2
2 5 87 0
4 2 45 0
2 5 57 2
4 4 80 1
3 2 31 0
5 4 35 0
3 5 78 1
0 1 99 4
0 0 13 0
5 0 40 2
3 2 13 0
0 2 -2 2
2 1 95 0
1 4 29 3
3 5 95 1
0 3 31 5
5 1 8 4
4 1 2 3
1 1 77 0
3 1 81 5
2 1 95 2
5 4 33 5
2 5 87 4
0 3 50 5
5 4 95 3
5 0 81 4
5 4 23 2
5 5 4 3
1 3 33 0
5 3 21 2
2 2 1 0
4 4 23 4
1 3 -8 2
3 5 -5 0
2 2 83 1
4 3 3 4
1 3 -2 1
2 0 -10 1
4 3 36 0
2 0 44 4
1 3 94 1
3 3 90 3
5 4 68 2
4 4 -7 0
2 3 59 4
2 5 -10 2
4 2 17 4
4 1 10 5
5 3 42 2
2 1 63 0
2 5 48 4
0 3 30 1
0 0 -10 1
5 0 35 5
2 0 73 1
1 1 77 5
1 4 1 5
2 1 -6 1
0 2 27 2
0 3 67 3
2 5 63 2
5 0 74 3
5 5 97 0
5 4 81 4
5 4 36 0
4 5 32 0
3 4 20 1
3 3 46 0
2 4 71 1
0 2 100 4
1 3 50 5
0 2 58 0
5 5 40 5
2 0 -5 3
4 3 55 5
3 0 19 3
4 3 -10 3
0 5 58 3
3 1 91 5
3 3 53 4
2 5 57 2
2 1 86 4
1 2 64 4
2 2 67 1
1 2 15 3
4 0 -3 5
2 1 82 4
5 3 59 0
0 2 -8 4
2 3 89 2
3 4 5 3
1 0 26 0
3 0 93 2
1 2 43 3
4 0 77 5
0 4 39 0
3 4 28 0
3 2 49 1
0 3 22 5
0 2 72 3
2 4 -10 3
0 5 52 5
1 2 92 3
4 4 95 1
3 5 88 0
3 3 22 3
3 2 10 2
0 3 72 3
4 2 6 5
1 4 2 0
0 1 16 3
5 0 65 0
1 2 71 0
3 5 -3 1
5 5 68 3
2 1 16 0
3 4 -2 1
2 1 81 3
3 5 10 0
2 4 99 0
1 4 2 4
2 2 26 1
0 5 32 3
4 3 62 5
4 4 40 5
5 1 94 2
2 3 19 2
4 4 23 1
2 2 82 1
3 3 81 2
0 5 10 1
4 0 -10 0
4 5 15 2
3 3 6 2
5 2 8 4
4 5 22 3
2 4 -3 5
4 5 66 4
5 1 51 1
0 4 39 1
0 1 24 4
5 0 64 4
3 2 79 2
2 2 76 0
3 4 71 4
3 1 87 2
1 3 23 2
2 4 57 2
0 1 22 4
0 5 66 3
4 2 2 4
1 2 41 2
0 0 -5 1
1 0 0 5
5 3 11 0
2 3 65 4
3 4 34 3
0 2 22 2
3 2 -8 1
3 5 96 2
4 2 11 0
0 5 19 3
2 2 99 0
5 4 25 0
3 4 95 1
1 3 66 1
5 1 17 5
1 2 -7 4
2 3 95 5
2 1 17 2
5 0 67 1
1 4 84 0
3 2 39 5
5 4 -7 1
1 0 38 0
5 0 1 3
1 5 -2 4
0 5 37 0
3 2 98 4
4 5 91 2
2 3 2 2
1 0 48 4
5 5 -9 1
5 5 36 2
0 3 93 4
2 1 57 2
2 1 54 2
4 0 -5 0
5 5 41 0
2 0 -5 2
3 1 5 4
5 4 49 5
3 3 15 1
1 3 21 5
1 1 3 5
5 2 64 0
5 1 55 1
4 3 -2 0
5 2 59 1
2 1 27 4
1 0 -5 2
4 3 22 2
5 0 46 1
4 2 66 0
0 0 42 0
2 5 20 1
0 1 12 2
2 0 5 3
2 5 5 5
1 1 60 4
5 1 5 0
3 0 93 5
5 2 84 2
3 1 91 5
1 5 78 1
5 0 78 0
2 2 70 2
2 3 85 2
5 4 88 2
3 2 34 3
5 5 54 3
3 5 73 3
3 5 8 3
3 0 83 1
1 1 33 3
3 4 37 5
5 5 47 1
0 2 83 2
1 4 83 4
0 5 14 1
1 3 50 3
0 2 67 3
3 2 21 3
5 0 54 2
0 0 66 2
0 1 1 2
1 1 11 0
4 0 6 2
0 4 36 5
4 4 78 3
1 2 -5 0
5 2 44 4
4 5 -9 2
1 1 98 5
1 2 99 2
1 1 21 3
1 3 96 1
1 5 82 4
0 2 69 3
2 0 77 5
0 3 64 4
3 0 41 3
2 0 75 5
4 4 75 2
3 5 12 1
5 2 36 4
4 3 70 2
5 0 83 2
1 3 81 1
0 2 27 2
3 3 53 4
0 0 87 0
1 1 38 1
5 5 13 4
2 3 33 4
0 0 96 4
5 3 95 5
2 2 95 2
1 5 24 3
3 2 67 1
4 5 90 1
1 0 41 0
1 5 22 3
4 4 69 5
2 5 90 3
3 5 12 1
4 2 46 2
3 5 73 0
5 4 48 4
2 4 91 4
2 1 43 3
1 4 85 0
3 3 75 3
5 4 10 0
4 0 60 2
3 2 -1 4
1 3 84 5
2 3 30 3
0 2 71 3
0 3 2 4
1 5 4 4
1 0 25 2
2 4 37 0
5 0 -2 4
0 5 82 4
1 1 15 5
5 4 92 2
2 2 16 3
1 4 86 0
0 1 -6 0
5 4 48 5
3 4 23 5
3 0 73 0
0 5 90 4
5 0 50 0
2 2 98 5
5 5 35 1
5 0 62 3
2 0 23 4
4 0 93 5
2 1 96 0
5 4 97 1
5 2 25 2
1 0 52 2
4 5 47 5
2 0 10 1
3 1 35 5
4 3 36 1
5 0 21 3
0 4 34 3
1 4 73 4
5 1 63 3
3 2 6 1
2 2 66 1
5 5 28 1
3 5 65 0
5 5 6 4
2 3 76 1
4 4 24 2
0 3 16 0
5 2 65 5
2 2 13 1
4 4 25 1
4 3 92 1
0 5 72 2
2 0 84 5
2 4 5 0
1 3 77 4
1 3 9 2
1 4 27 3
5 1 81 4
2 4 63 0
2 2 53 1
0 4 75 3
4 3 10 0
4 5 21 5
3 1 0 0
3 2 -2 0
3 5 89 5
3 1 72 2
5 2 16 5
5 3 15 2
5 0 37 2
0 2 97 4
3 5 57 0
3 2 46 5
2 1 54 2
4 5 15 2
3 0 6 4
0 0 71 3
1 2 -9 0
4 5 8 3
1 5 54 1
1 2 65 5
2 5 -8 4
4 2 72 1
3 4 59 2
4 1 14 0
4 2 -10 3
2 4 83 3
2 1 23 4
1 4 71 5
5 3 74 2
2 1 11 1
2 0 17 0
5 2 25 5
3 5 94 1
1 5 38 0
1 4 92 2
5 0 74 4
5 0 45 4
3 0 94 1
5 2 -4 2
0 4 86 2
5 2 -3 2
3 0 41 4
3 2 37 3
5 5 82 4
5 4 15 5
5 2 71 5
3 1 -1 4
5 4 12 3
1 0 34 1
3 2 4 0
4 3 99 5
5 4 76 3
2 4 43 0
3 2 69 5
4 1 36 5
5 4 29 2
4 0 68 2
5 5 22 1
3 1 70 0
2 5 43 0
0 4 -3 1
3 4 6 2
4 3 12 3
3 0 -2 3
4 1 60 4
2 2 55 5
5 4 28 5
3 1 74 5
2 4 48 5
2 5 26 1
3 4 79 3
5 4 59 1
0 2 48 1
3 3 86 1
1 4 55 0
3 5 61 2
1 5 34 1
2 1 -3 3
3 5 10 0
3 0 84 5
5 5 98 4
1 5 88 3
3 3 43 4
2 3 66 5
5 3 67 1
4 3 77 2
1 1 -5 0
1 4 46 0
5 4 85 2
3 3 29 5
4 1 86 4
0 1 50 1
2 0 27 0
4 1 13 5
5 1 72 1
1 2 -5 4
1 3 65 1
0 2 26 2
1 5 25 2
2 3 61 2
2 5 92 4
2 3 26 4
2 4 -2 4
4 5 31 4
1 4 4 4
5 4 100 0
3 3 38 0
4 3 51 5
0 2 94 0
5 0 88 1
0 1 34 4
1 4 -3 3
1 1 37 5
1 0 -4 3
2 0 33 1
1 1 40 4
2 1 94 3
5 5 8 4
2 2 85 1
4 2 72 5
2 4 54 1
1 4 28 1
4 1 62 0
5 5 25 1
0 1 23 4
1 1 33 4
4 1 84 0
5 4 19 3
2 3 56 2
3 2 5 5
1 2 88 5
3 5 73 3
3 4 15 1
0 2 37 0
4 0 38 4
4 5 87 1
1 2 30 3
4 0 79 5
3 4 -9 1
2 2 11 2
4 4 2 0
0 0 96 5
4 1 36 1
2 2 34 2
3 1 16 2
2 5 91 2
1 4 35 3
4 5 62 5
0 2 97 5
0 4 50 0
4 5 -9 0
0 4 35 1
3 0 7 4
3 0 -2 1
3 2 11 2
1 1 95 5
1 0 84 1
0 3 45 0
4 3 51 4
1 1 71 1
2 0 48 3
4 0 71 0
2 0 -3 4
4 4 87 5
0 2 41 0
2 0 85 5
1 1 96 1
5 3 68 0
0 3 91 5
2 2 26 1
4 1 5 4
0 2 28 1
1 2 85 1
1 1 78 0
5 5 70 0
0 1 99 5
3 4 -5 4
2 2 54 4
3 1 -7 0
5 5 49 2
3 4 0 1
4 3 35 3
4 0 26 0
4 1 96 3
3 4 33 4
2 5 33 5
0 3 62 1
3 1 -2 2
4 2 74 5
3 1 42 5
0 3 77 0
4 0 19 5
5 4 52 5
3 2 33 0
4 2 29 1
1 4 3 1
3 5 69 5
5 3 42 5
0 2 81 5
2 0 81 4
0 1 47 1
5 2 24 3
0 3 82 5
4 4 23 4
4 1 53 5
3 1 5 3
5 0 25 4
0 2 42 3
0 4 10 3
1 3 26 3
3 5 30 4
0 4 27 4
2 3 11 3
5 5 16 0
1 5 2 3
1 3 94 1
1 1 61 1
0 5 -8 5
4 2 30 5
5 0 78 3
4 1 39 3
3 2 39 2
0 0 35 0
0 2 84 4
2 1 28 4
4 4 68 5
2 0 88 3
2 5 3 2
5 2 8 0
4 5 81 2
2 3 87 0
4 2 45 1
4 3 -5 5
5 1 18 3
3 3 10 5
5 3 58 5
3 5 21 3
3 0 30 3
1 4 13 1
4 2 -8 5
3 1 -3 5
2 5 79 2
4 3 27 0
0 2 37 4
1 4 32 4
3 4 29 5
1 1 37 4
1 0 5 0
1 5 67 1
1 0 58 5
5 2 56 2
4 0 -3 0
4 1 12 2
4 5 -4 1
5 3 55 0
0 5 18 3
1 3 27 2
4 4 77 4
0 3 -6 5
3 2 27 3
1 3 12 1
5 2 18 1
1 1 -3 5
3 5 93 3
5 1 -8 2
4 0 57 2
1 0 98 4
5 3 47 5
5 2 21 0
3 3 49 5
3 1 34 2
3 3 65 5
3 2 86 1
0 4 -4 4
5 0 22 4
4 0 51 3
1 3 99 4
4 0 76 3
5 2 -9 4
3 5 43 2
0 0 34 5
5 1 88 2
3 3 64 2
5 2 28 4
2 2 97 1
4 3 71 4
0 3 32 4
1 2 39 5
0 0 11 3
4 2 81 0
3 2 24 0
3 1 16 4
4 3 35 4
1 3 66 3
3 5 46 4
4 5 27 0
2 4 15 3
5 0 64 0
4 4 89 3
2 4 -2 4
1 2 71 2
5 4 92 1
3 4 72 0
1 3 -7 3
2 1 -7 4
4 2 10 4
4 5 81 5
1 3 35 1
4 5 94 1
5 1 86 4
4 1 100 2
0 5 31 0
4 2 7 1
5 2 72 3
4 0 4 5
2 1 97 2
5 5 33 2
3 3 48 4
1 5 11 5
2 3 -4 0
0 1 72 1
5 0 76 5
0 1 95 0
1 4 22 3
4 2 3 4
1 5 34 5
1 3 34 2
0 0 93 2
3 2 34 0
3 1 1 1
4 0 49 3
4 0 3 0
4 1 37 1
5 1 15 5
4 4 8 2
2 2 76 5
3 4 63 0
5 3 66 5
3 3 85 5
0 2 28 4
5 5 94 0
3 4 73 2
5 5 66 3
4 5 15 2
5 4 14 3
4 2 48 1
3 5 23 1
2 2 37 3
3 3 68 4
3 0 85 0
4 3 27 5
2 3 67 0
4 1 61 5
3 4 32 2
5 0 47 2
0 3 44 1
4 3 85 0
2 4 20 4
1 0 85 2
4 1 75 4
1 3 78 1
5 2 18 4
1 3 33 3
1 2 0 0
0 2 82 2
0 2 24 2
4 1 61 4
0 0 39 4
1 5 31 5
1 0 81 3
5 1 92 2
4 0 57 0
3 5 82 0
4 1 -7 2
2 4 40 0
2 0 95 2
4 0 50 1
4 5 46 2
4 3 76 3
