5 5 10.0792 0
5 2 22.332 0
2 2 87.4383 4
3 4 96.4687 2
4 4 6.0697 4
5 5 46.537 0
1 4 4.5277 3
2 0 58.5471 0
4 5 29.569 2
4 3 37.7558 3
1 2 84.2597 5
5 0 97.2096 3
0 3 -9.2063 1
1 2 33.5626 1
1 1 83.0329 2
2 1 -1.0596 2
4 1 74.664 1
5 0 96.1475 4
4 1 59.234 4
2 1 4.5994 2
3 1 90.6714 3
5 0 76.7804 1
1 0 6.5651 0
5 0 73.8503 5
1 0 96.3972 3
1 5 40.1165 1
2 5 28.7883 2
1 5 32.6666 5
4 0 15.4514 4
2 5 41.0675 1
3 0 23.5208 5
3 0 37.7163 4
1 5 68.8623 3
2 0 28.978 3
5 4 30.2235 5
3 4 61.2267 4
3 4 -2.3403 4
2 2 2.2173 4
4 4 97.5347 0
0 1 64.988 5
3 4 58.7635 5
5 0 85.4517 2
2 1 83.5128 1
0 4 71.7381 2
1 3 23.3711 0
0 5 1.5347 5
3 1 94.1624 0
1 4 42.2276 4
3 4 63.3691 3
0 3 96.3684 2
2 0 86.144 0
5 5 94.7742 5
2 3 9.1249 5
4 1 71.9996 5
1 2 43.0958 2
1 1 84.724 4
4 0 80.6883 0
5 4 -2.237 1
4 1 15.1675 4
5 1 21.512 4
3 1 32.1785 4
5 5 -8.4672 2
0 0 21.5009 2
1 3 27.3729 3
5 2 -0.8199 2
3 2 45.2456 2
0 2 80.6663 2
3 0 27.8203 2
4 2 96.2976 2
5 4 56.944 5
4 2 22.4534 5
1 0 96.6876 0
1 0 32.9108 3
0 2 75.3845 3
2 3 9.0444 0
1 3 58.6259 0
3 2 -1.1564 0
5 3 44.7991 2
3 2 87.4542 1
4 0 90.446 5
5 4 69.2307 2
4 1 93.7599 3
2 3 82.8694 3
1 3 64.8593 5
0 5 73.3251 2
2 2 29.7247 0
3 4 54.0877 3
4 2 10.8512 3
5 2 84.8082 3
3 4 74.907 4
2 4 91.8326 3
0 2 27.1173 5
0 2 7.6132 0
4 3 58.8374 0
4 1 25.6757 3
4 1 92.402 3
5 5 89.5393 4
1 5 65.8611 4
0 3 37.6876 0
3 0 37.8931 0
1 0 4.8969 1
1 4 12.8123 4
2 5 31.6039 1
2 4 -7.1266 1
2 2 3.0521 2
2 5 3.5812 2
4 3 -8.8256 2
0 0 51.222 5
0 0 51.9231 5
4 4 82.8096 0
4 4 18.9558 0
3 2 25.0817 2
3 5 8.4005 0
1 0 52.4658 2
2 2 98.9921 5
3 4 8.8062 0
5 1 66.9791 2
0 0 95.9259 3
3 5 12.2055 1
0 2 4.0942 3
5 2 82.5807 1
3 5 41.8086 5
4 4 -1.7161 3
3 0 -9.7625 4
4 2 -8.2632 4
5 0 15.2219 1
3 2 26.1729 0
2 1 89.2427 1
2 0 20.8679 0
5 3 43.435 4
1 4 77.6374 5
4 5 92.2652 0
3 1 70.3806 1
2 3 40.2654 4
1 5 41.5285 2
4 1 -8.9421 4
0 3 95.9221 2
3 5 73.5405 3
4 3 13.1204 1
3 4 -8.2446 3
5 0 5.7482 1
2 2 74.1606 2
2 4 92.7549 3
1 4 36.5867 5
0 5 76.2621 2
2 0 93.8883 0
3 1 48.3396 4
2 4 29.5047 0
5 0 59.4838 3
2 3 -6.1201 5
1 0 43.2162 2
3 1 29.2116 2
0 2 1.0531 5
1 3 41.6781 1
4 1 83.3465 5
2 3 56.455 1
1 1 16.3203 5
5 3 45.0415 0
3 1 94.0237 2
2 2 6.2283 2
2 3 70.9692 2
1 0 90.7488 4
5 4 48.4288 3
1 1 59.4019 4
5 2 65.1215 4
4 3 7.3291 1
1 4 72.0249 2
2 4 92.4215 0
2 4 60.7092 3
2 5 30.4572 3
1 2 58.5737 2
1 0 64.8688 2
1 4 -7.7298 1
4 0 34.1394 0
4 4 6.1149 1
3 0 38.7585 0
3 1 8.6717 2
5 4 49.2285 3
5 0 -0.3235 5
5 1 42.2507 1
4 5 80.5502 2
0 4 -4.5611 5
5 2 3.8083 3
5 0 49.358 1
5 5 10.1662 0
3 0 -4.5987 0
0 5 86.8354 4
3 4 68.832 0
1 3 2.0781 2
1 4 47.7799 3
5 5 48.9778 1
5 0 71.0336 2
2 2 83.2965 1
5 4 33.3904 0
2 0 24.3049 5
2 0 33.8573 0
4 5 52.6861 0
4 3 26.8882 2
2 2 15.2781 3
4 0 26.7422 0
1 1 87.5738 5
3 1 34.8608 2
5 5 87.3801 3
2 3 86.3487 2
5 2 52.5763 0
0 2 15.8009 0
0 2 80.0669 5
2 1 13.279 2
4 5 57.6726 5
1 4 31.0254 1
1 3 14.7121 5
3 5 16.4171 2
3 2 81.3764 1
2 1 22.0381 0
0 0 37.3798 4
5 3 35.2072 3
1 0 14.6968 4
3 2 69.0849 3
2 2 66.1121 3
4 5 57.2095 2
1 2 34.886 2
2 2 35.5386 1
0 0 -3.2738 2
0 3 90.5873 2
3 0 60.8336 1
4 0 47.1014 5
0 5 3.8133 3
2 0 11.8322 4
3 5 65.1945 0
5 3 9.287 5
0 0 73.4611 5
1 4 42.1392 2
3 1 82.7841 2
1 4 75.1897 2
3 3 92.7402 3
0 3 26.4916 3
2 4 11.2136 5
3 3 24.4446 5
3 1 47.4179 3
5 3 11.3395 0
3 4 81.3007 2
1 5 71.1949 2
2 5 18.0298 1
5 5 57.0836 2
2 2 85.4415 1
5 1 19.5854 4
4 1 43.3829 4
3 5 53.7386 4
4 4 19.828 4
1 4 99.1127 4
5 2 -1.3914 1
0 5 47.1764 1
2 4 35.6022 4
0 5 8.8222 1
2 5 1.9509 5
4 5 89.8175 1
1 1 33.97 5
0 4 62.7957 1
4 3 -7.6931 0
1 1 68.4722 5
1 1 24.3768 0
0 4 -6.8839 4
1 0 -7.2848 2
1 0 76.4415 2
4 5 10.1096 2
0 1 28.5206 0
4 4 43.5775 1
2 2 71.1725 3
4 0 97.4027 3
1 4 34.4078 3
2 1 86.8333 5
1 1 25.8087 1
2 1 18.5619 0
4 4 -1.8411 5
1 4 89.308 3
2 3 51.408 3
3 4 0.543 0
2 1 48.1199 5
0 1 13.4647 0
1 0 78.752 4
3 2 92.0176 5
2 1 98.3191 1
1 5 1.1338 1
1 4 97.4863 1
1 4 14.2235 5
5 3 8.5892 5
3 4 96.3389 1
0 2 -8.5557 1
1 5 75.7194 3
0 0 58.7509 2
4 5 78.1408 5
5 5 36.1618 1
4 0 97.2345 5
2 5 53.4248 3
5 1 54.3231 0
0 2 48.5111 1
3 1 26.0915 2
1 0 45.2947 4
3 4 5.8857 4
1 3 28.2028 2
4 1 57.0713 1
1 3 74.1259 0
0 3 -6.4953 0
3 4 24.6576 1
3 0 41.1198 1
4 1 97.8078 3
3 5 39.5486 5
0 5 94.5432 3
5 0 61.1273 2
4 3 21.8762 0
2 5 0.7678 4
0 2 82.0051 5
1 2 37.1832 2
2 3 10.4181 1
2 0 27.1177 1
2 1 46.9309 1
0 2 3.7854 4
3 4 2.8399 5
2 3 47.4015 1
2 5 88.2698 3
4 2 16.141 0
2 2 38.0341 4
3 2 18.5055 5
5 4 30.7806 5
1 2 94.4816 5
3 2 27.3336 1
3 0 70.671 0
0 4 6.0412 4
5 5 19.2563 4
0 1 70.0786 0
1 4 28.0249 5
1 3 79.6724 3
5 5 93.0569 4
2 0 23.3703 2
2 0 75.8961 3
5 4 5.1566 5
4 1 54.5421 2
0 0 81.9444 3
5 0 -1.9381 0
0 0 59.5266 5
5 0 74.274 0
3 1 32.5908 4
3 0 53.9546 1
4 2 95.3884 0
1 3 76.8163 0
1 5 8.5441 2
1 1 87.5193 5
0 3 16.1679 1
0 3 79.2235 2
2 4 49.0854 3
4 3 -0.259 0
5 1 77.0786 3
3 3 30.6548 4
3 5 63.2307 0
3 2 63.8781 4
1 4 15.6284 5
5 5 37.2002 4
1 1 41.0799 2
4 5 15.4659 1
4 2 78.7226 3
0 2 -6.3016 0
0 4 11.425 1
0 4 41.1959 5
4 4 92.1796 4
4 5 90.4686 1
2 3 68.5122 1
0 1 44.0682 0
2 5 -9.7674 5
1 2 78.5338 4
3 2 54.0329 3
3 2 22.2963 0
0 2 3.1406 5
5 1 59.9736 2
3 3 27.099 4
3 4 22.3096 0
1 4 95.3707 4
4 5 15.5184 2
5 1 -5.9403 2
5 1 98.4991 5
0 4 28.1849 2
0 2 1.7035 2
5 0 -0.3515 2
0 0 2.1982 4
2 0 85.1645 4
5 3 21.5452 2
4 5 97.951 1
2 1 -4.1882 5
1 2 73.0371 1
1 3 34.0574 4
3 1 -8.8104 1
1 2 19.399 5
5 5 26.2142 5
0 3 83.6888 2
1 5 -5.0317 0
2 0 81.4729 4
4 1 61.917 3
0 5 93.0972 2
1 1 47.8326 1
5 1 75.587 2
0 1 35.4649 0
5 0 79.77 1
3 2 95.6689 0
4 1 22.7382 4
5 0 38.4868 2
0 4 40.4903 5
3 0 23.5306 3
5 4 62.469 1
3 4 14.1507 1
5 1 92.5577 3
5 3 39.7343 0
2 3 54.7115 2
5 3 18.966 5
3 3 82.207 1
5 2 23.7252 4
2 1 14.6076 4
1 3 93.5478 3
3 4 48.3508 3
2 3 44.7544 2
0 5 17.7131 0
3 2 -3.2692 5
1 3 73.4046 5
2 5 91.6237 0
0 3 70.1267 4
1 2 26.1228 1
5 2 2.4734 0
4 1 75.449 5
5 2 35.3978 1
3 5 21.3771 4
5 2 31.7315 3
1 2 -6.8712 2
1 3 30.3576 4
1 3 27.9727 1
5 5 43.4428 3
1 5 24.0409 3
5 3 9.3771 5
0 4 16.5941 5
4 1 59.4889 1
0 4 89.0733 5
4 2 98.9998 2
1 0 9.0546 2
1 5 47.3009 3
3 5 80.4259 4
1 5 67.662 1
0 0 53.5074 5
2 0 62.9247 0
3 4 90.5926 4
4 1 3.3145 2
2 3 28.775 1
1 0 22.7609 4
3 2 -8.1813 5
4 3 30.421 0
3 0 18.08 2
0 5 90.2809 1
4 5 11.1147 4
5 5 40.2421 5
1 0 48.594 2
0 5 27.7899 4
4 4 -5.3788 2
3 2 9.3229 3
2 1 10.5652 0
4 3 59.4558 1
2 1 23.6244 4
1 0 90.0598 3
2 1 56.8801 0
1 0 68.7596 0
1 2 4.0157 5
3 4 2.7788 0
2 4 66.4798 2
3 0 9.6895 4
2 0 76.5193 5
3 5 94.9449 5
3 4 67.3546 2
0 2 87.2551 4
5 2 43.0502 3
5 0 81.327 4
1 1 11.5119 0
5 4 92.9525 3
5 1 35.7934 3
4 2 59.4916 1
2 2 34.0954 2
0 3 12.7441 0
3 0 13.4849 5
0 3 49.037 0
2 5 25.3828 3
5 0 3.9807 0
4 5 33.998 4
4 0 84.7327 5
1 5 60.9991 2
2 4 51.3183 2
2 2 99.1846 3
5 1 10.8698 4
2 1 62.1412 3
0 0 17.6498 4
1 0 25.4653 3
5 3 61.9827 3
5 5 79.7553 4
1 4 99.3006 3
5 0 -0.9261 4
0 0 8.311 3
2 4 12.46 0
0 3 51.6696 3
5 0 82.6814 4
2 3 49.9942 0
4 4 66.2155 5
4 4 45.0147 1
1 2 40.9416 1
2 0 59.6993 1
4 2 39.231 1
3 4 78.498 0
2 0 87.8067 0
1 0 31.457 5
1 4 57.7541 1
3 4 11.5854 5
0 5 20.4434 0
2 4 36.3201 1
1 0 97.3774 1
4 5 31.2934 0
4 5 35.0495 2
1 2 47.6336 2
2 1 60.7642 0
1 2 71.9496 1
1 5 4.2557 1
0 3 74.673 3
2 1 62.283 3
3 3 79.347 2
4 2 44.6531 1
4 3 99.6038 3
0 3 72.8055 0
4 5 98.6941 2
4 5 87.8453 1
2 2 88.7335 1
0 3 85.8803 2
4 0 64.7336 2
4 5 -4.8862 0
4 3 49.9727 1
2 2 1.9428 0
4 5 78.6187 2
4 2 20.5076 1
4 0 74.4364 0
3 2 85.4682 2
3 2 46.9251 0
5 2 80.3375 4
2 4 38.4856 0
1 3 36.0724 4
3 4 -2.7256 3
1 2 21.191 2
2 4 11.2715 5
1 1 93.5437 0
5 4 96.3478 3
1 0 28.0119 1
0 2 63.2875 5
0 2 99.3821 3
3 2 29.2946 0
4 1 85.1309 5
3 4 -6.6413 5
5 4 93.352 2
0 4 20.479 2
2 5 72.5327 0
3 3 26.3476 2
3 0 -3.4337 3
5 4 80.9287 1
4 2 -1.5125 3
5 2 56.4401 0
2 3 98.2662 4
1 1 1.0457 5
4 2 5.9743 4
2 1 97.7229 4
0 0 44.6537 5
5 1 74.6683 1
0 1 98.4093 0
0 0 31.4148 4
3 3 16.5114 0
4 0 42.5284 1
2 0 60.3357 1
3 4 68.7612 2
0 2 45.1565 2
3 2 24.7971 1
0 4 97.7447 5
2 3 56.4155 3
3 1 41.7117 3
2 5 -8.9697 1
2 4 72.6412 5
2 1 17.4177 0
3 4 93.6477 3
4 0 9.7365 4
4 1 53.6932 4
0 5 15.3045 3
4 1 84.0871 1
2 0 -2.4367 1
1 2 10.5058 2
1 0 26.6221 3
3 5 98.0136 2
4 5 14.5417 4
5 5 95.9879 1
1 3 -1.6749 4
4 2 37.1822 3
0 4 26.1965 4
3 2 53.2939 5
3 4 3.4154 4
2 1 -8.5419 0
5 0 -1.2228 5
0 4 88.6778 5
0 5 44.8968 3
3 3 10.5336 0
0 1 63.8404 2
5 5 17.9443 3
0 2 14.8525 3
0 4 -0.9824 5
2 4 50.8014 1
0 2 15.173 5
1 3 -0.575 2
4 4 35.1409 2
0 5 2.13 2
1 4 -2.4357 0
1 3 90.1804 5
4 2 34.4604 4
2 4 53.2093 3
5 3 34.5664 0
3 0 17.166 3
2 3 -9.1721 2
1 2 74.1382 3
5 1 35.2986 5
0 1 42.1475 5
3 1 49.5632 1
0 5 -5.3603 1
1 4 91.5229 5
5 1 37.0909 4
3 3 32.2189 0
1 0 11.918 3
4 2 60.1095 5
3 5 10.7567 5
4 3 40.1203 5
5 5 93.1163 2
4 2 89.1139 1
2 2 81.9195 1
3 5 76.4084 2
1 0 99.2882 2
4 5 24.9655 0
3 3 99.834 1
1 3 43.228 0
0 3 15.5494 0
1 0 25.5813 2
2 0 62.4944 4
2 2 18.0326 0
1 3 -7.1328 4
3 2 20.0495 5
3 3 -4.821 5
0 4 25.3719 5
4 0 50.3224 0
2 1 70.4175 2
1 0 43.4013 5
3 2 23.4813 1
2 5 91.6289 0
4 1 16.5022 1
3 0 27.116 4
2 0 9.1595 5
3 2 86.6968 1
1 4 55.0217 0
0 3 87.701 4
0 4 97.645 3
0 4 89.2734 1
0 4 71.8707 4
4 1 65.0633 1
0 1 82.7686 1
5 1 46.896 2
2 2 12.322 3
5 2 31.3909 2
3 2 68.1198 3
4 5 1.3196 5
3 3 56.2043 4
4 3 34.6336 1
1 4 23.3253 0
4 0 81.0316 5
0 4 26.4818 3
3 3 34.4399 0
1 1 31.5176 2
4 0 3.0308 4
3 4 76.5426 4
5 5 90.0382 2
5 2 94.7192 4
5 5 97.7821 3
0 0 98.2724 1
0 0 19.8688 2
3 2 41.747 5
4 4 56.5485 2
2 2 54.6941 0
5 3 95.0844 2
4 5 -0.1604 1
2 4 20.2126 2
5 4 76.2928 0
0 4 16.5062 0
0 1 23.2083 5
3 5 9.0325 5
1 0 30.2753 0
5 5 -7.7473 4
3 1 34.0717 0
4 5 7.1613 4
2 3 18.0544 0
3 0 92.4763 1
3 0 50.6902 4
5 0 82.7087 5
0 5 3.9312 1
3 2 65.8969 2
4 4 87.357 2
4 5 27.5343 4
0 0 83.7868 0
0 0 -5.9058 4
1 2 95.2729 0
3 2 95.1389 5
4 5 16.0766 0
1 3 75.9476 4
3 3 58.633 1
1 4 16.2885 5
4 5 24.7956 2
5 0 72.8227 4
0 0 -1.629 0
1 1 67.1934 3
1 0 94.7655 2
0 1 16.3277 2
5 4 46.0742 1
0 3 23.2793 3
4 2 18.2289 4
1 2 10.0361 1
2 2 61.1115 4
5 5 42.6036 0
5 5 40.2819 1
0 3 68.6689 2
5 2 26.7163 2
3 0 -3.2007 0
0 5 75.2876 2
0 0 25.4235 5
1 5 10.1863 1
2 4 49.24 5
2 4 99.5894 2
5 0 58.9951 5
4 0 22.2376 2
3 2 6.4802 2
2 1 66.0831 2
3 2 30.0972 1
4 1 54.1488 5
3 5 91.5062 2
2 0 78.2403 0
3 1 97.4968 1
5 4 45.7789 0
1 4 -9.5334 5
1 1 18.0255 4
2 0 64.7355 0
1 0 39.2953 3
0 2 45.4989 2
2 4 24.3548 3
3 4 97.2752 0
4 5 56.6483 1
5 2 68.2099 5
0 1 68.7983 2
1 4 29.6113 0
2 4 9.5608 3
0 2 48.4495 0
5 3 25.3556 2
0 4 23.2941 0
4 3 45.9713 0
4 4 42.9834 3
0 0 9.8186 5
0 4 77.0132 2
5 4 82.3554 3
4 4 77.5365 2
1 4 74.1413 2
0 1 51.794 3
4 2 69.2399 3
2 5 17.0877 0
4 4 61.0089 0
1 1 62.5901 2
4 0 -4.545 3
3 3 4.5223 1
0 1 14.4705 0
5 1 58.5785 4
1 2 28.8019 2
3 3 27.2356 4
2 1 26.5161 1
1 3 82.1536 4
3 1 96.1796 3
4 5 45.2422 2
0 0 58.9323 2
4 1 25.0494 5
5 3 25.0583 2
3 3 59.0337 1
1 1 16.3091 5
2 4 82.6391 3
5 0 41.5531 3
3 0 57.8618 5
4 4 0.2273 0
4 2 48.1167 2
0 0 39.9505 4
0 5 40.4324 1
4 3 -8.8768 0
2 1 87.7038 4
3 4 5.0021 5
4 3 60.2627 3
2 2 21.9003 3
5 3 4.2241 2
1 1 8.5745 2
2 2 42.1944 5
4 3 53.5567 3
5 3 48.8717 2
3 5 64.7311 3
4 5 12.6877 1
3 0 72.198 5
2 2 86.2815 2
2 2 17.4304 4
1 1 74.2733 0
0 1 84.4363 4
3 4 50.0219 5
5 4 49.8427 0
1 0 57.5676 2
0 4 0.4319 5
5 3 46.1902 0
2 1 80.0523 5
1 3 87.1066 5
2 4 7.6262 0
3 3 30.1326 1
4 3 46.9251 5
1 3 -9.7032 3
2 5 43.3767 3
3 5 26.2171 4
0 2 71.4083 3
5 2 5.4006 2
2 2 91.8157 3
1 1 -7.7763 3
3 2 36.495 2
4 4 1.6169 1
4 1 51.4019 4
4 2 22.3221 3
1 4 48.4499 3
0 2 37.2162 2
3 0 81.7477 2
5 4 32.0472 5
1 5 59.9881 5
3 3 83.28 4
2 0 66.5591 1
5 2 85.2624 4
2 0 44.0322 2
3 1 92.6757 5
4 1 73.6503 4
3 3 2.6983 1
2 4 41.7274 1
0 3 22.4855 2
2 0 1.0107 0
5 2 64.774 3
1 4 25.9209 5
3 3 60.5354 4
0 2 4.9612 4
1 4 72.2866 2
4 5 78.476 5
3 3 43.9569 0
2 1 -1.3964 1
0 5 76.0306 2
3 3 95.7059 1
0 2 -1.322 3
2 2 83.0993 5
0 1 43.2379 5
4 3 16.3774 5
3 2 65.2831 5
1 4 49.9299 5
4 3 24.3288 0
0 3 95.513 1
0 1 7.102 5
4 0 67.1404 4
2 1 -1.3691 2
0 2 22.2735 0
2 1 94.5365 2
5 4 -5.3104 3
4 3 -3.2796 0
2 3 72.0121 1
1 3 28.8102 4
3 4 79.0147 4
0 1 42.8175 3
4 1 71.5489 1
4 0 13.6457 1
0 3 -7.452 5
2 5 77.6422 4
4 1 97.1666 4
0 3 94.3252 5
4 0 71.6009 2
0 1 84.7618 0
2 2 62.9626 2
5 4 25.5359 1
0 5 32.9299 1
5 5 73.8238 4
3 1 21.6025 0
4 5 19.0731 2
3 3 31.2408 4
2 1 69.5366 3
0 5 95.4464 2
1 2 63.4475 1
3 4 -5.1186 5
0 3 19.6335 1
5 5 67.0079 1
4 0 90.6457 5
3 0 41.3412 5
4 2 83.9371 4
1 2 96.8848 3
1 5 75.308 1
0 4 22.9996 5
5 2 71.2371 3
4 4 17.2787 0
4 1 84.7507 3
3 3 34.4389 4
3 1 -1.1765 4
1 1 5.5556 3
0 0 63.93 1
3 2 3.0381 0
3 5 83.0812 2
5 4 97.9659 5
5 2 40.4073 3
5 2 -6.9868 4
1 0 52.9153 4
5 4 15.1764 5
2 3 37.8585 0
2 0 29.7951 0
1 3 88.6214 3
3 1 9.8279 0
5 5 82.4506 1
5 3 95.7572 5
0 3 90.0721 0
2 3 27.4146 5
3 4 -4.2457 5
0 1 47.4888 3
2 2 41.1542 3
0 2 56.4066 1
4 3 99.561 5
0 4 3.8772 5
3 4 63.4971 5
4 3 76.4935 3
4 0 8.118 2
0 1 79.0281 1
4 3 -3.9764 3
2 0 52.4205 1
1 2 92.1356 3
3 5 25.0798 4
3 0 48.6453 1
1 5 56.4261 4
4 1 25.0402 2
1 3 72.2915 4
1 2 87.7751 5
2 4 99.7829 2
4 4 29.3011 0
4 1 30.6433 3
2 0 61.5571 1
5 1 95.4379 4
3 4 27.581 3
1 3 70.329 0
5 1 50.2956 4
1 3 74.014 4
1 3 31.1223 5
5 3 81.1529 4
3 2 -1.7609 2
5 3 90.0472 5
1 5 64.3385 1
3 3 -9.6289 4
3 4 29.3234 4
2 1 6.0585 4
1 2 4.0423 0
5 4 77.7223 0
1 3 85.5422 1
3 4 97.5944 2
1 0 65.0682 0
3 3 38.5041 0
5 0 46.324 3
1 3 55.1852 0
2 5 62.1666 3
3 0 54.4159 1
3 1 81.34 1
3 0 64.4018 5
5 4 63.1188 5
4 2 44.2304 2
0 2 49.2048 0
1 3 98.1472 1
3 4 14.4021 2
1 1 3.4689 3
5 5 0.9587 0
5 0 86.3909 1
0 3 30.3197 1
1 4 64.4911 1
2 1 50.9019 3
2 2 43.5833 4
0 3 63.0128 3
1 2 82.7052 2
5 4 98.9783 0
1 4 42.9579 5
3 5 19.2495 3
4 1 28.3317 5
3 0 94.8921 0
0 1 66.6988 1
2 5 99.9799 3
5 1 31.0633 1
4 4 4.2924 5
5 2 42.3179 0
5 4 67.1548 5
3 3 10.7504 4
4 3 -4.5153 1
5 3 58.1719 0
