1 0 23.0234 5
5 2 71.7738 0
5 1 87.3713 3
5 1 91.4667 3
3 4 -8.9659 1
5 1 28.2165 2
5 3 67.2851 1
1 2 30.1587 1
0 1 5.8558 2
1 4 60.8334 4
2 5 92.3753 1
5 4 63.5831 5
3 5 -0.8775 4
0 0 40.4346 2
1 3 76.954 3
3 1 64.5715 5
1 0 53.4429 2
2 4 50.5342 0
5 4 45.4439 5
0 1 33.6943 0
0 0 38.7916 3
1 0 22.9929 3
5 3 46.1284 3
1 0 4.3379 1
3 3 16.4368 3
0 0 13.3628 0
2 2 14.2553 1
2 2 93.4681 5
1 0 42.5969 0
4 5 -6.8239 3
0 3 -5.9583 3
1 3 -8.4812 0
3 1 49.4356 3
0 3 53.457 2
2 3 8.4312 1
3 2 42.058 3
0 4 4.4644 5
5 0 44.0701 5
4 2 57.0524 4
2 1 6.4734 2
5 1 68.7439 2
2 3 -5.7871 5
4 3 51.6756 2
4 5 46.2525 3
4 4 56.6135 3
4 5 13.8129 0
2 3 84.2842 2
1 4 7.9548 3
5 5 36.2812 2
5 5 41.15 1
5 4 38.4471 5
5 4 7.6677 0
2 4 63.9701 4
1 0 56.7949 3
4 2 -4.0612 5
0 4 -9.6111 1
4 2 19.6659 5
5 5 91.6839 3
3 3 98.6741 1
4 4 -5.8574 3
2 0 9.4944 2
0 2 78.9485 4
1 3 12.7391 2
4 4 28.9945 3
3 3 93.4968 0
4 3 45.4019 1
3 2 19.3256 0
5 3 26.5488 2
3 4 35.3646 2
2 2 54.4107 3
3 3 87.2986 4
3 4 94.4231 2
5 5 5.0601 0
0 4 83.3275 1
5 2 41.864 2
2 3 12.6614 0
4 1 58.4299 2
2 4 20.7639 3
5 0 26.423 0
5 1 68.8808 5
3 5 56.0657 0
1 2 75.5972 0
4 2 69.7743 5
3 2 58.3172 3
2 2 13.6986 2
1 4 -3.0388 2
0 1 37.2632 3
5 0 66.8985 1
1 3 7.5553 4
4 1 11.3947 5
2 4 55.959 0
1 0 34.5527 0
4 4 72.1633 0
2 3 95.6003 4
4 3 57.4827 5
1 3 8.4777 5
4 1 8.6259 3
5 1 35.8518 5
5 2 69.6499 2
3 0 87.2002 1
5 5 13.2998 2
2 5 49.7333 3
3 4 14.4863 4
1 5 76.962 0
2 4 -1.4943 2
3 0 77.3253 3
2 4 -0.4651 4
5 4 24.562 0
1 5 5.5245 5
3 0 98.8784 3
4 3 64.1017 1
4 2 -3.1102 3
2 5 96.8669 5
0 4 52.3269 5
3 3 69.1884 3
3 5 47.3675 2
2 4 88.0999 5
0 4 97.6425 3
4 2 98.7023 2
5 2 78.3752 1
4 1 2.9852 5
2 5 37.8504 3
0 1 15.5994 0
2 3 1.0727 3
5 5 -7.8583 1
4 2 39.9621 4
3 3 27.4 5
1 0 18.6807 1
0 1 -7.9122 3
1 5 47.2278 4
0 3 37.6162 1
1 2 38.9823 3
0 5 -7.1933 5
2 4 6.8701 3
4 4 42.9098 2
2 1 10.2283 0
3 4 98.2084 2
5 4 10.4475 2
1 0 88.9451 3
1 0 72.8228 5
5 4 20.9334 5
4 1 23.7721 0
2 5 84.3147 4
0 3 53.6973 5
5 2 91.4989 3
5 3 13.9689 5
5 4 12.201 5
5 4 3.756 3
5 2 60.2221 2
2 4 91.4731 1
2 4 7.0061 1
4 5 53.2479 0
1 3 61.5867 0
3 5 11.7086 2
4 0 59.0079 4
3 1 -0.8862 1
4 2 61.4847 4
5 4 38.3507 3
3 2 47.0164 2
3 1 87.66 5
2 2 59.8835 3
1 2 89.0419 1
4 5 -5.8102 0
3 3 39.894 1
1 2 3.1887 4
0 2 94.8733 3
3 3 61.1032 2
1 4 78.0084 4
1 2 72.9686 0
2 1 62.7818 4
5 5 13.253 1
4 5 60.3888 4
5 5 77.309 3
1 4 69.3168 4
0 0 23.7151 4
4 1 33.802 3
5 5 49.3865 5
1 5 89.3381 5
1 2 27.0991 5
5 5 92.7395 0
4 0 62.4182 3
1 2 44.0659 0
0 1 40.7709 2
1 2 95.8607 5
5 3 91.6952 5
2 0 60.2832 1
2 4 16.5969 5
4 1 3.2505 4
1 4 3.1465 5
4 0 55.4731 3
1 1 35.7889 4
2 2 63.7997 2
5 0 60.9072 5
3 0 89.5187 2
0 2 62.9577 4
5 2 71.4614 0
3 5 70.3392 5
1 0 67.1535 2
2 0 37.2013 1
0 4 9.4221 2
5 5 16.7498 5
2 1 12.4139 3
2 1 -1.0906 4
4 2 34.7463 5
1 1 15.852 3
3 2 48.0639 1
5 2 4.8513 2
2 0 74.2343 2
2 0 27.756 0
1 1 71.1614 2
1 2 77.7343 1
4 0 87.1378 3
4 4 6.6567 0
3 4 32.4882 0
3 2 30.7577 2
2 5 45.5512 4
2 0 77.9767 5
4 5 50.1128 2
4 2 8.6034 1
4 0 57.0294 5
2 0 38.6426 5
4 1 95.8599 1
2 2 27.7977 2
5 2 92.2403 1
3 0 63.4342 3
2 2 62.0312 5
1 1 93.9043 4
5 4 65.4107 1
3 4 31.9396 0
3 3 19.3913 0
2 4 91.1517 2
2 2 -3.2829 1
1 0 67.3978 3
5 4 46.5791 5
3 0 -8.8679 4
4 0 96.8426 5
1 2 16.8868 3
5 2 8.4788 2
3 5 -4.8878 1
5 4 1.862 0
1 1 53.4556 4
4 4 -1.3445 4
2 3 28.8844 2
5 5 5.7678 5
0 4 25.8598 3
2 5 -5.714 0
1 4 83.3557 0
3 5 23.0207 4
5 0 79.4283 2
5 4 -4.3421 0
4 2 81.0655 0
5 2 49.4002 5
1 2 78.8061 1
3 5 66.2572 0
4 2 76.3771 2
2 3 -2.0231 1
3 0 37.2868 0
3 5 71.3171 0
1 5 -4.3355 3
4 0 64.8267 2
3 2 -6.179 0
1 0 37.0208 1
5 4 -4.0099 2
2 0 74.8356 3
5 4 77.2971 4
3 2 62.8149 1
1 1 6.4297 5
3 4 41.2468 4
1 3 38.0606 5
3 4 15.7136 5
4 1 49.6893 4
1 2 98.8032 0
1 2 92.0341 2
0 3 27.9478 1
5 3 99.5967 3
0 3 50.7925 0
1 4 62.8749 5
2 3 13.6493 4
1 5 -0.5078 4
2 0 53.3322 3
2 0 -7.8515 5
4 0 -8.8565 4
3 5 83.0748 1
5 5 39.6788 5
3 2 75.9743 0
3 5 80.3388 3
5 1 8.823 3
3 2 82.4524 1
5 2 86.1818 2
5 4 71.363 5
5 1 -3.624 0
2 3 13.8119 3
1 5 92.8025 3
2 2 88.5775 0
1 5 53.0042 4
5 1 53.6851 3
0 3 58.6233 1
1 0 83.1105 3
0 5 30.6037 0
1 5 90.0776 1
1 0 40.0182 3
0 1 94.9304 2
1 3 -0.5951 1
2 1 92.8897 2
1 2 39.989 2
3 1 1.1567 5
0 2 93.4456 4
2 5 55.1149 1
5 2 57.2067 1
5 0 -4.0491 1
1 1 58.1373 5
4 2 13.127 3
1 1 -5.9029 4
4 2 78.2705 0
5 1 -1.0222 2
1 2 -5.3898 1
2 0 81.5795 0
0 3 68.6373 0
2 3 92.1602 5
3 3 23.9284 4
2 3 62.0582 4
1 4 93.3814 2
1 1 44.107 3
2 3 52.6776 1
5 3 81.2844 3
4 3 88.2079 0
0 1 52.0259 1
2 4 62.2308 2
3 2 62.1051 0
4 2 5.6892 1
0 1 76.7234 1
2 1 55.6881 4
5 0 34.22 3
4 2 58.2959 4
1 2 86.343 0
1 2 94.4416 5
3 3 42.7383 1
3 3 7.3159 3
2 1 83.4487 2
2 4 58.9049 0
1 1 61.2541 5
2 3 57.2266 5
5 4 69.0652 3
0 4 62.5166 5
5 1 95.5522 5
1 5 71.6642 1
0 5 45.8393 5
5 4 21.1601 4
1 5 78.0643 2
2 1 5.2951 5
3 0 63.4779 5
4 1 -2.8496 1
0 2 54.6917 4
0 1 28.0144 3
0 4 64.2386 5
1 5 12.1872 2
2 2 40.6394 0
2 3 27.7116 0
1 5 47.3361 3
3 0 19.853 2
0 0 41.0696 5
4 3 30.6105 5
2 0 67.9465 1
0 1 92.527 0
4 0 19.9826 0
4 5 29.0028 3
5 0 22.9774 0
3 4 8.7192 5
0 5 79.3083 3
0 3 75.0969 3
0 1 49.8331 3
5 4 17.1514 2
1 4 1.5441 0
2 1 -5.8785 3
2 3 45.208 1
1 5 83.1475 1
4 4 80.4852 1
1 4 53.1784 3
3 1 56.826 2
4 3 93.4219 4
3 1 68.3342 3
3 0 61.8032 3
5 5 39.4342 3
1 5 84.5723 2
3 0 44.3626 2
1 5 16.3672 1
2 3 85.4875 2
3 0 80.7978 2
0 0 -0.9765 3
5 1 8.0882 0
3 2 30.7766 2
5 5 -2.9394 0
1 4 60.3634 2
4 0 33.7402 2
4 3 76.5862 3
0 3 85.1563 3
3 3 15.377 4
3 5 56.6836 0
2 0 7.4681 2
5 1 84.1387 2
4 2 4.3631 0
2 2 20.2029 2
1 5 47.9594 4
0 5 42.6695 0
0 0 19.7902 1
1 3 40.1397 1
5 3 12.7781 0
4 3 8.7068 3
0 3 74.3747 3
5 3 94.1571 1
4 5 85.587 3
3 3 17.431 2
4 3 1.3319 2
5 0 48.698 2
2 3 -4.4822 1
5 3 73.7521 5
5 5 78.5073 3
0 2 58.1495 1
0 0 45.1515 1
3 4 58.9261 0
5 3 95.3326 4
1 1 80.6069 0
0 0 85.8945 5
2 2 51.6256 4
3 1 87.7444 2
2 4 70.4506 2
3 5 91.2779 5
0 1 78.9045 0
3 5 93.5093 0
3 4 62.3965 0
5 5 -6.158 4
0 2 22.0875 2
1 0 4.4048 5
4 1 96.4767 2
5 3 38.8768 2
1 2 -6.3463 5
2 1 81.7484 2
0 1 19.1781 4
3 4 67.6764 1
4 0 -2.7664 2
0 4 81.165 5
0 2 95.4848 1
0 4 90.8449 1
3 3 27.9941 0
2 0 15.4653 2
5 1 92.1972 4
4 2 66.8652 0
3 1 15.2152 1
5 5 21.9771 4
0 2 -7.1483 0
1 0 62.5876 1
2 1 -4.5776 4
0 3 48.8404 5
4 3 25.4298 3
1 3 91.512 2
5 1 10.9967 2
4 5 70.7619 3
5 3 78.5223 5
2 3 26.1357 3
2 1 79.4623 4
2 1 97.9815 4
3 2 78.9501 1
4 3 88.2444 2
5 0 0.137 4
1 4 30.2544 1
1 3 99.638 2
5 1 -7.5657 2
4 3 80.8493 2
4 2 12.4192 1
3 1 69.823 0
3 3 24.5812 4
0 0 79.269 2
3 1 96.9285 4
0 3 73.9931 0
1 1 68.7508 1
0 2 -2.9392 5
0 4 86.3785 1
5 3 31.8053 1
3 3 69.1604 4
4 2 2.3875 2
0 3 8.2959 5
3 5 21.6173 4
2 2 51.2974 0
5 4 47.7607 0
0 2 29.6382 4
5 3 16.7927 1
3 3 70.4588 1
1 4 -3.1453 3
1 0 81.9258 5
1 0 84.5978 2
4 3 45.163 3
5 1 -1.2994 4
1 5 68.3213 4
4 4 15.5159 2
0 1 66.6489 3
2 1 24.8021 5
3 0 30.433 0
5 5 53.9891 3
5 5 77.4826 3
5 5 57.3403 2
0 2 11.9928 4
0 4 37.1098 0
5 1 4.5722 5
5 3 62.9876 0
3 5 5.0606 5
0 1 41.1818 3
1 4 90.531 4
5 2 60.7186 3
4 1 34.1874 3
1 1 93.8299 5
2 3 -6.5842 5
4 3 -0.2976 4
4 0 -9.3595 3
5 2 7.3824 3
1 3 21.7172 4
2 0 97.4857 4
4 5 46.1105 4
4 3 45.3033 3
2 4 19.6926 1
0 0 7.7831 3
1 5 34.5515 4
4 2 94.1 4
4 2 11.8698 3
4 0 12.5815 1
3 2 -5.5622 0
5 1 -6.7546 3
3 2 57.7875 5
1 2 13.8071 5
4 2 69.4339 4
4 4 97.1168 0
5 5 4.9314 2
1 2 96.3096 2
2 1 34.7223 1
2 3 93.9827 4
5 5 8.6186 4
0 4 3.1618 2
5 4 61.8524 3
4 5 47.9816 5
3 4 84.6989 3
0 1 -4.2928 0
2 4 64.4582 3
2 1 1.1719 2
4 4 33.8127 1
2 3 47.9511 3
2 4 51.273 5
3 5 74.0874 4
0 1 -9.6879 1
1 5 1.674 5
2 3 -2.8317 1
0 3 40.6762 0
3 5 68.5508 4
1 3 51.0875 3
2 0 2.2684 3
3 1 85.4727 1
0 1 62.7896 4
2 5 16.4618 4
0 4 20.1458 0
5 2 85.5168 0
4 4 24.0774 0
0 4 96.3555 5
4 0 4.6957 1
5 3 80.7477 0
0 1 32.8453 1
5 3 81.1367 4
5 2 -6.9042 2
4 3 56.5822 4
4 3 63.4273 5
4 1 -7.0083 2
4 2 71.0375 0
2 4 95.8215 3
2 4 2.9539 3
3 2 86.6433 2
2 5 56.6904 3
1 4 42.3841 1
3 5 51.9408 3
2 0 36.7639 5
0 5 73.5679 2
4 0 99.1363 5
1 4 61.3771 2
5 5 17.0415 0
0 5 66.5131 3
0 2 71.2694 0
5 5 94.7882 1
4 1 49.9576 2
5 5 30.2005 2
3 5 0.5651 3
5 1 96.9438 1
1 4 92.8134 5
4 2 73.2941 3
2 0 13.2217 3
1 1 -7.3384 4
4 4 39.8506 2
0 4 15.2441 0
2 4 -7.1082 2
3 2 71.2177 1
2 0 73.3313 0
0 1 34.634 4
1 3 39.2985 3
5 2 85.4626 1
3 1 -8.718 3
1 5 96.6406 2
5 3 73.8724 3
5 0 66.5337 1
0 1 59.8472 5
2 3 40.0438 4
0 1 52.5159 0
4 4 74.6635 0
4 5 49.3423 4
2 5 93.4476 5
3 3 -0.0111 5
5 1 97.4783 0
3 3 6.1477 0
2 1 -2.957 5
2 3 92.423 0
3 2 78.1862 1
3 0 48.4018 1
5 1 -6.1821 0
2 4 -4.9199 4
2 4 60.5633 4
4 5 4.9461 5
4 5 93.7083 1
2 5 24.639 2
4 5 -6.7671 0
1 1 92.6848 4
5 5 57.389 4
2 1 31.7095 1
1 0 50.5661 3
2 2 46.2669 3
2 0 12.4122 2
2 5 94.7625 1
1 4 48.8604 2
5 0 8.1329 4
0 2 86.2062 3
5 2 84.6996 5
2 2 33.42 1
3 4 78.6745 4
5 2 79.2721 0
2 4 61.6961 5
1 5 46.1804 1
2 5 89.1076 2
3 3 89.672 5
2 3 27.0564 3
4 4 91.0007 3
5 0 7.3537 2
3 5 46.5168 2
1 2 90.4072 2
5 0 27.7418 5
1 2 32.0864 1
3 2 20.7022 3
4 1 8.047 5
1 0 80.0445 2
2 2 69.2376 4
0 1 23.8598 2
3 5 57.6629 0
3 2 71.5273 0
1 2 84.7179 3
4 4 54.7957 1
1 2 44.0623 1
1 2 48.0936 0
5 3 78.4654 2
0 3 72.1905 0
0 0 42.8225 4
4 3 69.3073 1
4 2 51.5733 0
1 5 92.2834 5
4 3 84.9374 0
5 5 2.3349 1
5 4 1.6227 5
5 0 92.6197 5
0 0 66.6387 3
5 3 84.5126 1
5 0 80.6239 5
0 1 92.6087 0
4 4 15.7204 3
0 4 80.3011 1
5 1 1.8478 3
1 3 57.822 0
2 1 27.6736 0
5 3 83.6961 2
3 1 91.7221 1
3 3 -8.4165 2
5 2 56.3478 2
4 4 55.3028 3
2 3 84.1976 0
2 4 47.7054 4
0 4 55.945 1
0 0 15.6939 1
2 1 9.1336 1
1 4 38.9316 3
3 3 24.7754 4
2 0 61.0067 1
5 0 21.1602 2
5 0 -6.4797 5
4 4 96.5849 3
1 3 87.3338 4
3 2 33.8857 3
0 1 70.9247 5
1 5 25.2727 2
4 3 75.0093 3
2 4 18.528 1
2 0 75.8571 1
0 0 78.6461 3
1 3 35.2254 3
1 2 71.1285 0
0 1 59.7244 0
5 5 26.3153 0
4 1 65.2763 3
5 2 30.4239 1
1 3 53.5488 5
2 4 82.832 3
1 0 98.3067 2
1 1 5.2309 4
5 0 53.8207 2
3 5 44.6071 2
2 4 70.6695 1
2 2 94.2103 1
5 2 -6.3484 1
1 3 95.6821 4
5 2 8.5038 1
3 3 25.7266 5
2 4 85.4083 5
4 5 36.8264 0
3 1 4.9727 3
3 2 -1.1284 0
5 2 -4.5525 5
5 4 76.7125 0
0 1 16.0885 0
4 4 61.6233 2
1 5 96.3847 0
1 5 26.4748 4
1 2 91.8318 2
1 4 47.4201 3
2 3 67.6513 4
3 0 57.3713 1
0 2 14.0853 3
0 1 0.6542 1
4 1 -9.6795 2
2 2 97.6228 2
2 4 62.3179 3
3 1 19.9513 3
5 3 54.3717 3
5 5 -2.5348 0
3 1 90.1515 1
3 4 96.7748 2
2 1 -4.4009 3
0 1 -1.9242 2
5 5 67.9004 5
3 0 36.2234 4
2 1 91.3596 1
5 5 90.4743 2
3 0 -4.9312 5
2 2 94.5035 5
5 2 21.611 1
4 5 15.5676 1
4 3 81.9601 1
4 1 32.9279 1
4 2 78.3372 4
5 2 4.2054 3
2 2 79.9242 4
3 4 44.1671 0
0 1 60.8081 0
5 1 -5.8408 4
1 3 46.49 4
4 1 73.8814 5
1 2 49.9807 1
0 0 36.318 5
2 0 30.9379 1
0 0 20.2566 0
4 3 96.949 4
2 5 68.9916 4
1 5 91.2196 2
1 1 3.475 0
1 5 14.7329 2
4 1 88.2591 1
1 2 19.7036 4
4 2 22.3173 5
0 1 -4.5279 1
2 0 37.2857 1
0 1 -3.4975 2
1 5 71.9938 5
3 2 82.7777 2
2 4 49.1996 3
0 3 85.3999 2
2 1 66.6547 1
4 1 66.9335 2
5 5 93.395 4
2 0 44.5526 0
1 1 86.5255 3
2 2 64.7448 4
1 3 38.8034 3
4 0 10.3251 4
1 2 1.767 3
2 5 74.8315 5
1 4 -8.727 5
1 2 96.2681 3
2 1 18.1688 2
2 2 12.117 4
1 4 77.0892 1
5 3 25.6268 5
3 4 8.4432 2
0 1 33.1713 3
4 5 -5.4574 1
3 3 89.758 5
5 3 91.0051 5
5 5 24.881 0
3 4 -9.0108 0
4 0 -2.852 3
1 0 37.3471 1
1 2 1.4806 1
4 2 17.9754 1
0 0 87.36 5
2 3 53.9189 1
0 4 55.8126 0
1 1 90.8381 2
4 0 13.5544 2
4 5 57.8376 0
0 4 25.0676 4
2 1 -9.6304 1
3 4 46.5584 0
0 1 74.2395 1
5 0 44.0484 4
3 2 96.2518 0
3 0 95.8019 1
2 3 22.3764 2
2 0 10.4555 0
4 2 35.6433 4
3 0 0.8459 4
2 1 26.4869 3
0 4 12.2554 0
1 5 98.963 1
4 5 78.132 0
2 4 38.0487 5
2 3 83.4384 3
2 3 33.7418 1
5 3 38.6674 4
1 1 51.8915 4
3 4 92.272 4
1 0 60.2433 2
1 2 38.384 0
0 4 46.3419 0
4 0 18.1141 5
0 5 72.56 2
1 3 -5.9293 0
0 1 96.2615 1
3 3 -0.9301 3
3 1 -9.4072 4
1 4 46.3576 2
1 0 55.848 2
5 0 85.8944 2
1 3 -1.4521 0
4 2 46.8186 4
4 3 -0.0621 4
3 5 3.345 2
5 1 57.3116 2
5 0 59.5811 5
1 2 37.5387 2
5 3 38.5863 1
3 0 86.8636 0
5 0 85.9161 0
1 2 93.6497 2
4 2 -4.2038 3
2 4 19.0095 4
0 2 69.0551 5
1 5 70.1782 0
1 2 55.2125 5
4 4 19.571 3
0 0 74.0583 1
1 5 65.4645 4
0 3 83.2686 2
2 0 -7.8213 0
4 2 98.7065 1
3 2 97.4728 5
0 3 8.2515 2
0 5 28.9243 1
3 5 -6.88 1
2 3 64.2659 5
1 3 68.3287 0
0 1 87.9567 0
0 0 26.2966 4
0 0 5.7361 1
0 0 39.917 5
0 5 26.2431 4
1 5 65.4479 3
0 5 91.252 2
3 3 91.7098 5
2 4 -2.1948 3
0 5 51.8437 0
0 0 42.1933 4
2 4 22.9028 5
2 3 62.1029 3
5 0 51.0594 1
0 2 3.3725 2
0 0 18.6662 2
1 0 97.443 3
2 0 47.5651 3
4 5 40.4927 0
2 2 97.3672 4
4 5 20.4296 2
0 3 -9.1059 5
2 0 79.6945 4
0 5 17.5895 2
1 1 37.571 3
1 4 10.5629 0
0 0 91.789 3
0 5 2.4603 5
4 2 -5.6343 4
2 1 83.1935 4
3 0 19.4355 1
1 5 13.8543 2
3 2 91.531 5
2 5 -1.1757 4
0 1 24.0826 0
4 4 86.3719 1
0 1 39.4911 1
4 0 -9.3233 5
2 5 97.917 1
1 5 11.3502 2
0 3 80.2095 3
3 0 84.9885 4
1 5 84.8012 0
4 0 39.3566 5
2 0 28.7041 2
4 0 36.2373 3
5 4 3.9943 3
5 3 0.5769 0
0 2 66.2321 2
0 3 24.5617 1
2 0 57.9135 5
2 2 59.2938 2
2 5 74.3661 3
5 2 87.6163 4
0 2 13.1706 1
0 4 -6.6375 2
5 5 34.1797 0
1 0 60.6555 1
0 2 71.7147 1
0 1 55.8839 5
4 1 29.9656 4
3 1 38.048 3
3 2 78.1949 5
4 4 21.4366 0
2 5 66.2122 5
0 2 11.9019 5
3 5 58.3623 4
5 5 54.5043 3
4 0 21.592 1
2 1 16.4614 2
2 1 7.3494 2
5 4 -3.7525 1
4 1 25.0366 3
0 3 45.0978 2
2 1 61.8807 3
5 1 15.755 1
1 3 75.2202 4
5 3 9.8261 1
2 2 30.9292 2
4 1 36.5238 2
0 4 65.9338 4
5 2 47.5972 1
0 2 47.3849 0
5 0 0.6056 1
3 2 24.6786 5
5 4 68.685 0
1 4 54.5663 5
4 3 33.1679 3
0 4 5.0431 3
1 0 92.3812 4
4 2 69.019 3
3 5 88.1072 0
0 5 8.1245 5
4 4 35.4517 2
5 0 62.7963 5
2 4 58.6481 2
2 4 37.2359 2
1 0 89.2555 0
0 2 54.6035 3
5 4 -2.6944 1
4 5 89.2698 5
5 3 4.7496 4
1 1 21.2836 3
5 1 80.8421 2
4 4 99.3554 2
2 4 77.1345 2
2 3 68.7749 2
2 4 63.2675 5
1 4 52.9838 1
4 2 13.4991 1
5 4 0.2485 4
3 3 80.3241 0
5 4 4.8907 1
0 3 22.6072 4
0 1 11.8524 3
1 3 63.176 2
1 1 65.7095 0
4 1 92.8163 5
2 1 21.9157 5
1 4 82.8575 3
1 3 22.8278 5
5 4 21.8551 3
5 0 -9.2504 0
