3 1 35 1
0 2 3 4
0 1 98 2
1 3 9 4
3 1 66 3
4 4 87 4
4 2 32 4
2 1 66 0
4 0 56 2
5 4 64 4
1 2 -3 2
2 2 77 5
0 5 43 1
0 3 4 1
4 4 88 2
2 3 -2 5
2 5 56 0
2 3 75 3
5 5 62 1
1 1 74 0
3 4 16 0
3 5 61 4
3 1 57 2
3 4 3 1
0 5 78 1
0 0 90 3
4 3 -2 4
5 3 43 1
4 5 71 3
0 2 9 1
5 2 70 1
5 1 49 3
2 4 -3 5
0 0 47 5
5 1 25 4
4 4 92 3
1 5 30 2
5 2 69 2
1 0 43 5
0 5 86 0
3 4 66 4
3 0 -1 5
0 2 4 5
4 2 75 5
5 5 14 5
4 0 -5 1
0 0 86 0
3 0 62 2
1 3 -7 5
5 2 32 2
0 2 56 4
2 5 67 4
0 1 95 3
0 2 77 4
1 4 79 3
4 4 -6 1
0 2 57 3
5 3 30 0
1 4 34 0
1 1 6 0
4 0 40 3
2 0 94 0
4 4 6 0
5 0 8 4
5 2 94 4
3 1 -10 1
1 5 34 3
5 5 29 5
2 0 94 3
3 4 78 1
4 0 90 2
3 0 -5 0
3 0 45 0
1 5 94 2
0 3 46 3
2 1 65 1
5 0 89 4
2 5 51 4
2 4 2 3
2 4 57 2
1 0 71 0
5 4 71 5
0 1 -8 3
0 4 44 3
1 4 85 5
3 2 87 5
3 5 34 4
5 2 61 1
4 2 52 4
5 3 88 4
5 4 54 0
3 3 10 3
1 3 50 4
1 0 57 4
5 1 48 2
3 1 88 1
0 4 64 2
0 3 69 5
1 0 32 2
4 1 66 3
4 3 48 2
4 1 54 1
4 0 50 2
5 2 11 3
4 2 85 4
2 3 48 1
4 0 40 4
2 3 60 5
0 0 8 5
3 1 76 5
0 5 58 4
0 0 -5 2
5 3 47 4
4 5 70 0
2 2 -5 2
5 5 3 1
0 1 83 1
1 2 52 4
1 0 60 0
5 1 80 0
3 3 57 1
1 0 9 1
2 5 53 0
4 3 59 2
4 0 71 5
2 4 9 0
0 4 90 4
3 2 17 5
2 2 47 1
3 5 55 3
4 3 5 3
2 5 -5 1
0 5 48 2
1 0 61 1
5 5 48 4
1 0 23 0
1 1 87 4
3 0 76 2
1 0 14 3
1 0 29 3
5 4 84 4
3 1 8 0
3 0 93 3
3 1 91 2
3 2 29 0
4 1 74 4
5 5 31 5
2 5 35 5
1 0 16 4
1 0 31 0
1 4 16 0
4 4 30 2
4 4 -7 1
1 4 37 0
0 2 54 2
2 0 63 2
5 5 27 3
2 1 88 3
4 0 32 5
1 2 28 2
2 0 0 1
1 3 13 0
5 5 44 1
2 1 7 1
2 4 -8 2
3 4 79 1
0 0 81 4
1 4 7 5
4 5 57 5
0 4 3 0
5 3 26 3
2 5 3 4
4 5 74 1
0 5 6 1
2 5 88 0
4 0 10 4
1 1 95 4
3 4 86 1
0 2 79 4
2 4 7 0
2 5 43 3
2 3 48 4
0 0 66 3
0 2 -4 5
2 3 14 2
4 3 32 5
3 1 70 4
5 0 94 2
5 4 39 2
4 3 76 0
3 4 71 2
4 0 8 2
1 2 90 5
4 4 94 1
3 4 77 0
0 4 -2 1
5 0 70 4
1 1 10 4
1 5 31 2
1 2 -7 4
2 3 33 4
2 1 -6 1
4 3 31 5
0 1 90 4
5 5 24 3
0 3 36 4
4 1 37 2
1 4 22 3
1 0 71 2
4 3 40 5
0 3 33 1
5 2 54 1
5 1 70 2
2 3 89 2
1 4 -9 3
4 4 -8 2
2 4 90 4
2 2 0 0
3 0 27 2
0 5 4 3
1 5 99 4
1 3 29 2
0 0 -7 1
3 3 84 5
4 5 63 2
5 5 -7 0
0 2 51 2
0 4 -5 2
5 1 48 3
0 3 47 3
0 1 81 0
0 5 39 3
2 5 69 4
3 4 80 0
3 1 -4 1
5 2 51 0
2 5 27 3
1 2 43 4
5 5 -5 4
5 3 32 4
2 2 28 4
2 4 20 4
2 1 48 5
2 0 -1 0
1 1 9 0
2 4 -3 2
5 4 31 0
2 2 95 0
2 4 39 0
5 2 25 3
3 1 28 1
0 2 70 0
4 1 21 5
0 4 55 1
1 1 -6 1
0 1 7 2
4 2 72 3
1 4 39 1
5 0 -5 0
5 2 96 5
4 2 38 1
3 1 5 2
1 3 72 5
0 2 39 0
4 3 55 0
3 4 27 2
4 1 20 4
0 3 39 0
1 0 26 5
5 1 91 2
1 5 48 3
2 4 5 1
4 1 32 5
0 3 21 1
4 5 26 5
3 1 43 4
5 5 79 2
2 1 65 2
4 2 58 1
0 3 38 3
3 5 24 0
0 1 -6 3
2 0 65 0
2 5 96 4
1 3 19 3
3 2 42 5
5 5 73 5
1 4 -5 2
4 2 33 4
3 1 1 2
4 4 29 4
5 4 1 2
2 0 51 1
2 3 28 1
3 2 12 0
1 4 24 1
1 5 71 5
5 5 36 5
5 1 82 5
2 0 65 0
2 3 59 1
0 1 78 5
4 1 10 2
3 4 22 4
3 2 21 3
0 2 -4 5
5 4 70 2
0 0 14 4
3 2 59 4
1 2 63 5
1 0 42 5
3 3 46 1
5 1 10 2
3 5 91 4
4 0 95 4
2 2 70 2
0 1 46 4
3 3 66 1
5 2 92 0
0 0 -8 0
2 2 82 4
5 2 11 2
3 1 66 4
1 0 52 2
4 5 56 4
5 3 19 0
4 4 5 1
1 0 33 2
4 3 94 4
2 0 62 5
5 4 10 3
3 2 56 4
4 0 78 0
5 0 34 4
2 2 48 4
0 4 80 0
2 1 77 3
5 1 49 4
2 5 100 0
2 3 58 5
2 4 72 2
5 2 54 0
0 5 75 1
4 5 45 1
2 5 64 4
0 3 36 3
0 1 50 2
3 1 86 1
2 1 58 1
2 5 -1 3
3 3 28 3
2 5 82 5
0 1 82 4
4 0 67 0
1 5 66 2
3 1 78 2
0 4 18 1
5 2 15 0
0 0 -10 3
0 4 57 2
5 0 89 1
3 3 0 5
3 3 59 2
1 0 7 1
4 4 -4 2
3 5 99 3
0 0 -1 5
3 0 83 3
2 3 98 2
2 4 4 3
4 0 82 5
1 3 21 1
0 1 43 1
1 0 91 3
2 4 0 3
5 2 -8 5
0 3 24 3
1 2 43 2
3 5 9 1
5 3 59 1
2 1 18 2
4 3 3 5
3 0 43 1
3 4 25 4
2 5 99 5
0 1 37 4
1 1 21 1
0 3 -3 1
0 0 94 5
5 1 23 0
1 4 18 1
1 1 3 4
0 5 57 0
3 2 92 0
2 0 40 5
5 3 42 4
3 5 -9 1
3 1 69 2
2 0 29 0
2 3 19 3
5 1 90 5
5 0 96 2
1 1 46 1
0 5 27 4
2 1 28 1
2 4 43 0
2 3 -8 5
3 2 0 2
1 1 -10 5
0 0 99 1
0 0 23 4
0 1 52 0
5 0 10 5
0 2 51 2
0 2 47 0
2 2 8 3
3 0 72 0
5 5 51 2
0 0 72 4
0 2 44 1
2 3 10 4
1 2 75 5
0 4 60 1
1 3 87 4
4 2 57 2
2 5 57 4
4 1 16 4
1 5 -5 4
3 4 22 2
1 3 29 4
0 3 27 2
5 4 40 5
3 0 57 3
1 3 96 5
3 5 96 3
1 1 69 0
3 5 57 3
0 0 51 5
3 2 51 2
0 4 91 4
3 2 99 5
2 5 17 3
0 1 -10 0
2 0 85 1
1 0 58 1
3 2 38 1
0 0 41 2
0 1 65 1
5 2 30 3
1 1 41 3
2 5 10 0
5 0 51 2
4 1 50 4
2 3 63 2
0 5 19 2
0 5 40 2
2 5 44 3
1 3 95 2
5 2 99 1
5 2 92 2
5 4 37 5
1 1 100 0
3 1 8 3
1 5 75 3
4 1 62 5
1 2 98 0
1 5 55 2
5 2 43 2
1 1 6 5
0 1 84 3
4 5 2 3
5 4 18 1
1 5 52 4
4 3 68 4
3 3 65 5
0 0 90 2
5 5 99 5
1 0 3 3
5 0 52 4
2 1 91 2
0 0 60 2
2 3 36 0
1 1 61 3
0 1 32 5
1 5 27 3
1 5 25 5
1 4 42 1
0 5 62 4
4 2 -9 1
3 5 55 5
0 5 47 2
5 2 54 1
3 3 64 3
0 0 10 2
1 0 -7 4
3 2 10 0
0 3 84 4
4 2 71 5
2 0 74 0
1 1 88 1
2 5 47 0
0 5 68 0
4 0 -6 5
5 1 39 4
4 3 96 0
0 5 25 5
3 5 27 5
2 2 13 2
0 1 -10 4
5 4 81 1
0 2 42 1
4 3 56 5
1 4 21 1
4 4 -2 2
0 2 62 3
3 0 -6 1
5 5 86 0
4 3 6 3
1 2 93 2
1 0 61 1
2 4 35 5
5 0 79 2
1 5 2 3
4 3 51 5
5 5 46 2
0 5 93 0
3 3 60 3
5 2 37 4
5 0 43 0
2 0 75 3
4 2 64 5
3 5 88 1
3 1 42 0
0 2 42 1
4 5 76 0
5 5 37 3
4 2 84 0
0 5 66 2
0 1 -8 0
4 5 65 1
1 1 67 3
1 1 58 2
1 4 1 1
3 3 30 5
3 4 4 4
2 5 83 1
4 2 40 1
1 3 80 1
5 4 34 3
2 0 -9 2
3 0 25 2
0 3 25 1
2 2 71 4
3 5 69 5
1 5 41 2
2 5 96 4
0 3 56 1
3 4 -9 5
3 3 81 1
0 0 95 3
2 4 -4 2
1 2 68 1
4 1 30 5
4 3 57 1
1 0 82 5
4 0 41 0
1 5 71 2
5 4 2 2
1 2 19 2
5 0 13 0
3 2 78 5
4 1 82 2
0 4 99 2
5 2 85 0
2 0 73 5
4 0 88 0
4 0 94 0
0 5 25 4
5 3 74 5
2 3 0 3
3 2 47 2
0 0 89 1
1 3 41 2
3 0 15 2
2 3 18 5
5 2 91 2
5 0 95 0
4 3 6 4
0 2 55 3
0 5 81 3
3 3 41 0
1 1 0 4
0 0 6 1
1 0 47 1
5 5 65 2
3 3 97 3
5 2 63 1
1 3 33 1
1 5 2 1
5 3 -7 3
0 3 64 2
0 0 99 0
5 3 -6 1
5 4 77 5
4 0 18 2
3 0 -8 4
5 3 32 5
2 5 96 3
0 0 27 0
4 2 -6 5
2 1 -3 3
4 0 -7 5
1 1 65 5
5 4 5 5
5 0 -8 5
0 1 52 1
4 2 81 4
3 5 41 2
1 2 32 3
5 4 52 2
3 0 -5 2
5 3 12 2
1 4 40 3
5 4 37 5
4 0 37 2
0 3 57 5
0 2 19 5
5 4 67 1
5 4 37 4
1 4 6 1
4 0 25 3
5 1 99 3
0 4 67 0
2 0 62 5
3 0 80 3
5 3 78 5
3 2 1 4
5 4 51 4
0 5 45 5
1 5 92 0
0 2 59 2
1 4 83 4
0 1 38 5
2 5 99 1
2 0 -6 5
2 1 29 0
4 5 5 2
2 3 77 1
5 3 -5 5
5 3 64 2
5 4 83 5
5 3 85 5
1 5 24 3
0 3 36 2
2 3 55 5
1 3 99 1
2 1 97 1
2 2 21 3
4 5 45 5
1 0 7 5
4 3 46 5
2 1 37 4
3 4 83 5
0 4 6 5
0 2 27 2
1 4 61 5
4 0 51 2
2 2 62 5
4 1 71 3
0 5 40 1
1 4 4 0
4 0 39 3
1 1 -8 1
3 4 24 0
2 0 60 5
3 0 -2 4
1 2 68 5
3 1 50 1
1 2 9 5
4 2 44 1
2 4 -7 4
1 2 54 1
2 3 48 2
3 1 78 5
1 3 0 1
2 5 12 4
4 2 87 1
3 2 54 3
2 3 56 4
3 3 26 3
3 5 46 0
5 0 78 5
4 2 -9 3
0 1 60 3
0 5 66 5
0 4 21 1
0 0 51 5
5 4 71 1
0 3 4 4
3 4 81 0
4 0 45 5
2 2 -3 4
2 2 58 4
3 2 47 5
1 5 15 2
1 0 96 2
3 1 51 5
3 2 53 4
3 5 22 2
1 4 34 4
2 0 95 1
3 3 27 5
3 4 -4 2
5 4 52 2
5 3 55 1
4 4 51 3
3 0 83 3
1 5 -9 1
0 3 30 4
2 5 46 0
2 4 29 1
0 3 59 0
3 3 89 4
4 5 90 2
1 1 87 1
3 5 37 5
0 3 91 2
1 2 -2 2
4 4 15 1
3 5 44 0
4 2 78 0
5 4 56 5
1 4 100 0
5 4 55 1
1 2 74 3
5 2 52 2
0 3 -1 2
4 2 26 1
3 5 35 2
5 3 23 3
0 4 68 1
1 4 85 2
3 0 43 1
1 3 32 0
3 0 96 0
4 5 67 5
5 1 4 3
0 3 44 4
2 1 99 5
3 2 2 5
0 0 32 3
5 1 22 5
5 4 16 1
4 5 99 0
2 3 22 2
4 1 14 1
0 4 26 1
3 0 9 1
5 0 24 0
2 0 51 5
2 2 48 0
3 1 4 4
0 1 2 2
1 5 4 3
0 5 37 2
0 2 20 5
5 0 26 5
3 2 21 2
1 4 80 5
0 4 73 1
2 4 31 5
5 2 7 0
4 4 61 5
5 0 59 2
4 0 14 0
5 5 71 0
0 4 84 5
4 1 94 2
4 3 42 1
2 0 42 2
4 2 64 0
3 2 13 0
3 2 78 4
0 3 94 4
0 1 -5 0
0 1 40 4
5 3 67 0
1 3 35 3
1 0 99 0
5 1 0 1
2 1 87 1
0 1 65 2
2 0 -1 1
5 2 97 5
2 2 19 3
3 5 25 4
0 1 35 4
4 5 45 1
5 5 28 1
2 5 65 1
5 1 -9 0
0 4 36 1
4 2 86 3
1 5 13 3
4 3 50 4
5 3 93 3
2 2 10 4
0 3 23 2
0 4 21 3
0 1 -8 2
3 3 87 3
5 5 6 3
2 0 17 3
0 5 82 2
2 0 22 5
4 0 27 4
1 3 47 0
0 1 7 1
4 5 69 2
4 0 -1 4
3 0 91 1
1 0 25 2
1 4 92 4
3 2 61 2
0 3 72 0
2 4 100 1
0 1 60 5
4 3 4 4
1 0 74 5
1 1 85 3
2 0 39 4
4 0 29 4
3 4 10 3
3 4 60 2
1 2 -2 5
1 3 36 4
1 2 9 2
3 3 80 4
2 3 73 3
5 2 14 5
5 3 14 4
4 3 78 5
2 5 1 2
5 4 61 4
0 2 47 2
4 0 87 2
4 3 7 0
1 2 46 4
2 5 26 2
4 5 31 4
1 3 18 3
2 1 43 4
0 2 73 4
2 5 95 4
2 2 52 1
1 5 90 3
3 0 78 3
4 4 6 5
1 5 47 5
2 3 -1 1
2 5 74 2
4 4 65 1
5 1 64 4
5 0 20 3
4 5 100 1
3 1 95 4
3 4 12 5
1 5 35 3
1 1 9 5
4 1 83 5
1 4 6 2
3 5 45 5
2 2 41 3
5 0 68 0
1 2 62 5
3 1 71 1
3 2 60 0
0 4 16 4
4 1 63 2
5 4 53 2
0 0 100 1
4 4 69 1
3 5 88 0
2 3 84 1
3 4 17 1
1 1 -6 4
1 1 5 3
3 2 9 5
2 1 30 4
4 4 30 1
1 4 11 0
1 4 58 0
5 1 22 3
4 4 73 2
3 4 75 2
4 5 87 1
1 4 -10 1
5 4 94 1
0 3 -1 5
2 4 16 4
2 2 3 5
1 5 38 4
0 3 21 5
0 2 -5 3
4 1 -8 3
3 4 19 1
4 2 62 5
5 4 4 0
4 2 55 3
3 4 7 2
5 0 99 4
2 4 31 3
4 3 21 2
3 2 80 2
0 0 98 4
4 3 82 2
3 2 28 1
5 2 24 2
2 1 30 0
0 4 4 5
4 4 7 4
1 5 67 2
0 4 85 1
3 2 50 0
3 2 18 5
4 5 32 4
1 0 97 4
3 1 70 1
2 0 47 3
1 2 18 4
3 1 53 4
3 0 -6 3
5 2 10 3
3 5 37 2
4 5 39 0
2 4 62 5
4 1 61 0
1 3 1 0
0 1 65 0
2 5 48 5
2 3 -1 0
4 3 45 1
5 5 84 0
4 1 3 3
1 5 10 1
1 1 -7 1
0 5 71 3
0 2 73 3
1 2 12 0
0 0 99 0
0 5 83 3
2 3 18 0
5 0 84 3
0 2 6 2
4 1 4 5
5 4 -8 4
0 0 -1 2
4 3 88 5
4 2 66 4
3 4 48 2
5 0 26 1
1 3 88 1
2 3 16 1
2 5 24 0
3 3 99 1
3 0 54 1
1 2 63 2
4 5 26 3
4 0 80 0
4 1 75 0
5 0 97 3
5 3 27 2
3 3 -2 1
4 1 20 1
1 2 40 2
3 1 78 5
4 1 48 3
4 1 9 2
5 3 58 1
2 5 58 0
3 1 93 0
1 5 23 3
0 2 36 4
3 4 65 5
3 0 26 5
0 5 78 0
5 1 3 2
5 0 89 4
1 2 0 0
0 2 69 3
3 0 62 0
5 5 92 1
2 1 97 4
5 5 91 2
4 2 61 5
3 3 -4 5
4 0 98 3
0 1 15 2
2 1 11 2
4 3 58 2
