3 2 -4.7043 0
5 2 89.3184 3
3 0 83.7490 1
1 3 63.4585 1
2 4 55.2544 1
4 1 88.1533 3
2 1 10.3863 5
2 2 -1.3134 0
1 3 16.3461 3
2 5 77.4036 1
5 0 -6.1863 4
0 3 54.1088 2
3 3 99.4981 3
0 0 84.1266 3
4 2 47.3590 0
3 3 -2.9995 0
2 1 81.4511 3
4 0 55.8876 1
3 5 2.6426 2
5 4 0.3243 0
5 2 90.0590 1
5 0 63.6120 4
5 4 81.2215 0
2 4 86.6877 1
0 5 52.8950 1
3 3 46.9191 2
2 5 37.3470 2
5 3 24.8641 4
0 3 37.8056 1
4 0 75.1268 5
4 0 56.2116 1
4 2 88.1776 2
5 3 38.7718 5
4 4 56.7799 0
1 1 59.4438 0
3 2 55.0867 3
3 0 67.2897 2
5 5 16.1177 3
1 2 46.3600 5
2 2 1.4647 2
2 2 32.2962 4
4 2 43.6434 1
0 1 61.7447 4
2 5 94.5584 5
0 5 56.0716 2
3 5 71.7953 5
0 3 45.6893 1
3 4 59.7514 0
1 5 -2.1975 0
1 2 17.9831 5
5 2 29.8038 3
5 5 41.9743 2
4 5 -4.9786 2
2 2 5.4027 0
4 3 20.4496 4
3 0 96.8686 1
4 0 26.4482 4
0 5 43.0245 4
3 1 11.5707 5
5 5 57.1858 0
1 5 20.8752 0
5 0 12.7692 0
2 2 46.8230 5
3 5 -9.3944 3
3 2 -9.1570 4
0 2 14.0976 5
2 1 -5.9607 2
1 2 1.8828 1
3 0 27.2747 3
3 3 78.2844 2
0 3 52.9254 4
4 4 46.3934 0
1 5 22.2838 4
5 0 92.4929 5
2 2 33.6717 1
3 3 -0.4198 5
3 0 57.8773 3
5 3 2.5222 3
1 2 27.9745 1
4 3 45.8153 2
3 5 86.1645 2
1 5 44.2901 3
5 4 67.2485 3
0 4 99.2099 0
4 3 4.4638 2
2 0 20.2205 1
3 5 33.4034 2
1 0 36.4011 0
0 0 35.2123 5
2 3 89.8372 3
1 0 68.5436 3
1 5 56.8696 0
2 2 24.0310 1
0 4 80.6169 3
5 2 95.0567 4
0 0 80.3318 3
4 2 -9.8278 4
3 5 60.0042 0
2 5 -4.3751 0
5 0 18.3368 3
5 4 62.236 5
4 5 83.0515 0
3 3 53.4801 2
2 1 51.6301 3
3 4 12.8498 2
0 5 81.1965 2
5 4 49.2307 0
5 3 95.7303 0
5 2 11.4675 5
3 0 72.0742 0
0 4 16.5244 4
0 0 17.3482 4
1 4 98.3235 2
1 5 85.2754 2
0 1 69.5858 0
4 0 65.9093 2
4 0 84.1144 5
0 0 21.1748 0
1 2 13.3395 3
1 3 -2.3353 2
5 4 44.5808 3
3 1 90.6514 0
1 5 28.3547 5
4 3 52.5185 1
2 1 77.8327 0
5 0 58.9294 4
2 3 -0.0618 5
2 3 63.2225 0
5 2 84.6852 3
1 4 43.6078 1
2 2 76.8839 0
0 3 21.9195 3
5 4 -5.3154 1
4 1 41.869 1
3 0 84.0786 4
4 3 99.6445 5
3 3 -9.4845 1
2 1 47.3364 3
2 2 -2.4443 5
5 3 -1.5802 0
4 5 40.801 2
5 1 26.8238 5
2 3 81.1059 0
2 0 -5.8779 5
4 4 -9.8655 3
1 0 19.0465 3
3 1 36.4443 4
0 2 59.7136 5
2 3 2.7665 4
1 4 24.8687 1
0 4 35.2938 0
3 3 34.2345 5
5 4 58.9366 5
0 4 9.107 4
4 2 93.2333 4
3 2 85.8286 2
0 5 16.0842 2
4 5 88.2032 1
3 0 39.8864 1
0 5 96.4619 4
4 0 76.772 3
2 5 74.2233 0
1 2 94.1822 4
4 4 89.126 4
3 1 50.3214 3
5 5 29.5059 4
1 5 15.744 3
2 3 39.4458 2
0 1 68.9206 4
0 4 90.4459 2
1 4 80.8495 3
0 1 49.9446 3
1 2 19.0958 1
0 2 -2.5398 1
1 0 57.2334 5
5 2 39.5231 1
0 2 73.3758 0
0 0 67.8004 3
5 4 82.2752 2
0 4 13.6601 2
2 1 82.4208 5
0 0 58.3523 5
4 2 0.867 5
1 1 72.5718 4
3 0 54.612 5
4 3 6.6126 3
2 4 34.7561 1
1 2 -1.4059 3
2 1 10.4074 0
2 5 61.0255 1
1 3 0.9647 4
4 0 -6.1009 2
3 4 37.4783 5
3 1 -4.4713 0
1 4 33.9292 5
5 1 -3.83 1
0 0 55.4013 1
3 3 69.3586 0
4 2 11.6253 4
4 0 -8.9026 3
3 4 24.4287 0
0 3 16.7735 2
4 0 -7.1403 3
1 4 40.7627 1
0 5 39.6618 1
0 0 12.4613 3
4 0 71.7569 3
0 5 32.8832 1
1 0 -7.2553 2
2 5 75.0821 5
3 0 99.8673 0
4 1 50.1873 0
3 0 40.0267 2
1 3 -4.0827 1
1 2 22.2449 1
1 2 5.8647 5
3 0 5.8478 1
1 4 19.6866 0
1 5 90.5249 5
5 0 54.1675 2
5 3 77.762 3
1 3 57.8726 1
5 1 36.2733 5
2 2 0.3811 1
3 3 -1.3207 3
4 2 69.222 0
5 1 19.7383 2
5 2 54.2781 2
0 3 -5.9239 0
0 4 63.4156 2
4 4 91.4406 0
1 3 49.4542 3
5 2 70.5758 4
3 2 42.6866 3
4 5 36.3431 1
3 3 99.904 0
4 4 19.6158 3
2 0 46.2289 1
3 5 51.3239 0
4 0 52.9076 3
2 4 83.1008 1
0 3 23.0853 0
3 4 71.0675 4
1 3 56.8722 5
5 1 81.6966 2
1 2 49.4366 4
3 2 39.3952 0
4 1 2.8995 4
4 3 25.0417 3
1 1 68.5857 0
1 0 99.7658 1
5 5 44.0835 5
1 0 29.5208 2
0 1 73.7499 0
0 0 -8.0009 4
3 1 77.2607 5
5 3 39.8781 4
0 4 -9.4688 4
4 4 74.493 4
0 0 17.7335 3
0 0 53.761 0
3 4 72.8265 5
1 1 5.275 3
1 3 71.6381 4
5 4 93.9578 4
5 3 71.4014 4
0 3 -9.0203 5
2 2 49.7659 0
4 3 42.8032 2
3 1 -5.5306 0
4 4 46.6555 5
1 1 37.8018 0
5 1 94.8401 0
0 4 87.0619 2
0 5 56.4542 5
2 5 18.5052 4
1 4 95.9138 2
1 0 10.8024 2
5 0 -2.4745 1
2 1 20.5507 3
0 3 25.3817 4
4 4 17.5421 4
5 2 84.9553 3
3 1 68.7725 0
0 4 5.1743 5
5 0 79.1125 5
4 0 65.759 1
1 5 14.4741 3
4 2 96.4961 1
3 1 -6.2951 2
4 0 44.6569 5
2 1 41.4326 2
5 1 35.2744 1
1 2 99.532 0
0 2 -0.4091 4
0 4 94.546 4
5 2 1.7901 0
5 3 93.2095 5
1 5 97.2008 2
4 0 21.5551 3
0 0 -3.3085 4
1 1 -3.908 3
3 0 -4.084 1
4 1 47.4609 3
0 0 -0.1296 5
1 1 98.197 1
4 5 98.9226 5
3 0 28.5932 1
0 5 89.4894 4
5 2 -8.7319 5
3 3 72.6573 1
5 2 24.3262 5
0 2 62.0601 1
3 3 98.6333 5
2 3 80.7739 0
0 4 -0.3076 1
0 2 44.9143 5
5 1 96.0443 2
3 1 18.542 2
4 3 -0.8618 3
4 1 7.95 2
0 5 64.7328 3
5 1 33.3665 0
4 3 83.2034 5
3 2 92.5071 3
1 1 20.3668 0
4 3 87.2262 3
4 3 46.17 2
4 2 42.0635 0
5 1 53.5999 5
1 2 -8.3451 3
0 4 23.3639 4
3 2 97.091 1
1 2 85.0504 1
2 0 23.7962 3
5 3 50.2452 0
1 0 26.9906 5
3 2 56.5061 2
1 2 18.2456 1
0 3 62.5917 2
2 5 80.0196 0
0 5 68.1283 3
1 4 50.5474 4
1 3 17.3985 5
3 1 23.7395 2
5 4 76.7851 4
4 1 69.6417 4
4 2 54.5355 3
4 0 99.238 3
2 0 28.2048 0
0 0 9.9919 1
2 2 11.5681 5
2 0 78.2362 1
1 0 3.031 3
0 2 57.2431 4
3 0 80.6175 1
3 1 1.0528 5
5 4 32.3556 0
1 1 -3.127 5
1 0 55.4142 4
4 4 56.483 0
0 0 78.8347 0
0 1 22.7595 3
0 1 1.7632 5
3 5 0.8792 3
5 4 35.6435 5
0 5 73.3437 1
2 5 68.6818 0
5 4 18.4208 4
5 2 82.9941 5
3 4 26.1522 2
0 5 3.2528 1
3 2 14.5803 4
1 5 3.1318 3
1 4 48.1333 3
4 5 -9.6191 1
3 4 73.6498 5
1 3 2.3146 3
0 3 -6.9761 5
4 0 75.7117 3
1 1 88.3133 5
4 4 59.7118 3
2 3 43.9451 0
4 1 43.3681 1
0 3 86.6137 4
0 0 10.0267 2
4 0 64.111 5
4 2 76.2816 3
4 0 -8.3796 5
2 5 85.4939 1
1 1 86.3973 1
1 0 32.9773 0
3 4 63.5779 3
4 2 83.1608 2
3 5 41.9376 3
3 5 65.0903 0
3 4 65.9103 1
4 2 66.668 1
0 2 -3.9589 0
3 2 80.5797 3
0 0 42.8377 0
1 1 30.0377 5
4 2 88.2067 1
2 1 67.3098 5
0 4 49.2013 1
4 1 21.7414 2
4 0 14.243 0
2 0 71.2449 4
0 0 24.8032 1
0 1 1.1027 0
3 3 69.1665 5
4 3 66.8114 3
5 1 15.4197 4
2 1 24.0844 0
0 0 25.8437 0
2 3 36.2672 1
3 4 80.2289 4
3 0 25.2063 1
4 2 25.3047 0
1 4 74.7471 3
3 2 78.7898 1
1 4 30.9328 4
3 4 0.8309 2
2 1 31.4019 5
0 5 79.3308 3
1 1 70.7787 0
1 2 76.5445 3
5 2 74.8872 3
3 3 5.5481 2
0 3 1.192 3
1 0 80.9601 3
0 2 32.2701 2
5 3 48.4715 5
1 3 63.1037 0
1 0 43.5344 2
1 4 -8.246 1
3 2 80.3472 2
4 2 67.6246 5
1 3 -4.5208 4
1 2 18.5516 3
5 4 34.3109 1
3 1 51.0501 2
0 3 35.8281 2
1 0 38.9852 3
5 1 5.8199 0
5 1 93.7387 1
5 4 96.3585 3
3 3 66.0791 2
4 1 13.9677 4
3 5 45.4345 3
4 0 34.7081 5
5 0 77.7064 4
4 3 55.0454 1
1 0 66.3314 2
1 2 -9.3371 0
5 4 93.7949 4
1 3 12.0016 3
5 0 95.2692 2
4 3 37.1971 2
0 2 11.1037 5
5 2 35.2643 0
5 3 45.0211 3
3 5 27.2901 2
1 3 83.5592 4
5 0 16.5364 4
2 1 82.9586 3
1 3 72.4537 1
3 5 12.6866 0
5 1 9.2985 5
1 3 1.3616 0
3 2 61.6374 3
3 4 3.2761 3
0 3 8.082 2
1 4 87.1345 2
0 2 19.5025 4
3 4 50.8805 0
2 1 93.3997 3
4 0 12.8063 1
1 0 88.8338 5
3 4 77.4185 0
0 2 10.2823 3
2 3 81.1708 0
3 4 -7.2199 0
3 3 87.1892 0
1 0 34.0068 1
3 0 87.6989 5
0 0 22.0326 1
1 1 35.4596 3
1 2 90.8502 3
4 1 83.8093 3
1 4 20.6501 3
3 1 90.7468 0
4 1 95.3693 0
5 3 73.1855 2
2 0 7.1901 2
4 5 57.4023 4
2 0 66.8769 1
5 4 14.7353 3
5 1 99.0437 3
1 4 84.7297 1
4 0 80.4471 1
2 5 -4.7466 4
3 0 3.7983 3
5 3 39.7819 5
2 1 39.8979 1
4 5 23.4095 1
4 3 19.1252 5
5 4 31.0998 3
5 0 45.6232 4
3 2 79.7671 3
5 3 99.3089 3
0 1 -5.0946 0
5 5 91.4603 4
1 4 -4.8897 1
0 2 75.4292 2
1 4 -6.4168 2
4 4 90.5257 4
1 1 88.8627 2
1 1 12.6919 0
1 1 29.3273 0
1 2 89.6455 2
2 0 2.4874 5
1 2 21.2048 5
5 0 14.864 3
4 4 79.4475 4
2 5 76.1705 4
1 1 11.2023 1
2 1 33.3526 1
4 3 4.5489 4
0 2 52.0764 5
4 5 15.3541 1
2 2 -0.0488 4
0 3 75.8083 4
3 2 89.8441 4
4 4 4.7287 0
0 1 16.7 3
3 1 -1.7221 3
2 4 30.8865 1
0 0 32.2324 4
2 5 0.2197 1
3 2 58.4348 0
4 1 9.8893 3
0 5 15.1988 3
2 1 69.4802 1
3 2 42.0798 1
5 4 59.2511 3
2 3 1.3174 1
5 0 87.9392 3
0 3 78.9517 1
0 0 52.819 1
5 5 86.7295 2
2 1 19.753 1
1 5 1.6484 2
5 1 84.6066 2
0 2 0.3496 1
5 1 1.0404 5
0 2 16.1539 0
4 3 43.3626 4
3 5 5.3623 3
4 1 31.1798 5
2 1 6.8658 0
4 4 15.9894 2
5 5 25.347 4
0 4 9.8366 0
2 4 43.1413 0
3 3 59.7452 4
1 1 86.869 1
4 4 98.4795 3
2 0 29.3765 4
0 1 27.4323 5
4 5 21.882 3
2 0 87.1762 2
5 4 76.4171 2
5 4 48.3445 5
4 1 96.9927 2
5 3 68.1662 3
1 3 76.739 0
5 4 19.2738 3
1 5 54.2951 1
2 2 91.6376 5
2 5 31.0555 4
3 1 51.0994 1
1 2 -9.0515 0
4 1 28.7936 5
5 3 8.4803 2
3 1 50.7718 1
4 2 86.8893 5
0 0 83.619 1
1 1 91.4264 0
2 4 53.0737 4
0 0 56.6033 5
3 3 8.7265 5
3 0 4.7817 3
0 2 91.0417 2
0 4 29.7437 1
1 0 42.4935 2
5 0 -7.9361 1
4 0 -4.5108 0
4 1 17.0171 1
4 4 9.54 1
2 3 0.3011 4
1 3 83.7396 5
0 3 96.16 4
1 3 43.4439 0
2 3 20.9085 0
5 5 35.9784 0
3 3 85.7339 3
2 1 67.9583 5
2 0 -8.3802 2
1 3 9.0811 2
3 0 38.9162 3
5 1 84.3129 5
0 1 98.1343 1
3 0 -8.6326 4
2 2 68.3806 3
2 1 93.256 5
0 3 28.3863 2
0 5 11.629 1
3 3 62.4342 3
4 2 42.427 3
0 3 84.4518 1
2 4 22.1549 4
0 2 86.7999 0
3 2 84.4183 0
4 4 38.5518 0
3 4 57.7045 1
1 2 66.7067 0
1 2 51.6398 3
2 2 74.8645 0
3 1 14.0927 2
3 2 77.5744 4
3 4 18.1081 4
0 1 29.4829 2
4 2 71.9893 3
1 3 51.5353 0
2 5 41.4372 1
4 3 70.7336 2
0 5 -8.6703 0
4 2 14.985 2
5 2 42.988 2
1 0 32.9896 2
1 2 75.8253 4
0 0 53.9706 1
3 4 -1.4582 5
3 0 23.5197 5
5 3 71.0743 2
1 3 45.5708 4
2 2 13.3507 0
3 5 31.2694 4
3 5 95.9321 2
3 2 88.5707 3
1 5 86.4523 1
3 4 91.7078 0
2 5 22.6628 5
0 4 31.0044 4
5 4 52.8379 0
1 3 42.2916 5
1 4 82.7436 0
4 2 26.7974 5
3 5 82.5383 4
3 0 21.9062 1
2 3 72.8189 3
0 2 88.9368 1
5 1 38.8628 3
4 4 17.0212 0
3 3 60.9073 5
1 0 79.9166 3
5 0 50.2793 1
1 5 10.1751 3
3 4 60.661 0
4 0 74.8207 3
4 5 45.7773 2
1 4 73.592 5
4 0 32.5932 1
4 3 12.4785 5
1 5 46.6541 4
4 3 98.6153 0
5 2 77.8702 5
2 0 82.8227 5
2 4 5.1855 0
5 3 -3.5449 5
4 3 74.1494 0
4 3 65.1073 3
0 3 32.983 1
0 0 34.2441 1
4 5 88.5945 0
3 1 93.7856 4
4 1 74.3411 4
4 0 64.0194 4
4 1 43.9592 4
1 3 67.2671 1
1 3 -0.0519 5
0 4 36.5178 2
4 2 8.8777 4
2 1 -6.6772 5
5 4 48.9118 5
1 0 64.2029 1
2 2 65.5797 5
4 5 -7.8795 2
2 4 57.1545 3
3 0 99.3272 4
1 0 57.8623 4
3 1 -9.7809 2
4 4 7.8647 2
1 4 90.3709 5
2 5 76.4985 0
5 1 76.1091 5
5 5 -1.7121 5
4 0 35.5714 4
0 3 59.7419 5
2 5 14.3973 0
2 5 48.0474 0
0 3 61.5541 2
4 5 62.3987 5
4 0 26.1424 1
3 0 2.5881 0
4 1 35.3493 2
0 3 86.7819 1
0 4 59.2014 0
4 5 88.808 0
3 1 34.2322 4
1 4 94.0456 4
1 5 85.7131 2
2 4 25.8874 0
5 0 40.3408 4
4 5 53.7399 2
4 1 60.5745 3
5 2 -0.2301 3
4 0 36.5281 4
5 0 69.1156 3
0 1 77.979 3
3 1 -8.2888 0
4 1 82.4739 1
4 0 40.1918 5
1 3 11.408 2
2 2 14.0176 4
3 5 61.6057 5
2 2 99.8152 5
3 0 -1.0655 0
5 5 22.4759 5
5 1 22.8082 5
2 1 34.8604 0
4 0 93.2667 1
1 3 30.0655 0
1 4 90.042 4
3 3 80.521 5
0 1 57.1049 5
3 0 4.5045 2
1 3 25.007 5
2 0 28.7124 1
5 3 18.1426 0
5 4 79.6668 2
2 5 -8.2105 1
3 5 19.9175 4
4 1 3.0742 5
4 3 99.7885 1
4 2 20.409 5
3 3 6.7497 1
1 1 37.0676 3
3 3 56.4751 4
4 3 21.2074 0
1 2 53.9625 4
3 5 89.5587 1
5 0 94.6447 1
4 4 32.5647 1
3 4 58.1871 0
3 3 33.7971 3
4 4 34.9 1
2 3 57.13 4
4 5 80.3233 4
5 4 77.0238 5
4 1 13.687 4
5 3 85.1677 3
4 4 41.039 3
3 4 10.602 3
0 2 3.356 2
4 1 -4.6259 2
4 1 0.521 1
4 4 72.0639 4
0 1 99.0146 3
0 0 -9.5139 0
2 2 -4.5363 5
5 3 92.2941 1
4 5 72.1692 0
2 5 61.727 1
0 2 70.4198 4
0 1 23.0571 0
1 4 79.268 3
2 1 89.1247 4
3 1 -6.3511 4
4 3 60.887 5
3 2 7.5746 5
5 1 22.6537 0
2 4 96.6583 5
1 0 47.0449 1
2 1 -6.5922 3
3 3 56.9494 0
4 2 51.4569 4
3 1 90.6911 4
4 0 61.3938 2
3 4 4.4879 0
0 3 62.477 1
5 0 39.3427 3
3 0 93.0092 3
4 2 97.5988 1
5 5 60.6151 2
0 2 17.27 2
3 2 3.2568 1
2 1 96.0802 5
1 3 62.6524 2
3 0 -8.5994 3
3 3 11.6094 1
0 3 98.9637 2
0 1 36.0948 4
5 1 96.2598 1
5 2 81.6659 5
4 4 69.4457 4
1 4 43.2707 1
3 0 10.8865 5
1 2 83.6963 2
2 3 21.5272 4
0 2 44.2721 0
3 5 95.4646 3
1 1 24.6735 0
0 5 82.0635 3
2 0 75.5131 4
0 3 59.2862 5
4 2 -0.1189 5
1 5 8.3105 4
4 2 -1.3697 2
3 1 96.8761 0
4 0 51.4179 2
4 0 27.8744 4
5 0 70.1812 0
2 3 18.6629 5
4 3 63.5985 1
4 5 2.867 3
0 5 44.1087 3
0 0 21.3562 4
1 0 68.8507 2
2 0 49.3534 0
1 4 91.5431 5
4 1 9.6032 4
0 5 12.9907 3
3 1 74.3898 5
5 0 16.2402 2
4 4 33.9274 2
5 5 71.8117 5
3 4 49.4533 1
3 2 7.3193 5
2 0 96.7909 3
2 5 38.1062 4
1 1 69.4612 2
5 3 4.5366 0
1 4 98.3999 2
2 0 45.3451 4
0 3 43.612 4
5 4 51.4228 0
4 1 -5.4871 5
5 0 55.9434 4
0 4 82.3005 5
5 2 85.2218 0
0 1 64.8824 1
3 3 1.0286 2
4 2 50.8899 4
0 2 7.931 3
1 1 62.3954 0
4 5 34.3606 2
3 5 63.9459 1
1 0 24.4893 4
3 5 -9.2289 3
2 2 68.2285 2
3 5 66.8046 0
4 5 88.0884 1
5 1 -1.2079 0
2 3 72.0488 4
4 2 70.2114 4
2 3 86.4039 3
3 3 4.5498 3
1 1 25.9389 4
3 0 29.9632 0
1 5 32.2804 5
4 2 -8.1912 2
3 4 89.7938 0
1 3 46.863 0
2 0 33.2708 0
3 3 16.2577 0
2 0 4.2192 4
5 0 61.1677 3
2 0 58.6229 4
0 0 84.5539 4
0 4 3.0092 1
0 5 16.0983 0
1 2 4.8781 4
2 2 7.3888 1
3 2 52.5266 5
4 2 15.4392 0
4 5 80.6818 3
0 0 58.5609 4
3 0 4.6353 3
2 3 92.7889 5
2 2 79.2452 5
4 1 -5.1771 2
5 4 95.8909 2
5 2 91.8302 1
4 0 3.6791 0
5 4 3.2853 4
4 3 28.2647 2
4 1 21.1733 2
2 3 97.8386 1
1 4 77.3622 2
1 0 44.2656 3
0 2 66.9352 3
0 1 96.6458 3
0 3 82.4392 2
4 3 -6.6468 0
2 3 85.0062 1
3 3 -8.2361 1
2 0 30.257 2
0 0 31.1905 1
5 0 -2.5363 1
5 5 59.8289 0
3 3 78.986 2
3 0 28.1547 3
4 0 31.0762 1
2 2 -1.7441 1
4 2 23.835 4
2 0 68.0621 2
5 5 30.1904 0
5 2 66.3836 3
4 0 25.125 3
0 4 92.6933 0
5 4 60.0948 4
3 3 96.0866 2
5 3 53.881 3
2 3 87.3692 4
1 1 86.9217 5
4 3 19.0227 5
4 3 33.5587 0
2 5 41.5578 1
1 5 66.3471 3
5 0 49.6267 1
0 5 1.0288 1
1 0 56.3817 3
3 1 13.8715 1
5 5 56.4075 3
1 5 4.6588 4
3 2 18.4984 1
4 1 25.4376 1
3 3 31.3668 4
5 1 18.4116 3
3 1 58.4144 5
1 1 69.3023 2
5 1 -4.8592 1
5 1 -7.614 0
2 5 99.0733 0
3 4 10.7789 1
4 2 22.2669 1
2 3 62.5827 4
4 4 6.4286 4
0 5 43.1599 2
0 2 82.7015 5
2 1 88.6369 0
3 2 38.0059 5
4 4 -2.3616 4
1 0 -6.76 5
3 2 98.3149 1
5 1 10.2736 3
5 5 75.6991 1
3 3 41.4183 1
1 0 35.5584 5
4 5 95.61 3
3 2 70.3125 0
3 0 12.8069 2
0 1 31.6297 0
2 4 24.4511 4
4 2 4.8799 2
0 5 80.6501 5
3 5 22.7262 0
1 3 19.7274 5
5 3 42.0567 2
4 1 37.083 3
1 2 52.6092 0
3 1 -8.4827 0
1 5 34.5322 4
5 2 59.7722 3
2 3 70.1821 2
4 3 19.3992 4
3 5 54.4818 0
4 1 97.9034 5
4 5 43.2846 4
4 5 20.5576 4
0 2 55.8616 5
4 3 -6.218 5
4 2 79.5254 0
2 4 67.242 5
1 1 80.5901 3
2 1 4.0315 5
1 4 18.2986 3
0 1 1.0929 5
