2 3 94.5204 1
2 0 35.9933 1
2 2 72.7866 3
3 1 -0.8501 2
1 2 76.8142 0
0 5 35.4262 4
3 5 16.0046 4
3 0 -2.9877 5
3 1 0.9782 5
5 0 71.4609 2
5 4 1.5757 5
4 0 -8.4289 1
3 3 9.1104 4
4 3 38.9645 3
1 0 52.6044 3
3 1 72.5578 4
2 3 94.2046 4
4 1 57.011 4
0 1 49.2966 4
4 0 55.9309 0
4 4 32.7204 3
5 0 66.5101 0
4 0 44.0816 5
1 0 87.7189 5
4 2 39.1139 4
0 4 94.1965 0
2 5 25.2951 0
3 5 3.5262 2
3 3 44.3039 2
4 2 92.7114 0
2 3 59.1826 4
0 1 24.5749 5
1 3 11.2236 2
4 2 7.2925 4
2 5 81.1449 3
4 0 13.6116 5
5 4 84.5231 3
3 5 44.3386 5
5 1 0.9298 2
5 5 39.8563 3
0 0 7.2547 1
2 1 70.8216 4
4 5 57.3185 2
3 5 46.714 4
1 0 71.2498 3
2 1 39.2464 3
5 2 80.3766 5
1 1 95.709 0
0 3 75.0325 0
3 2 52.1593 3
0 2 15.125 4
2 1 6.1946 0
0 1 98.7946 4
2 5 7.0199 3
1 5 -5.8062 2
2 4 6.8649 2
5 1 61.2395 4
4 1 64.7893 5
2 1 22.6221 0
3 4 47.0095 1
1 3 87.6455 0
5 5 47.2235 1
1 5 0.4008 2
4 2 99.8321 5
1 5 95.1837 2
3 3 66.5944 2
3 5 97.6864 2
2 4 24.7735 0
5 3 54.9084 1
2 3 76.6942 0
0 4 72.0163 0
0 5 -1.3403 5
5 0 8.3943 3
2 5 78.9575 1
4 3 67.5962 3
3 1 57.9351 5
3 4 69.7303 0
1 5 90.0249 0
4 2 89.4467 5
2 0 27.7841 2
5 2 71.0221 1
4 4 82.9095 4
4 4 79.3394 4
1 4 -6.1812 5
1 5 47.6036 1
2 0 70.4059 1
4 0 33.4072 5
3 3 65.4495 4
3 3 61.5311 2
1 0 78.7875 2
2 2 45.3614 4
3 4 26.4637 4
3 1 83.5533 3
2 4 92.2771 2
5 3 84.7466 4
4 1 43.573 2
0 5 15.2624 2
0 1 52.9038 4
3 4 73.1087 4
2 4 42.2136 5
0 3 58.4892 3
5 4 3.505 2
2 1 29.5126 2
2 2 8.5933 4
1 1 25.1898 5
5 0 17.6575 2
5 1 9.8442 4
2 5 91.4079 0
4 0 44.4998 4
4 4 99.143 1
4 4 46.2587 1
2 0 60.2075 3
0 5 78.9277 0
3 4 14.6307 0
2 4 56.2708 1
5 4 44.3719 1
3 1 38.1275 4
1 5 75.9211 0
5 1 86.1263 3
4 2 30.9104 4
4 5 67.5451 0
1 1 77.2202 5
0 0 23.2206 5
3 3 60.4505 1
2 2 89.3474 5
1 5 59.0644 4
2 4 65.9825 4
5 1 61.8356 2
5 5 8.925 2
3 5 98.0208 2
2 2 43.1839 5
2 1 70.9489 2
4 5 47.8668 4
5 0 -1.1246 1
5 4 99.6701 5
2 1 42.3955 4
5 1 66.0214 0
0 0 75.0731 0
3 4 15.0082 0
0 1 72.3896 4
4 5 88.1862 1
0 5 7.3665 4
1 1 96.2977 2
0 0 19.2739 4
0 2 48.577 4
3 3 70.2589 2
1 3 95.437 4
0 0 64.8487 3
5 1 77.768 3
3 0 30.591 0
1 5 -7.2745 2
2 4 9.0877 1
3 1 16.3537 4
4 4 68.365 5
1 2 34.0018 5
3 1 47.7224 0
0 2 23.9218 4
1 2 10.0094 4
0 2 -2.7064 1
3 5 69.9683 4
3 1 94.2286 2
5 5 -4.6881 3
0 5 76.0903 1
1 5 42.7881 4
2 5 84.5867 4
2 4 36.9999 1
1 2 40.7968 3
0 5 42.443 3
4 3 32.0691 4
3 1 29.4213 3
2 0 43.9073 1
1 4 26.9489 4
0 5 -5.5612 4
2 1 83.5528 0
5 3 73.2819 3
0 2 90.5294 4
0 5 60.8882 2
5 3 6.8647 3
2 1 92.4105 2
2 3 99.3073 1
5 4 78.1053 4
3 4 81.3986 0
5 3 13.0245 5
4 2 17.7739 3
0 2 18.9105 0
5 0 41.0785 1
1 0 80.3212 5
0 2 32.5436 3
5 0 74.5483 1
0 5 20.6213 0
2 4 59.8045 0
1 0 47.1955 1
2 3 41.9588 4
2 3 5.4194 1
1 4 64.1796 3
3 4 -1.5624 0
2 4 93.6313 2
1 5 81.8386 0
4 5 98.0158 3
1 3 63.7731 3
0 5 28.2134 0
3 3 -3.925 4
4 4 81.0137 5
2 2 3.1469 1
4 2 -2.4189 2
2 1 64.9108 3
0 4 23.9507 4
1 3 78.2229 1
3 4 22.876 3
0 4 13.2821 5
3 5 67.8265 5
5 0 15.769 2
0 4 90.0097 0
0 4 53.779 3
5 3 92.7555 4
4 0 -7.172 4
3 2 29.9353 1
2 1 73.4228 5
1 4 56.6444 1
0 2 60.2439 1
2 4 82.7062 5
0 4 41.4615 4
4 1 90.6141 1
5 0 41.6052 0
0 3 4.0595 1
1 5 95.3885 1
1 3 90.0672 4
5 2 84.1476 1
3 2 -9.2655 4
2 1 96.0624 3
5 2 97.083 1
0 5 44.0105 1
5 0 80.4331 3
2 5 77.1055 5
5 5 -1.7447 0
5 5 56.7295 2
1 3 69.9638 4
5 2 7.3043 0
5 2 93.7842 4
3 1 99.2652 3
3 4 18.6444 3
1 5 47.0127 2
2 4 -4.1042 1
5 1 66.1714 4
5 5 -3.328 4
5 2 -0.1106 1
3 0 50.768 2
4 0 39.0241 1
1 1 86.5745 2
1 0 65.724 3
3 5 87.7181 0
4 4 8.6025 5
1 2 -4.6408 4
5 0 38.2945 5
0 3 -2.1781 5
1 3 88.8084 4
5 0 72.4394 5
5 0 82.6496 2
4 3 87.7955 5
0 0 66.9162 0
0 5 39.0049 2
0 0 -1.3211 1
4 2 36.3366 3
3 3 59.4353 3
5 1 97.8553 3
1 1 7.2526 1
4 3 63.2393 4
0 0 7.404 3
2 0 46.5227 5
2 3 22.6405 5
1 4 81.6373 4
0 3 76.9508 2
5 4 70.5709 3
3 1 -9.6197 5
0 3 65.2729 4
5 2 36.3428 0
3 3 63.902 5
5 0 32.776 2
2 3 63.0164 5
3 1 95.4699 0
4 4 47.271 3
3 1 18.8683 2
2 5 40.3941 5
2 5 97.9905 0
2 4 42.5165 5
5 5 60.336 3
1 1 6.956 0
3 0 33.3796 0
2 3 76.2234 0
4 4 67.2038 2
5 4 77.5233 1
0 4 93.6829 0
2 2 -6.2773 3
4 0 94.9657 2
1 3 23.3099 0
0 2 73.8987 3
5 1 94.6179 1
0 0 91.6021 1
2 0 -0.5326 3
0 5 35.1976 3
1 4 71.1052 1
2 5 66.8412 1
1 2 92.6816 2
4 2 52.1632 3
1 0 11.5421 2
3 0 52.9229 2
3 5 94.8076 5
3 5 -1.2908 0
3 0 -1.2919 1
0 5 49.0786 0
5 4 43.7264 3
4 3 67.7699 5
3 1 16.7019 5
5 0 -3.0157 4
5 0 75.8942 4
5 5 43.728 0
3 4 82.4856 5
1 1 52.9032 0
2 0 95.7923 4
0 5 -5.5449 1
4 1 40.6314 3
3 3 74.6976 5
5 4 -9.4539 0
2 2 28.3799 1
4 0 85.0355 5
4 2 -1.6241 4
4 5 61.3963 0
0 0 2.1427 2
0 3 54.7706 2
2 0 38.4508 0
2 5 43.9078 1
2 2 35.9535 1
1 4 7.1686 0
3 0 12.5491 1
2 0 56.6381 4
4 3 93.9241 1
3 5 17.4523 3
2 4 49.176 0
0 5 91.8363 2
3 4 65.4365 4
4 4 93.6399 1
1 0 5.6074 2
0 4 -6.7467 5
3 2 8.7279 4
0 0 2.9514 1
2 3 45.7589 5
0 2 14.4816 4
4 1 64.3774 4
2 4 40.469 5
2 2 81.1549 5
2 4 53.1989 1
0 1 -2.5439 0
1 0 24.2902 0
3 3 -8.8194 1
0 5 52.4219 0
1 0 49.011 1
1 5 -5.6345 4
2 1 77.13 5
4 1 99.4419 4
2 0 86.2057 3
0 1 15.6033 2
5 4 42.5215 3
3 0 40.521 2
0 0 61.3957 5
1 0 -1.4006 1
4 5 91.6918 0
4 3 10.211 4
0 0 78.7717 3
0 5 71.0915 3
1 1 90.8349 0
1 0 72.5201 5
5 1 89.5972 2
0 1 87.0356 4
5 3 39.6558 5
3 2 39.8166 2
3 0 99.0931 0
1 4 96.1327 0
5 0 50.7957 3
1 5 72.07 2
1 1 15.5529 5
4 4 33.2826 5
1 3 -1.7751 1
0 1 82.9285 1
5 0 77.4878 2
4 3 64.511 2
0 5 30.4931 4
5 2 3.8281 0
1 4 16.2491 1
1 2 40.0957 0
1 3 88.8086 4
3 5 87.2215 3
5 0 34.7757 5
3 3 24.1605 1
5 0 19.7248 2
1 4 12.4367 4
5 3 85.3982 5
2 3 39.405 4
4 5 34.3774 1
3 4 22.1991 3
5 3 18.2775 3
0 2 31.571 0
2 2 -7.5439 5
2 5 53.819 3
2 4 -3.5257 4
2 2 74.4999 5
3 1 47.3725 3
4 2 93.1734 3
2 4 76.7924 1
1 3 55.967 4
2 0 36.7279 3
4 2 -0.6063 5
0 0 60.6108 4
0 1 14.8681 0
2 0 92.319 4
5 4 67.6988 4
3 2 45.2004 0
0 3 1.4824 3
0 0 20.9544 2
1 4 87.7566 2
5 2 55.5805 1
0 1 23.9879 2
1 0 10.1637 3
0 0 63.8228 4
5 1 -2.2772 3
0 3 62.5683 1
5 2 -9.7685 2
0 5 28.6981 3
2 4 26.898 2
3 2 93.4891 4
3 0 92.3315 0
4 5 71.8105 2
1 3 57.1285 2
2 3 19.3969 2
3 0 -2.3522 3
2 5 74.5451 2
3 4 8.0357 5
3 2 70.8931 2
2 0 77.9718 1
3 5 11.5944 1
1 0 36.0849 2
1 2 33.2632 0
1 2 49.3926 5
1 5 13.2941 2
5 1 36.607 1
1 3 88.8805 3
4 0 4.5452 5
0 0 79.999 0
1 0 77.6148 1
4 1 9.8948 0
3 1 48.1534 1
2 0 16.4734 1
4 0 47.9944 2
0 3 0.2111 0
0 2 13.2595 1
5 3 85.7717 3
1 1 74.7071 1
5 3 79.5265 1
2 5 14.5087 2
1 3 84.1158 5
5 1 37.3515 2
1 3 60.2951 1
0 3 -7.5316 2
0 3 -1.0869 0
3 1 32.3373 3
0 1 86.0119 5
2 5 86.9512 0
0 3 73.3256 1
5 2 44.7315 4
0 4 56.5405 3
2 2 96.7333 0
0 4 20.4159 2
4 0 39.9919 3
4 4 80.4582 4
1 1 60.0453 1
4 5 43.5594 3
2 1 63.2103 2
5 2 63.0326 3
1 3 33.2178 0
2 3 -0.6364 4
4 4 70.1219 4
4 0 7.759 1
1 3 44.5236 0
2 0 68.0086 5
0 4 70.0775 2
1 1 18.4962 1
5 1 -1.7711 4
4 4 -0.9878 4
4 1 66.3609 0
3 2 19.0634 3
4 2 96.1061 3
2 1 -5.2935 3
4 3 45.0009 2
1 0 48.3607 1
0 5 15.0491 0
0 4 16.3388 4
4 5 90.0431 5
5 2 92.7608 4
0 0 24.3888 3
5 5 49.4559 1
4 2 65.7483 4
2 0 59.206 5
0 0 9.4785 2
5 0 -2.1811 5
0 2 38.134 1
0 3 58.2806 0
1 5 98.5815 5
3 0 29.6547 5
4 5 48.3308 2
4 1 -5.6878 5
5 4 37.3704 5
0 0 46.6121 2
3 3 13.5958 2
2 2 59.0656 4
2 4 53.8264 0
4 3 9.22 5
2 5 31.8077 2
3 4 21.898 5
2 0 18.5732 1
3 0 51.3381 2
4 2 20.8244 1
2 3 22.1264 1
4 4 32.3749 1
4 2 83.2313 5
0 3 80.519 2
0 0 95.8649 5
0 3 84.7653 5
5 4 29.137 4
4 0 16.4043 5
4 3 89.3502 0
1 2 97.975 5
2 5 85.9905 4
3 5 22.1177 3
1 0 74.124 5
3 2 46.0938 2
4 4 15.0225 4
0 1 80.4041 2
4 1 97.3308 0
5 2 37.895 0
4 5 90.1756 2
2 0 85.3474 5
5 2 12.9911 3
1 1 72.7131 5
2 5 1.1235 0
1 2 77.7042 0
3 5 77.9256 1
2 5 55.7271 1
2 1 16.9373 2
3 5 14.0104 0
3 3 49.9898 3
0 1 8.0888 3
1 3 59.1324 4
4 4 92.0409 5
3 3 -0.169 5
2 0 37.7259 4
4 3 15.9093 2
3 4 22.3471 0
2 2 42.0899 4
1 2 8.3461 2
1 4 -0.1249 2
2 4 18.8497 4
0 3 13.4018 4
0 5 4.4149 2
5 4 11.7358 0
2 5 15.3507 3
3 0 87.6912 3
1 4 -0.1198 0
5 0 -4.0707 2
1 1 91.7447 2
0 3 46.8276 2
3 4 89.3472 5
3 3 39.3957 5
3 1 55.9235 0
2 4 91.481 3
4 5 22.9402 2
5 2 85.5768 2
2 2 7.6399 0
2 0 2.0404 0
4 3 -5.724 4
3 2 99.4741 5
5 4 28.9846 1
1 5 81.1772 2
4 2 -7.5546 5
1 3 91.0123 3
0 5 49.9117 0
1 3 31.0226 2
5 4 57.9525 5
0 2 97.5671 3
4 3 80.4615 3
0 1 95.8375 4
4 3 65.7683 0
2 5 9.2838 1
4 1 -9.0072 5
0 5 39.8223 2
1 1 80.6924 0
2 2 11.9322 5
1 1 59.0286 1
3 3 70.3935 4
1 0 39.9919 4
1 2 85.3676 5
4 1 60.4494 3
0 2 77.3414 5
4 5 2.4063 1
0 0 48.6354 5
3 0 -2.1139 0
1 5 75.7747 0
0 0 55.3913 5
4 2 3.331 5
2 0 58.238 2
5 1 7.764 4
3 0 59.3011 4
2 0 96.775 2
3 1 10.0522 5
2 5 76.8163 0
3 2 54.7219 5
1 0 86.0239 4
1 4 3.526 5
0 3 77.3513 4
0 2 45.311 2
1 4 40.6631 2
1 1 8.0961 5
2 2 23.3863 4
2 2 98.1817 1
4 2 20.8201 1
5 5 73.7944 3
3 1 20.5276 2
5 3 66.8721 1
2 0 70.2285 2
1 0 15.0627 0
1 0 88.7381 0
0 4 66.1109 2
4 2 89.8929 3
5 3 95.0365 2
5 2 93.0941 3
0 2 86.3127 2
0 3 24.7748 4
3 0 36.5208 2
1 4 57.8316 2
4 4 95.0595 2
2 4 82.223 4
0 0 71.0248 4
2 4 57.1576 3
0 1 59.9126 0
1 0 20.0807 4
5 4 51.1564 5
2 5 39.8786 3
5 1 -7.3456 4
3 1 67.1936 3
5 3 30.8882 5
3 0 48.9134 3
3 2 9.7784 4
2 0 -9.8292 1
4 3 95.3076 1
0 5 78.1845 4
3 4 -8.2584 4
3 3 7.3859 2
2 0 17.6209 5
2 3 59.3546 3
1 1 -0.765 0
2 2 44.1645 4
2 3 83.2474 4
4 4 29.2337 4
0 0 48.3657 1
0 2 88.8224 0
4 1 37.8626 4
0 3 95.185 1
0 1 44.3259 3
0 4 69.0322 1
5 2 77.1096 4
5 4 14.2679 5
1 5 43.6904 2
3 0 51.4246 3
0 2 2.4217 4
4 1 1.89 5
5 1 63.5572 4
2 4 72.4151 3
5 2 14.7358 0
4 1 39.2077 0
5 0 -3.7432 3
3 5 29.7161 5
5 3 83.9599 3
5 3 9.8923 1
0 4 -2.3696 4
2 4 4.0167 2
1 5 95.9677 5
0 1 52.079 0
3 1 37.9078 5
4 4 67.6686 2
1 3 15.8338 3
0 5 78.8682 1
3 4 51.1826 3
2 3 64.271 5
0 5 93.8774 5
4 2 99.7021 4
4 2 82.2701 3
1 4 59.6127 4
3 2 96.3637 5
2 5 13.5621 4
4 0 26.8868 5
4 5 63.7837 1
0 1 7.5822 2
1 4 38.9417 5
2 1 86.7005 3
2 2 -9.9261 4
0 0 39.7361 2
0 5 30.951 4
4 1 10.5988 1
0 3 55.0755 4
1 4 16.1874 1
0 4 78.5857 5
1 1 66.3857 4
0 1 18.4111 0
5 3 47.1365 5
0 1 7.5167 4
5 1 35.9326 3
1 4 -7.388 2
0 3 35.1771 5
3 0 0.9116 2
3 5 42.3754 0
4 1 48.2309 0
2 1 4.6119 2
1 5 -4.0245 0
2 4 77.7975 2
5 2 6.7088 2
0 3 81.9543 4
4 5 3.8144 3
5 3 82.6444 2
2 5 40.6864 5
5 4 91.6442 0
4 5 41.2205 5
3 3 55.2446 3
1 3 46.8575 2
5 1 52.5834 5
5 0 55.2344 2
5 3 10.9688 4
4 3 15.9479 0
2 3 83.8942 0
2 0 45.3783 2
1 1 23.5576 3
1 4 -2.1841 1
5 3 -0.9399 2
2 5 47.1015 0
2 5 76.0587 3
2 2 67.0364 0
5 4 48.624 0
2 3 -8.2102 2
3 4 64.6351 2
1 5 8.9063 0
4 0 56.9471 4
1 4 7.0219 2
2 1 79.6394 2
5 1 43.3217 4
4 0 50.5113 5
4 2 28.2742 5
1 0 11.7613 1
2 3 37.6791 4
3 3 88.8657 2
4 4 25.7936 4
3 0 82.8524 2
5 2 47.6723 2
5 1 20.6795 1
5 4 79.973 1
1 3 58.3311 2
1 4 1.7593 3
4 5 35.6415 0
5 3 5.8701 4
4 2 20.7736 2
3 2 25.3825 1
5 2 55.7142 2
1 4 99.3466 4
4 1 84.4674 5
5 5 30.9192 5
0 1 18.0067 2
0 4 53.3498 5
0 2 65.9586 4
4 0 10.119 4
1 4 7.5728 3
1 2 4.3205 3
0 0 97.4352 2
4 3 15.4906 3
3 0 17.9655 5
5 1 88.5656 1
1 5 54.3474 1
0 2 45.4532 2
0 4 85.1108 3
5 0 -9.6215 3
3 3 52.6155 4
5 2 94.6731 2
4 0 68.4885 3
3 2 86.91 0
5 1 83.7027 5
0 2 24.2428 5
0 0 63.7345 0
2 1 -5.8989 0
0 0 72.5662 3
4 4 36.1227 5
2 5 16.9825 0
2 3 83.8391 5
4 0 44.2408 2
2 1 53.3818 0
4 1 65.191 3
0 3 15.9007 0
5 4 12.1766 5
4 5 42.3596 2
2 2 97.4511 0
3 1 67.7362 3
0 2 16.1404 3
0 4 82.2504 2
1 0 27.17 3
0 4 36.601 2
0 2 75.7859 4
1 4 91.1285 1
4 3 94.1351 2
5 3 55.7702 0
5 4 1.2246 3
1 4 31.1471 3
4 4 18.4446 1
4 5 60.5095 5
5 1 45.0274 2
3 5 65.7206 2
0 3 -1.3661 1
1 3 38.1461 5
4 0 8.6312 1
4 5 20.2804 5
4 0 35.5408 2
2 5 51.2135 0
2 5 79.981 5
5 2 84.5248 1
1 1 49.4388 2
5 4 -2.8143 4
4 0 88.4213 0
4 0 12.6936 5
1 1 75.9107 3
2 3 10.786 0
2 4 84.7932 5
4 4 2.5329 2
4 3 85.5971 1
1 3 52.6733 2
1 0 20.5172 3
0 0 -9.4841 4
5 0 70.2183 1
1 4 46.9461 4
3 1 75.3053 5
0 0 56.8184 5
1 1 51.4151 5
4 4 92.1581 1
2 5 24.7482 2
4 3 17.4489 3
5 0 -6.2717 3
2 5 6.3667 1
2 2 51.1537 3
4 0 16.1027 3
1 4 81.2373 3
2 4 6.9147 2
3 3 85.1107 1
0 3 57.0019 0
4 0 -8.8779 2
2 0 -6.9487 0
1 4 1.0872 2
0 5 29.8345 5
1 4 93.4424 0
5 3 48.7891 5
5 0 96.06 4
3 2 62.6392 3
0 1 81.3088 1
0 3 38.7922 2
1 2 23.6361 4
3 4 1.7218 3
2 1 70.2505 0
3 4 49.4414 1
0 2 93.1344 1
3 2 64.171 3
0 2 1.9741 3
4 2 97.7113 1
4 5 13.9941 3
2 3 86.8472 2
2 5 32.6294 3
0 2 64.4528 2
0 5 -8.6911 3
1 4 77.4708 1
4 3 22.6043 5
4 0 6.6925 0
2 2 -9.381 1
3 0 77.7743 4
5 0 61.41 5
5 0 95.3178 0
1 1 41.9247 1
2 3 51.8428 1
5 5 20.9124 1
5 5 79.947 2
1 3 49.4756 2
0 1 2.3312 3
3 0 22.5191 0
0 0 15.5622 2
1 0 7.7111 5
2 3 90.8106 1
5 2 35.0912 2
3 3 16.5083 0
4 1 50.1842 1
0 1 33.9281 1
1 4 -0.6712 1
0 5 48.5532 1
1 4 83.3117 4
1 0 -7.8175 4
0 0 35.3852 1
2 3 32.3561 1
4 4 34.1854 5
2 1 -4.1744 3
3 3 44.6257 5
1 3 56.8093 5
5 0 -4.3501 1
4 0 46.6541 5
1 1 21.4051 4
4 3 43.6468 3
2 4 93.5613 5
1 2 34.5708 2
5 1 -4.2263 5
2 0 1.1384 4
4 1 21.7572 2
4 3 15.3365 3
4 0 37.8737 2
4 3 -3.1116 2
4 0 18.0973 2
5 5 -9.978 0
3 4 37.4864 4
1 1 59.9644 2
0 4 30.1289 0
2 2 16.3326 3
2 4 7.8048 5
5 5 25.5098 1
5 0 3.8983 5
1 4 89.3927 3
4 1 80.3305 3
2 2 72.5897 0
1 0 29.3581 3
5 2 27.733 2
4 2 25.4162 3
3 5 83.2953 2
2 1 43.5859 4
4 1 46.0819 1
4 0 12.12 0
3 3 -7.1374 4
1 1 46.1359 5
0 1 84.4433 2
2 4 56.6582 4
0 0 79.6117 2
1 4 36.4305 4
5 2 -3.8443 1
3 2 51.0088 0
3 3 24.3355 3
4 5 5.1216 5
4 4 19.8239 4
4 4 74.1535 4
5 0 33.1573 1
5 3 52.5146 0
4 0 39.5845 4
4 3 49.088 5
0 5 55.648 1
2 4 13.1576 1
3 1 20.0321 1
1 0 67.5706 2
3 5 -6.4568 1
5 3 35.6051 5
0 0 67.8532 4
3 0 80.7627 4
1 3 -3.3432 3
5 2 62.9655 1
3 5 71.724 1
2 3 42.3539 2
4 5 83.0217 2
5 0 82.5954 4
1 5 5.0068 4
4 2 14.6829 1
3 1 77.465 3
3 4 69.4749 4
2 4 61.7578 5
4 4 91.4803 5
1 4 18.0145 0
1 3 54.6494 1
2 4 41.9005 5
2 0 47.8924 4
1 2 -9.2381 2
5 2 32.0306 0
1 4 79.9993 1
0 0 87.9429 3
2 1 52.6521 0
3 2 42.5087 2
0 1 80.0852 1
0 4 11.8917 3
0 2 61.7609 1
1 4 39.6802 1
1 5 34.7991 5
1 4 95.606 5
5 2 92.7651 2
4 4 74.0294 0
3 5 -5.1961 5
1 4 33.5784 4
1 5 90.5994 5
2 4 -1.1481 1
4 2 50.0699 4
3 4 20.0197 5
