1 5 57.6558 0
2 1 14.4773 2
4 1 64.9344 4
4 1 75.473 4
4 4 41.2531 3
0 0 65.1547 0
3 3 58.1291 3
3 5 14.9124 1
1 3 65.6401 0
2 1 -8.7548 4
1 4 81.1178 5
4 1 -5.5076 3
5 2 95.0345 1
0 2 1.4228 1
1 2 37.1367 1
1 1 29.7637 5
1 2 6.1454 3
0 1 -3.7341 2
2 1 96.7565 5
0 2 32.1134 4
4 1 9.2717 1
1 4 22.5126 2
1 4 18.5843 3
5 5 71.8539 0
4 4 6.9232 4
4 4 70.5212 5
4 2 14.8553 5
5 3 70.8058 2
4 5 61.8589 1
5 3 58.5149 3
2 1 24.3068 5
2 4 44.7192 3
5 2 40.8224 1
1 3 26.093 2
0 1 56.3232 4
2 0 -5.3294 0
5 1 76.2822 3
0 0 -7.0818 3
2 4 44.3569 5
0 0 7.6375 0
2 1 -4.0142 1
3 1 6.371 1
2 0 68.8123 2
0 2 74.8637 1
0 0 85.7108 2
1 0 47.6239 0
1 3 20.4805 5
1 0 77.602 2
5 5 97.3413 5
1 0 -2.6696 3
2 1 69.1055 4
0 4 54.2617 3
3 3 16.1089 4
3 4 44.3904 4
4 5 3.9306 4
3 3 99.6227 2
1 2 13.361 1
2 2 31.6954 2
4 4 71.9826 3
1 2 52.0508 1
4 5 78.6965 2
0 1 -9.1136 5
3 1 44.9549 0
0 0 84.1901 4
1 1 23.3122 0
2 5 79.1294 0
0 2 46.4673 2
2 5 58.7518 2
0 3 62.3177 1
5 2 2.0071 3
1 4 35.8288 2
5 3 23.5981 5
5 1 69.8496 1
4 2 9.6494 4
5 2 87.1209 0
5 3 14.9821 4
4 2 9.5165 0
2 1 49.8399 4
3 4 78.873 3
5 3 7.6272 0
3 4 75.3756 5
5 5 5.8102 1
3 1 0.8921 1
1 4 61.1703 1
2 5 62.9157 5
3 2 33.3063 1
4 1 90.4423 2
0 2 93.8157 3
3 3 -5.0489 3
0 5 27.7725 1
1 1 96.3698 5
3 2 48.7558 2
4 1 13.672 3
0 1 22.0807 1
4 3 53.8837 3
5 3 32.7152 4
1 1 15.8304 4
3 3 36.5448 4
3 4 56.3622 5
3 1 83.7462 4
5 2 -4.2156 5
4 5 76.1346 2
2 1 55.222 4
4 4 -7.1834 3
2 4 59.9549 4
2 5 6.2427 3
3 4 64.3818 0
4 4 28.9553 0
0 4 79.476 3
1 5 28.7812 1
3 4 41.3679 1
3 3 95.0605 2
1 0 67.2262 3
3 2 -1.0024 3
3 3 5.1067 0
2 3 98.2969 3
0 4 31.446 0
4 1 42.4765 1
1 4 15.4686 2
4 3 27.9101 5
2 2 -5.5433 1
4 4 31.8135 2
1 0 41.2444 1
5 5 46.4466 1
5 0 92.3486 5
2 0 92.4155 1
5 1 32.173 5
1 3 7.0339 3
3 2 70.7318 0
4 0 13.1715 5
3 5 0.1845 4
5 2 82.3276 0
2 5 79.7126 0
2 3 63.1168 3
5 1 3.4626 2
3 4 74.9012 0
5 3 55.7586 1
4 1 11.2111 0
5 2 13.7074 4
0 5 89.525 0
5 1 38.5973 0
0 2 1.7805 2
3 0 60.2029 1
0 4 73.9897 1
1 2 48.9917 2
5 0 90.3578 3
4 0 53.2792 1
3 1 27.8048 0
4 2 22.3164 1
0 1 -5.9781 4
2 2 26.0 3
2 4 33.2982 2
4 2 95.9679 1
5 5 36.1839 2
0 4 20.2528 3
2 3 35.2668 2
5 5 24.2696 4
0 5 65.2377 5
4 2 36.8321 4
3 0 49.6596 1
5 1 48.8155 4
4 3 57.232 2
1 2 27.8869 4
4 5 20.5856 5
5 4 46.3419 2
0 3 47.5592 0
3 3 92.2125 4
3 3 37.4188 2
4 0 55.3245 5
2 4 71.3666 1
1 5 23.7776 4
3 2 34.5581 2
5 1 24.0258 2
3 5 70.5831 3
2 1 35.5447 5
3 0 83.0641 2
2 2 74.802 1
4 3 50.3097 1
4 4 94.1195 1
1 1 72.8851 5
5 1 40.7502 0
5 0 62.9531 3
3 2 95.1126 1
2 1 65.488 1
0 1 44.6926 4
3 3 1.7048 2
5 2 -4.5968 1
4 0 12.9996 2
2 2 -0.6136 1
1 5 42.1519 1
5 5 7.8849 1
1 4 21.306 1
0 5 40.0873 0
3 4 13.52 4
3 2 46.7213 3
0 4 73.9277 2
3 4 57.4154 2
5 5 9.98 0
0 5 18.254 1
1 3 43.0087 3
1 1 12.0887 5
1 3 60.2516 3
1 2 25.1216 3
1 5 -5.3431 3
2 3 47.5362 0
0 1 9.2349 4
0 5 79.3363 0
0 3 72.3525 0
4 3 91.7222 2
2 3 59.9678 1
0 4 12.6856 2
0 2 91.2864 2
4 1 36.3921 4
0 2 89.2023 4
2 2 89.1685 1
1 2 4.1998 5
4 4 59.1406 3
1 4 50.5814 2
2 1 12.8119 2
3 5 81.8083 3
0 1 46.3934 5
1 2 -1.8258 5
2 2 87.6673 4
5 5 75.6763 0
5 0 18.1956 0
2 5 50.2425 4
0 1 52.8651 4
1 5 72.5923 2
3 1 16.3607 5
1 3 -8.2004 5
2 0 60.7357 4
3 5 41.7694 3
2 5 48.548 4
3 2 55.93 4
1 0 99.4749 5
4 3 29.9293 4
4 5 9.4915 3
0 5 87.7149 5
5 1 17.7401 0
1 4 54.8743 5
4 5 52.89 4
2 4 92.7895 1
4 1 7.9482 1
2 2 43.9867 4
2 5 82.1302 2
2 1 4.3374 2
5 1 68.9075 2
2 5 -1.4158 4
5 1 43.4736 1
4 0 8.2143 5
4 0 55.865 3
5 3 3.7038 1
5 4 44.0708 1
0 5 56.6428 3
5 0 75.2746 2
0 0 25.2733 5
4 1 31.7544 3
5 4 60.4236 4
5 3 7.2013 0
4 3 4.4812 5
1 2 95.4293 3
2 2 81.0759 2
4 3 82.7126 5
5 3 6.0837 3
3 1 42.9813 1
3 4 32.562 1
1 4 48.1308 5
2 0 -4.5619 4
4 5 78.5893 1
3 4 66.6691 1
2 0 75.9781 5
4 4 12.6255 3
2 2 1.1923 4
4 2 58.4299 0
0 1 57.5038 2
5 0 51.4997 2
5 5 88.2586 5
5 2 39.6031 3
2 2 16.6164 2
5 2 24.486 1
3 3 77.8403 4
4 3 58.5541 4
2 2 30.2343 2
4 1 80.5911 1
3 3 51.182 3
0 0 38.3184 2
4 2 82.0584 4
3 4 39.1534 2
1 0 19.5824 1
3 1 40.0988 5
2 1 74.9705 2
4 0 -9.3167 1
4 1 27.4563 0
2 2 92.7683 3
0 2 98.0992 5
0 0 58.5211 3
1 0 95.65 3
2 1 43.9035 0
2 3 23.0966 2
1 3 55.1039 2
1 1 30.8214 5
3 5 5.9473 1
1 4 4.2162 0
3 1 11.8272 1
4 4 60.2458 0
0 1 21.2888 5
5 4 48.8384 5
0 0 15.1599 0
3 5 55.1073 3
2 3 79.5105 1
5 0 85.3804 0
2 0 89.7761 5
2 2 59.5736 5
2 3 96.5328 0
3 2 8.5656 1
5 1 41.7872 1
0 1 94.8432 1
1 2 32.8894 0
2 5 11.2356 2
2 4 34.2437 1
0 3 71.8666 3
1 0 34.4913 5
1 5 44.5622 3
3 1 32.8092 3
5 5 67.4969 5
2 4 20.6934 2
5 0 16.2922 5
2 3 85.3545 4
1 1 55.4364 4
5 1 29.0759 0
5 3 42.2064 4
5 3 94.601 3
3 3 10.5849 2
4 5 -5.3583 4
4 2 61.4394 5
0 0 -2.5461 0
2 1 16.4995 5
4 4 -3.2833 5
0 1 19.0071 1
0 0 13.9846 1
5 5 -1.8873 1
3 5 47.5036 0
3 2 7.8495 3
4 5 33.9553 0
5 5 58.7665 5
2 5 12.0017 4
1 5 71.112 2
5 0 91.2189 5
0 0 14.4576 5
5 3 -9.5325 4
2 1 54.8963 3
0 1 18.845 2
5 5 48.9688 3
0 4 89.9366 5
1 2 50.9634 4
5 5 34.7962 4
0 1 -5.582 2
5 1 68.6177 2
1 3 40.4745 2
4 4 79.2679 2
0 5 -8.4056 2
4 5 4.1556 1
1 1 -6.5287 0
1 5 56.6178 2
5 1 37.0234 2
5 3 5.1259 3
2 1 -2.309 0
1 5 87.1208 1
0 2 76.2725 3
3 5 50.8875 1
1 1 82.1262 5
1 0 85.1193 3
0 3 -1.0414 5
0 1 59.7361 4
2 4 -7.7471 4
1 1 29.8635 4
5 4 91.6339 2
2 4 93.9715 1
4 5 36.3326 5
0 1 65.4699 5
1 3 45.2628 4
2 2 64.2819 5
1 5 15.868 1
4 5 25.2967 1
2 3 44.9346 0
0 4 19.3167 5
1 5 -2.848 1
4 5 24.5505 5
4 3 31.4624 3
3 5 71.5387 4
3 4 49.2853 2
3 0 90.8533 4
4 1 22.0089 3
3 5 95.1854 4
3 5 -0.974 2
1 2 79.6583 4
0 4 67.401 4
5 1 39.4118 1
5 0 67.4956 4
5 4 35.4998 0
0 4 -2.8446 2
5 2 80.0191 0
4 0 82.8258 0
5 1 76.6569 4
1 0 94.507 3
0 5 46.9451 1
5 5 36.3324 2
2 4 81.2219 0
4 1 9.9998 2
3 1 94.3917 5
1 4 35.4405 1
1 2 40.1768 0
0 4 -4.463 4
5 4 94.4478 1
2 0 18.2028 5
5 1 32.2225 3
2 4 12.1992 0
5 2 93.9782 3
2 0 94.3445 0
5 5 50.373 0
5 5 -4.0325 2
1 3 88.9003 0
4 1 6.9854 2
1 2 81.9501 0
0 3 29.8978 1
3 1 75.9361 2
3 0 96.1955 2
5 2 14.3998 2
0 1 47.4962 3
3 5 2.6369 5
4 5 35.2261 5
5 5 3.5931 1
1 0 95.1552 5
2 4 76.7795 2
1 3 4.9368 1
0 0 1.8824 2
5 2 44.794 3
1 3 77.9883 2
0 3 45.7085 2
0 5 4.6569 0
1 0 97.1151 1
5 3 40.9963 5
3 3 90.3552 4
5 1 57.4439 0
0 4 87.6233 2
0 0 46.6793 0
0 0 63.9611 4
4 3 47.1944 0
2 0 -9.3551 2
4 0 55.136 1
0 0 6.3577 1
5 5 97.9731 5
1 2 64.5151 4
2 0 30.1058 4
0 3 62.3142 5
2 4 38.6202 2
3 3 57.1205 1
1 1 45.022 2
0 1 35.5266 1
5 4 17.9898 4
0 4 59.2985 3
5 3 26.6414 1
0 5 78.4895 5
5 2 21.399 5
3 1 90.953 2
1 2 12.3931 2
2 5 0.1146 3
4 4 58.7365 4
1 4 84.7952 3
5 3 57.2486 4
2 1 31.1604 0
2 2 89.9419 1
0 3 9.437 3
5 2 65.15 2
0 5 5.8306 5
4 1 50.6831 5
4 1 73.0611 2
2 5 -2.2263 1
1 1 61.33 3
2 3 45.6155 1
4 2 45.0384 0
4 4 72.0033 0
1 4 88.3578 1
5 5 24.052 0
2 2 65.5989 3
0 0 84.139 4
1 4 76.0231 5
1 4 45.7215 0
4 0 57.1942 4
4 0 94.5101 2
3 3 69.8852 2
4 0 59.8464 0
5 2 8.1765 0
1 4 81.7444 2
2 2 -5.0425 2
5 3 69.683 2
1 3 93.7083 2
0 1 79.6304 3
2 2 66.7595 4
5 2 99.9341 1
0 4 18.5227 4
5 0 83.8264 3
3 3 84.5528 5
2 3 -7.8716 5
1 2 4.2153 3
4 1 11.4724 1
2 2 37.7752 5
5 5 -2.9069 1
0 4 19.2866 3
5 4 88.8816 3
3 5 47.4686 4
2 3 54.8273 3
3 2 0.1544 3
1 0 96.5401 4
2 4 -2.0295 5
3 5 76.2644 3
3 3 94.2627 2
2 5 96.6946 4
2 5 90.8857 4
5 4 79.5527 1
3 1 70.4231 5
0 4 65.5791 5
5 5 0.5653 4
0 4 -1.9949 4
4 4 93.8477 4
0 3 4.32 3
1 5 33.4232 2
1 4 71.3356 2
2 3 17.422 0
3 2 15.3305 0
3 5 44.2115 2
1 3 96.4784 2
1 1 -0.8669 0
4 2 99.267 5
3 2 69.7709 2
2 2 -3.9445 2
1 5 38.4649 5
0 5 95.9204 0
5 1 81.8656 0
3 4 94.5762 0
4 0 71.9327 2
3 5 4.6766 2
4 0 86.5313 0
0 4 93.8055 5
3 2 -7.6245 3
4 4 5.5095 4
3 2 13.2042 4
4 0 50.7394 1
0 2 15.1889 1
3 5 -2.7816 0
1 0 42.2771 3
1 5 -8.8554 2
0 3 10.5702 3
3 0 58.8624 3
5 4 98.6978 5
0 5 -1.051 2
2 5 90.6217 0
4 4 76.6565 2
5 3 32.9186 5
2 3 95.6957 5
3 1 -9.254 2
3 3 62.8317 5
3 2 87.9532 5
4 3 47.1554 1
4 5 25.0877 3
0 1 48.2965 3
4 4 38.3963 4
3 1 94.7401 4
0 2 40.0804 3
5 0 61.4595 4
0 2 6.4207 4
1 5 19.494 2
1 0 23.1548 3
5 4 57.9757 0
3 3 16.1342 4
0 0 54.8976 5
0 4 83.4171 3
2 3 96.62 3
0 5 18.2473 0
0 2 73.9161 5
3 4 45.0132 5
3 0 89.3149 3
2 0 38.3488 3
2 3 97.6139 4
2 1 77.2454 1
1 0 91.6605 5
1 5 -2.2219 0
2 4 87.7007 3
5 5 72.831 1
0 0 12.6343 4
3 2 77.7936 4
1 2 -8.6218 0
1 0 84.31 5
1 4 89.4341 1
3 2 52.1188 0
5 4 13.7444 1
1 5 84.3546 2
5 3 -4.8137 5
1 0 4.6479 5
2 4 88.6491 2
4 1 54.9581 3
4 4 81.7894 2
3 0 6.9043 0
4 2 29.1614 5
0 5 43.2807 2
5 1 -9.7 1
2 5 82.0457 1
3 4 12.7602 5
2 1 35.1111 5
5 5 14.7066 2
1 2 37.186 1
0 4 83.6829 1
2 4 84.7875 0
1 3 70.3921 4
0 4 25.7042 0
3 2 -6.2436 4
5 3 91.9034 3
5 4 3.1229 4
2 4 52.704 3
2 3 30.0671 1
2 4 -0.5344 2
4 3 75.2184 4
3 3 51.022 5
1 4 4.01 0
1 5 10.8933 1
5 0 -5.0614 4
3 2 86.0856 2
2 2 6.812 3
1 3 95.9647 3
0 3 90.5311 0
1 4 61.108 1
3 1 24.1587 4
4 3 96.1772 2
0 2 81.1704 5
5 1 24.6543 2
1 4 -3.5912 2
5 0 10.5243 3
4 4 8.8601 5
5 0 77.5224 1
2 4 59.9038 0
4 5 52.398 4
0 4 52.0137 5
3 1 47.7614 4
0 2 25.7926 0
5 5 53.7948 5
2 0 70.2218 0
0 2 57.0225 3
5 1 6.1067 3
0 0 87.1017 1
0 4 75.1863 5
3 1 15.7069 2
2 4 20.7736 4
3 2 54.8522 1
1 5 59.894 4
2 1 56.9211 4
1 2 63.2957 4
0 2 -2.1563 2
4 0 61.3896 2
2 4 56.4817 2
4 2 87.8053 5
3 0 4.9667 2
4 5 42.459 5
4 2 10.8438 1
3 1 94.8774 2
5 1 87.0276 4
3 2 -4.6881 3
2 0 42.806 2
2 3 4.8295 5
4 2 7.9715 5
0 2 46.4433 0
2 3 42.9701 4
5 1 12.7286 5
5 2 94.2655 1
2 2 -0.8761 2
3 0 50.9904 4
5 0 47.7918 3
3 5 9.2041 4
0 1 92.7886 5
5 2 55.3135 4
2 3 78.7449 0
5 2 -5.0695 4
5 1 13.0637 0
4 5 37.691 1
4 4 32.6099 3
4 1 37.912 4
0 0 58.5704 2
1 5 85.5269 1
0 5 -1.4353 1
5 5 91.4175 5
5 3 21.0843 5
2 1 53.0178 5
0 2 13.819 4
1 3 64.5944 3
4 0 81.1003 2
5 4 95.4504 3
1 3 36.2025 0
1 0 32.6223 3
5 5 28.9788 5
0 1 54.8907 2
2 5 -9.9288 4
1 2 48.6871 3
3 4 43.7985 2
3 0 28.7674 2
4 5 -5.9622 0
5 2 98.0426 5
2 4 22.9286 5
2 1 14.3217 4
2 0 76.7698 3
2 5 9.5178 3
0 4 -6.9899 3
3 1 53.601 3
2 2 -3.8188 0
2 1 71.8831 2
1 0 99.2995 2
3 4 69.0102 0
5 4 32.16 5
5 4 41.6495 3
2 1 -7.1964 1
1 2 65.6299 0
4 0 48.5634 1
4 1 4.3086 3
0 0 60.35 4
4 3 22.2314 3
4 2 75.0716 2
4 4 18.4515 5
0 4 53.6467 3
4 5 41.8345 1
2 0 88.2386 1
4 3 4.3524 1
4 1 80.1388 5
3 2 85.3991 1
0 5 25.0859 3
2 4 19.8263 5
3 0 48.5774 0
3 1 71.2216 1
1 0 75.5979 0
1 3 91.8578 2
1 5 25.3715 1
5 4 46.0534 3
5 0 86.2205 0
2 2 71.6751 5
0 0 77.4732 5
0 1 37.0918 4
2 2 94.4994 2
3 1 79.6712 0
2 4 23.8371 0
1 1 83.2472 0
0 5 64.2337 1
4 3 98.3462 3
0 0 -2.4049 4
1 0 86.4738 5
5 3 50.2247 2
4 0 58.1386 4
2 1 -8.5556 3
0 3 39.5353 0
2 1 62.6069 1
0 0 82.8884 2
4 2 48.8612 5
3 1 77.4137 2
1 3 2.1253 3
3 1 70.2666 1
4 2 97.7755 2
3 5 58.785 2
1 0 72.0295 0
5 2 -3.7269 3
5 0 -1.3818 1
1 2 98.2481 1
4 3 8.6457 5
1 5 16.2332 1
1 4 17.3755 4
2 5 27.5442 2
1 1 -3.4725 3
5 0 98.0247 3
3 0 49.0734 2
4 5 62.7777 2
0 0 71.3372 1
3 4 75.4111 1
1 1 68.0359 1
2 1 39.007 4
1 3 69.0367 2
3 3 -3.8713 4
3 2 7.7116 4
5 1 94.8048 1
0 1 37.8874 2
2 1 -6.4799 0
3 2 43.6065 1
3 4 62.0028 3
1 4 98.7302 2
3 5 88.1883 2
1 1 31.606 0
4 0 99.0229 5
3 4 15.062 5
2 2 96.9901 2
0 1 86.7392 1
0 1 84.9766 5
5 5 -0.3949 5
5 5 12.1291 0
0 0 14.4941 2
0 3 23.3964 1
1 3 90.7291 4
5 1 72.538 2
4 0 14.5162 4
0 1 26.2903 2
0 5 63.0949 3
4 3 99.6655 2
5 2 28.0425 4
2 5 61.544 4
5 4 4.8877 5
1 3 71.6634 3
4 5 -4.8445 4
5 3 7.9986 3
0 2 68.3275 3
1 3 74.0745 5
1 1 51.8725 5
0 0 88.2569 4
5 4 -4.1637 5
3 4 84.361 5
5 0 12.7238 3
3 5 70.5193 4
3 2 23.3335 0
3 3 35.13 5
4 5 46.5742 3
3 3 70.2112 3
4 1 1.7596 1
4 0 7.0837 5
0 3 0.5361 2
2 3 88.8433 3
1 1 91.9689 4
0 5 76.8814 0
4 4 83.5682 2
2 0 44.2126 0
3 1 99.8437 1
3 1 72.8916 5
4 3 -4.6288 0
3 3 48.0887 1
5 1 19.1828 2
4 2 79.6389 3
3 1 29.0507 5
5 0 96.7299 0
5 4 37.3178 3
2 5 61.1609 3
1 0 45.4478 4
4 2 30.2773 2
0 4 -9.288 5
5 3 79.3088 3
2 3 46.7269 3
0 3 79.4562 0
4 0 64.5225 2
0 3 35.3404 5
5 2 99.1101 3
0 5 -2.4057 1
1 1 80.6396 1
5 2 53.0793 4
1 1 88.8582 3
5 2 18.6279 4
3 3 28.8326 2
5 3 88.0562 1
0 5 10.815 2
1 4 -9.79 5
2 3 14.5349 2
3 0 80.0054 0
4 5 7.5652 5
0 4 16.524 4
0 5 52.1917 0
1 0 -8.5927 5
1 4 67.7829 0
3 1 43.4765 2
0 2 87.0432 3
1 2 7.2056 1
1 3 -1.7733 5
3 1 1.3748 3
0 3 49.9118 5
5 3 66.4229 2
3 3 66.0263 0
5 1 16.9142 0
1 1 27.6537 3
2 5 47.8969 1
4 1 59.8494 0
5 0 54.025 4
2 3 36.4575 5
2 4 82.9502 3
0 4 99.4885 5
2 3 20.5747 3
5 4 87.8427 3
5 1 95.0946 0
4 4 8.3451 1
5 5 2.6306 2
5 5 13.908 3
0 5 76.1667 0
5 2 -4.6174 0
4 1 84.2629 5
3 4 87.748 3
1 0 25.9443 1
3 4 97.6125 4
4 2 84.1906 5
4 3 56.2704 0
4 2 14.6188 1
0 0 47.6807 1
1 4 71.1855 5
0 0 -9.0089 0
3 3 38.4249 1
5 0 46.2752 2
2 5 10.4506 1
3 5 47.1838 3
4 2 50.4844 2
0 2 22.0363 4
2 5 -7.0606 2
3 2 -9.9119 5
4 4 -4.7239 3
2 1 90.5443 1
4 0 15.316 2
3 0 83.3231 0
3 3 20.2065 2
3 0 19.5486 5
4 4 71.9253 0
5 2 6.2087 4
2 3 24.8884 3
5 5 60.7403 4
1 2 92.2795 2
2 3 85.8535 4
2 3 50.1924 3
2 3 58.5757 1
3 2 -5.9006 1
1 1 74.4089 4
5 1 76.3805 1
5 3 54.8579 1
3 5 49.3497 5
2 5 94.5641 5
5 1 31.149 3
3 0 92.7931 4
1 5 29.3952 0
5 2 19.0365 3
0 1 7.0194 3
2 1 14.3337 1
3 2 92.6336 5
1 0 5.0811 0
2 5 8.2834 0
3 4 64.9617 2
5 0 5.87 3
3 1 44.7939 1
4 5 -1.7073 1
5 0 94.9256 4
5 5 96.253 0
3 3 -2.2729 5
1 5 68.433 2
2 0 95.5798 4
1 5 28.101 2
0 4 67.308 5
0 4 83.8006 2
4 2 15.8758 3
5 1 30.7921 5
4 2 32.4074 2
1 4 45.2616 1
5 1 51.255 2
1 5 54.3057 0
4 3 6.8837 5
3 4 68.3766 5
2 5 36.977 1
0 1 56.474 3
2 0 15.2518 0
1 1 -3.8124 3
0 2 75.1064 1
1 0 6.3428 3
5 2 50.1376 3
0 1 20.2824 1
1 0 70.2375 4
4 2 20.8518 2
3 0 57.718 1
4 1 14.0017 4
0 1 49.7382 0
4 2 66.7664 2
1 4 41.8516 2
0 0 2.3983 0
5 4 89.0423 1
0 1 83.6868 0
3 3 37.0317 3
5 3 20.4668 4
4 2 92.8412 0
3 5 59.5446 1
1 3 20.5379 5
1 1 59.7452 5
1 2 99.0616 3
2 0 14.7469 5
5 1 59.3698 5
2 0 42.6585 0
5 1 99.6945 1
3 0 9.5649 0
1 2 66.9844 3
1 4 2.6061 3
1 0 55.5138 2
2 5 96.772 5
0 4 85.9416 1
5 1 17.2017 3
1 4 61.4542 5
5 2 39.6629 3
5 1 -6.0539 2
2 1 88.4126 5
2 3 47.4692 2
3 2 22.6808 2
3 4 80.2429 4
