3 4 14 2
4 0 51 3
2 0 34 2
4 0 -3 0
4 0 18 0
1 3 17 3
2 2 67 3
2 2 68 5
2 0 6 4
4 2 100 5
3 2 19 4
2 0 97 5
5 2 35 2
4 4 -6 3
1 1 28 0
3 1 60 4
5 0 65 4
5 3 48 0
1 0 39 5
3 3 51 4
4 1 55 2
0 0 -1 3
3 5 31 0
1 4 17 3
5 2 78 4
4 3 42 4
3 5 98 0
0 2 34 2
0 2 80 1
2 0 78 0
2 2 7 1
1 4 46 5
3 5 67 1
3 2 84 2
5 0 26 5
5 4 14 1
5 1 68 5
2 5 79 1
3 2 28 2
3 0 1 1
0 1 93 1
2 1 34 1
4 3 47 0
2 4 82 0
4 2 64 0
0 0 71 2
1 3 13 5
3 4 50 4
0 3 67 1
3 5 15 1
5 4 9 2
1 4 98 1
1 2 47 0
0 4 19 4
1 3 100 3
4 4 96 1
1 2 51 0
3 2 87 3
3 5 11 4
3 3 21 3
3 1 67 0
4 1 83 5
2 4 84 5
5 5 34 3
0 0 88 2
3 4 84 3
1 5 93 1
3 3 76 1
1 3 64 5
5 3 54 2
5 3 31 0
5 3 93 1
1 5 97 5
3 5 21 4
5 2 24 5
4 1 43 1
1 3 39 1
1 0 99 5
3 5 9 0
1 0 -8 3
1 0 44 1
5 0 10 5
3 2 30 5
5 5 72 2
5 0 69 3
3 3 24 4
0 4 50 0
5 0 46 4
4 2 60 3
4 5 18 3
1 2 55 3
4 0 98 4
1 5 44 3
0 4 90 5
3 0 38 4
3 2 29 3
3 1 61 5
4 3 64 2
0 2 85 3
4 5 15 4
5 0 -7 2
1 1 5 0
5 5 88 0
4 3 -7 0
1 1 46 0
4 1 69 5
4 3 14 4
2 0 73 1
5 3 27 1
1 2 1 3
0 2 83 4
2 0 70 4
0 3 -1 2
5 4 87 2
4 1 68 0
5 1 75 0
1 0 32 3
5 2 8 2
1 5 19 5
5 0 57 1
4 5 17 3
3 2 99 5
5 4 14 2
0 1 80 2
3 2 -3 4
5 2 13 3
3 5 40 2
1 1 72 4
2 5 54 4
3 2 14 1
4 3 0 0
0 1 59 5
3 4 -3 3
4 3 48 4
0 5 69 5
4 2 75 2
0 2 38 3
0 5 86 2
4 1 46 0
5 2 83 4
4 1 7 1
4 4 91 4
2 3 -8 2
2 1 -4 4
0 0 71 0
4 1 4 3
4 1 19 4
3 1 92 5
5 1 68 3
5 5 31 4
3 0 17 0
2 0 55 1
4 1 -9 5
5 0 15 0
2 0 47 2
5 3 14 1
5 4 53 1
3 3 11 0
5 3 29 3
3 5 -4 5
5 0 -3 5
2 0 17 1
4 3 5 1
2 3 17 0
3 4 1 5
4 0 97 1
1 3 43 1
3 0 8 0
3 2 92 3
2 3 67 5
4 5 69 1
1 2 14 0
4 5 50 5
2 0 -4 3
4 4 7 4
0 1 -2 0
5 1 34 4
1 4 55 4
0 3 62 4
4 2 93 1
5 5 25 2
3 1 64 2
3 2 92 0
0 3 58 4
0 0 49 4
2 1 93 0
1 2 21 3
4 5 23 5
4 0 63 4
2 5 1 1
2 0 88 5
4 1 20 4
1 5 28 5
5 2 46 2
0 0 60 2
0 0 27 1
5 2 8 3
4 5 37 0
0 0 94 5
1 4 -6 2
4 4 6 1
0 2 30 0
2 1 65 5
0 2 76 3
4 5 7 1
1 1 87 0
1 5 92 3
5 5 79 2
1 5 2 0
3 1 12 3
2 2 80 1
1 0 63 3
2 2 85 2
2 5 46 5
4 2 93 0
2 1 54 2
0 0 56 2
5 2 38 4
0 3 89 1
2 0 68 0
4 4 66 5
5 5 12 3
0 5 91 4
2 5 83 5
2 4 24 3
2 3 67 4
1 1 36 3
5 5 89 4
4 2 35 0
2 2 13 4
4 5 25 3
3 5 14 3
5 1 62 2
4 5 60 2
0 1 64 1
1 1 -7 1
3 4 83 0
3 3 87 4
1 5 67 3
3 1 6 5
0 0 76 1
1 5 47 0
4 1 91 0
3 1 78 5
4 4 55 3
4 5 88 3
4 3 89 5
3 3 19 1
5 2 74 4
3 5 16 3
0 5 21 2
2 2 88 0
1 1 15 5
1 5 14 3
3 2 50 3
0 1 82 3
4 5 -8 4
3 3 -9 2
2 3 84 3
4 5 71 4
1 3 14 3
3 0 33 5
5 3 70 3
1 4 49 3
4 4 63 0
5 3 5 3
1 0 19 2
1 3 26 3
2 3 18 0
3 0 72 0
2 1 62 5
0 0 94 1
0 4 7 1
3 5 3 1
3 5 18 2
1 4 57 5
5 0 76 1
2 0 54 2
4 5 90 3
3 5 12 4
5 5 17 5
2 5 56 0
4 0 28 3
5 2 -2 5
2 0 83 3
0 3 96 5
3 5 7 1
5 4 96 2
4 4 75 3
3 5 55 2
1 0 21 3
1 3 53 5
3 2 -7 2
1 3 13 2
2 2 87 5
2 4 -9 1
0 1 69 3
4 1 66 5
5 3 39 0
0 2 14 5
1 2 63 2
3 4 48 3
5 4 26 5
3 2 24 1
0 5 11 0
5 4 95 5
1 1 14 3
2 5 55 4
4 2 98 1
2 1 30 2
0 5 49 2
0 0 51 5
1 5 86 3
0 0 53 3
3 3 27 0
2 3 3 0
3 3 -2 5
5 0 7 4
2 0 99 0
4 3 57 4
1 4 32 3
2 4 99 2
4 4 -3 5
0 1 59 2
5 0 7 1
4 0 7 3
3 5 55 2
0 1 22 2
5 3 -2 1
2 5 55 1
3 0 50 5
1 2 81 0
0 1 77 4
5 4 91 3
0 3 66 5
3 2 45 3
3 0 56 3
5 2 56 0
0 1 96 4
4 0 100 5
2 4 -6 1
3 4 62 2
1 4 38 3
0 3 28 2
2 5 2 1
2 3 66 2
5 3 79 4
0 3 0 2
2 0 97 3
4 0 62 4
3 3 -4 4
2 4 73 5
3 0 12 4
1 2 38 5
3 0 -7 5
4 1 68 2
4 0 51 0
1 0 41 0
5 1 45 5
2 4 68 3
3 3 17 4
1 3 11 4
4 5 87 0
2 3 27 4
2 0 21 2
4 4 100 3
1 3 49 2
2 4 74 3
3 2 86 5
1 4 32 3
0 2 72 5
3 3 99 5
1 3 96 1
4 4 27 0
3 0 48 3
0 5 6 5
1 0 42 2
2 4 66 5
0 2 84 4
3 2 59 3
4 0 58 1
5 5 91 1
5 0 38 0
5 5 86 3
1 5 23 0
0 2 78 2
2 2 37 1
4 3 52 1
1 1 -1 3
4 5 16 4
1 1 41 2
3 2 63 3
2 5 50 0
3 2 99 2
5 3 66 3
2 1 100 3
0 1 32 2
4 2 99 2
0 5 34 0
4 5 76 0
4 5 45 2
1 4 78 1
5 1 58 5
5 5 65 1
5 0 89 5
0 2 77 0
4 2 71 0
2 2 72 1
1 1 77 2
4 4 90 1
2 3 96 2
5 2 78 3
0 1 73 1
5 5 64 3
4 2 0 3
0 2 49 3
2 5 72 2
4 3 80 2
0 5 16 0
4 4 26 4
1 5 -3 3
5 2 61 0
1 0 94 2
3 0 1 4
1 3 40 5
5 5 94 3
4 5 70 3
5 0 82 4
3 2 -6 2
1 3 39 1
2 0 98 2
4 5 29 3
2 1 97 3
0 5 13 5
4 0 -4 2
1 1 77 1
0 4 13 1
1 2 75 4
0 2 84 1
1 4 18 1
0 5 85 1
0 2 77 1
4 2 -8 2
0 1 72 4
0 5 -3 3
2 4 55 3
4 1 94 0
5 5 47 3
5 0 -3 3
3 3 65 3
5 3 -2 0
2 4 6 1
2 4 60 4
5 2 32 4
4 2 40 4
3 0 77 0
5 5 87 4
5 1 37 1
3 2 81 3
3 5 0 3
2 5 18 1
5 3 -3 0
0 3 1 5
2 1 51 4
4 4 26 0
3 2 86 3
5 0 97 4
2 2 1 4
1 1 62 1
0 2 83 2
0 2 53 3
4 4 57 5
4 0 57 5
5 2 -7 2
5 2 91 2
0 1 86 4
5 3 -2 5
5 0 0 4
1 3 36 2
1 2 24 2
4 4 -1 0
1 1 73 0
5 0 20 5
3 3 57 3
2 1 73 0
2 3 2 5
5 4 44 5
2 0 14 4
0 0 12 1
1 2 22 0
0 3 72 1
1 3 49 1
4 4 82 2
0 3 85 0
3 0 41 0
2 4 37 3
5 5 36 0
3 0 96 1
4 3 82 2
0 3 83 1
3 4 34 0
3 2 72 1
2 1 -2 5
0 4 46 2
2 5 95 5
1 1 1 2
1 1 56 5
0 1 95 5
3 3 73 4
3 5 92 4
5 5 99 2
5 2 7 0
3 3 59 2
4 0 29 0
2 3 40 0
2 2 -2 0
4 4 46 3
4 4 95 5
0 3 90 4
5 1 25 3
4 1 95 3
0 2 98 0
4 5 9 1
5 3 99 4
4 4 7 2
2 3 35 2
5 4 -4 5
5 2 -3 0
4 5 33 2
5 5 96 4
1 2 -1 5
1 2 24 5
5 5 33 4
5 0 24 3
5 2 79 5
5 5 100 4
0 5 64 4
2 0 30 1
1 2 94 3
1 1 100 1
0 2 83 0
4 4 82 4
0 5 27 4
1 4 31 1
1 5 75 1
5 3 -5 2
5 5 16 3
4 2 73 3
1 4 16 3
1 2 65 4
3 3 75 3
4 4 36 1
1 4 5 2
0 5 43 2
4 0 68 4
0 2 -1 1
2 3 90 1
3 0 94 1
3 2 92 3
0 3 45 1
3 0 31 0
2 0 82 5
2 1 5 2
3 5 81 5
3 3 58 0
0 2 14 1
4 5 57 3
0 2 16 0
0 1 36 4
3 0 2 3
4 4 -8 4
4 1 69 2
3 0 58 1
4 3 11 5
0 4 97 0
4 4 46 4
4 0 33 3
0 5 33 2
2 5 -8 0
2 1 71 5
0 4 71 2
1 0 29 2
5 1 81 5
3 5 43 1
1 0 69 3
0 2 12 1
0 2 93 4
3 4 42 0
5 1 21 0
5 2 20 2
3 3 72 3
2 1 45 3
2 4 19 0
5 3 -1 4
1 4 22 0
0 2 63 2
3 4 69 1
5 3 29 0
5 2 58 3
2 5 98 0
0 5 60 2
4 5 65 0
1 4 65 3
0 1 -3 5
2 2 32 4
0 4 7 3
2 2 39 0
4 1 48 3
2 5 21 0
0 5 10 4
3 4 3 2
5 3 14 4
2 5 91 3
1 0 5 0
3 1 89 3
0 5 96 2
5 2 68 4
4 2 88 1
5 5 92 5
1 2 46 0
1 1 16 3
0 2 51 2
3 4 4 0
0 2 34 5
5 3 48 3
4 0 4 2
5 0 39 5
4 2 4 4
5 4 10 1
3 4 90 0
0 4 7 1
1 2 93 1
2 4 88 0
2 1 60 4
2 1 59 4
4 0 45 1
4 4 7 5
4 5 89 2
4 0 81 0
0 0 94 4
2 5 13 4
3 4 60 3
5 4 22 2
3 1 79 5
3 2 40 5
0 1 38 3
3 1 27 1
2 5 25 2
3 1 74 4
4 0 25 3
0 2 39 1
0 0 22 3
4 3 17 1
2 4 69 1
1 3 100 3
3 2 45 0
3 4 40 1
1 4 29 0
2 3 56 5
5 3 21 0
0 3 5 2
5 2 74 2
0 3 -4 4
1 2 51 0
3 4 40 4
2 4 65 0
1 0 33 2
4 2 73 1
4 4 34 0
0 0 5 2
3 4 40 4
4 1 26 4
2 1 33 4
5 2 55 4
4 4 44 4
2 3 80 2
2 5 2 3
4 2 78 5
5 5 -7 3
2 5 76 4
4 1 69 4
3 1 48 5
4 3 6 5
1 0 53 5
0 1 -8 2
3 1 35 1
3 4 75 3
5 5 -3 1
4 1 52 5
3 4 31 1
3 4 28 2
5 5 65 5
2 4 43 1
2 4 23 2
2 5 13 5
3 2 43 4
5 2 22 4
5 4 32 3
2 1 22 2
5 0 28 3
5 2 72 1
1 4 20 4
5 2 5 4
5 4 16 0
5 4 15 1
0 0 35 5
3 0 65 1
0 4 98 1
3 5 93 3
3 5 12 2
2 2 61 0
5 4 16 5
5 0 90 1
3 1 93 0
3 3 10 5
2 0 -9 4
4 0 92 2
2 3 99 4
4 3 88 1
4 3 20 0
2 1 70 5
2 5 10 5
2 2 52 1
1 4 84 3
3 4 26 3
5 0 10 1
3 2 93 0
2 3 16 2
2 2 54 4
0 2 62 5
1 0 63 3
2 1 35 4
5 2 66 5
2 2 58 1
1 3 7 5
4 2 36 4
3 4 78 1
1 5 73 0
4 3 48 2
0 4 2 4
4 1 53 1
1 2 84 3
0 5 13 4
3 0 89 3
0 3 5 3
3 4 -4 3
5 2 70 3
2 0 72 4
0 0 37 5
0 4 99 0
3 0 22 1
1 5 98 5
3 2 99 3
3 3 31 5
5 4 5 2
0 1 99 3
4 1 70 1
0 0 98 3
5 5 50 4
3 1 17 2
1 2 11 5
0 0 79 3
4 0 16 0
0 4 -6 4
5 5 86 1
5 0 34 1
4 1 73 0
1 4 99 1
5 4 25 4
5 2 16 1
5 4 14 2
2 0 51 4
5 1 59 3
4 3 -5 2
5 5 32 4
2 5 36 1
2 3 10 4
3 1 83 2
5 1 79 0
4 3 96 4
4 1 33 2
1 2 61 3
2 0 49 1
0 2 31 4
4 0 86 1
4 5 64 1
3 1 86 2
2 0 13 1
5 0 72 3
1 5 56 1
3 1 51 2
3 3 49 2
2 2 30 3
3 0 78 5
3 2 91 2
2 3 -5 1
5 1 -8 4
4 4 69 2
1 1 26 3
4 1 45 5
5 2 18 3
5 5 71 3
1 5 77 1
1 5 50 1
4 5 95 4
0 0 94 5
0 0 35 5
1 0 68 0
1 4 40 0
4 5 63 4
3 5 44 0
4 4 35 0
4 5 20 2
0 4 79 5
3 1 2 0
4 1 17 4
4 2 80 2
3 0 31 3
3 4 17 5
1 2 65 0
5 5 74 0
3 3 31 3
0 5 -9 1
0 3 83 5
2 4 98 0
4 0 15 5
4 3 20 0
5 2 89 4
5 0 10 2
0 1 55 5
3 0 23 4
1 4 82 3
5 4 26 5
1 5 70 4
5 2 -4 3
1 0 27 4
4 3 97 2
0 5 20 3
3 1 29 3
3 1 65 5
3 0 75 2
1 5 -2 2
1 3 68 5
1 5 33 2
0 0 -9 2
3 2 74 0
1 0 11 3
4 4 46 0
0 0 29 0
4 4 76 3
0 2 36 0
5 4 90 1
4 4 9 3
1 1 20 2
3 1 -3 3
2 3 23 0
2 2 94 5
5 3 55 1
3 0 5 0
3 2 83 3
2 3 27 5
4 1 23 4
5 1 43 1
3 2 22 5
5 3 96 1
2 3 21 3
2 0 93 1
4 4 10 4
0 5 41 5
1 3 78 5
0 3 64 1
5 2 17 5
1 5 37 3
0 3 99 3
4 3 49 5
3 4 -6 2
5 4 55 0
0 1 62 2
1 5 57 4
5 5 61 2
3 0 -9 2
1 4 72 4
4 5 53 3
2 3 41 5
4 5 45 2
0 3 2 3
0 0 81 5
1 2 24 3
1 4 43 3
0 3 69 3
2 0 23 5
0 0 83 5
0 5 78 5
1 4 9 1
2 4 37 3
1 3 59 1
5 5 38 0
5 4 87 3
4 3 33 5
1 1 21 5
0 4 1 4
1 2 26 3
0 2 64 3
4 5 24 3
4 3 55 2
2 3 58 5
5 2 91 4
0 5 5 0
1 2 3 2
5 1 46 3
4 1 53 3
1 3 60 5
5 1 51 3
2 1 11 3
4 0 85 0
3 1 11 3
4 4 62 3
5 3 36 3
3 1 -1 0
1 2 -6 1
4 2 9 3
4 5 75 3
4 4 2 0
2 4 81 2
4 0 74 3
4 1 99 0
5 5 73 2
0 3 19 0
3 0 75 1
1 5 55 2
5 4 60 1
4 1 76 1
0 4 29 2
4 4 9 5
2 2 53 4
5 0 5 3
0 2 85 1
5 1 17 5
2 1 74 5
3 3 6 5
2 5 36 3
0 5 77 0
3 4 72 5
2 3 95 2
4 0 86 5
0 5 97 5
5 5 29 0
4 3 14 3
1 3 20 2
2 4 54 4
3 2 88 0
0 0 59 3
0 0 92 1
3 3 -10 3
1 5 90 5
2 1 86 2
0 5 30 0
2 5 89 1
0 3 59 5
5 1 37 0
5 0 -10 3
0 1 55 4
5 3 -9 5
2 0 99 3
5 1 43 1
3 0 70 0
0 2 30 2
1 3 75 1
5 5 6 4
4 0 57 1
3 2 69 5
5 1 91 4
5 3 85 0
0 1 73 4
5 3 29 3
2 1 17 5
0 1 51 4
5 4 21 5
0 5 86 1
4 4 46 5
3 2 61 1
3 3 2 3
5 4 -2 0
2 2 5 4
3 2 50 1
3 0 -8 0
0 2 14 0
3 4 22 5
4 3 37 3
0 5 49 4
1 2 -1 0
4 1 97 1
4 2 33 5
5 5 61 2
5 3 70 1
0 1 -1 3
0 3 57 0
2 5 72 5
1 0 -9 1
5 0 8 2
