1 3 40 1
5 3 71 3
4 0 49 0
5 3 19 5
5 1 27 2
1 1 5 2
2 5 35 1
3 3 51 3
1 5 60 1
0 4 34 4
1 1 8 0
5 1 97 5
3 1 59 0
4 1 69 4
5 2 66 2
4 5 28 2
3 3 74 0
2 5 38 1
5 5 38 4
3 4 18 0
5 4 85 1
0 2 68 0
5 0 76 1
2 4 58 5
5 5 53 2
3 0 66 3
1 4 3 4
1 0 33 0
3 5 68 4
5 5 42 4
0 5 39 0
3 0 100 1
1 0 -6 1
5 0 4 0
5 5 34 4
3 3 40 5
3 4 11 4
2 3 6 1
3 0 92 4
2 3 83 5
0 1 15 0
3 2 -10 2
0 0 99 4
2 1 34 5
0 1 23 5
5 5 -7 0
4 2 26 3
0 5 75 0
0 5 58 2
4 1 7 5
0 5 71 5
2 4 34 3
3 5 39 1
1 4 83 4
2 0 59 5
5 1 38 4
4 0 62 1
0 4 58 0
3 3 37 2
0 0 -5 3
3 0 52 3
0 5 0 5
5 0 51 1
1 4 54 1
2 5 52 5
5 0 61 3
2 0 64 3
2 1 71 2
1 0 91 1
4 0 50 1
3 5 87 5
3 2 46 1
3 0 95 5
4 4 18 4
4 4 96 0
5 1 -6 4
5 1 41 5
0 0 15 2
0 5 23 2
2 5 38 4
1 2 0 2
4 5 58 1
5 3 -1 2
4 1 25 1
5 0 39 0
1 4 8 5
4 5 -5 4
3 2 -9 3
0 3 99 1
1 3 10 2
2 1 95 3
3 2 27 5
2 1 84 1
0 5 36 5
2 0 9 4
3 2 14 5
4 1 34 0
3 2 -6 3
4 0 77 2
0 5 18 4
3 4 58 2
4 3 30 1
1 5 10 3
3 4 35 3
5 0 48 1
0 1 -1 4
2 3 14 2
3 5 -5 2
3 2 66 5
5 0 46 4
5 1 31 1
3 3 -6 2
0 4 69 5
0 2 59 3
4 2 71 5
4 5 86 0
3 5 59 2
1 0 0 3
4 5 88 1
4 0 27 5
1 3 46 3
2 3 10 4
3 1 77 5
4 5 -1 2
0 2 37 3
5 4 22 1
3 3 60 4
1 3 5 5
2 3 -9 3
0 5 97 5
4 1 6 1
3 1 35 2
4 3 32 4
5 5 42 4
4 1 -6 5
0 0 46 3
3 1 -8 0
1 5 32 2
4 5 8 4
3 4 73 2
5 2 29 2
0 3 16 3
0 2 98 0
5 2 73 5
5 5 43 2
3 1 98 3
4 4 30 0
0 3 4 3
1 5 8 0
0 5 0 5
3 2 89 2
4 5 88 5
2 5 17 2
4 4 92 2
2 5 25 2
2 0 7 2
3 4 60 1
1 2 6 3
3 1 34 5
1 5 60 4
1 5 100 2
3 2 98 5
4 2 54 2
0 3 59 4
3 3 82 4
3 5 71 5
4 3 70 2
4 2 28 2
3 0 54 5
1 5 3 3
1 1 9 4
5 4 43 5
5 4 24 3
0 2 44 3
3 4 22 5
4 0 53 5
1 0 -7 3
4 0 71 0
4 0 65 4
5 0 48 0
0 2 78 5
4 0 22 4
2 0 40 1
5 0 68 3
0 5 61 5
4 5 50 2
5 5 45 0
5 3 43 5
2 5 16 0
4 3 73 0
0 2 10 3
0 1 79 1
5 4 13 1
0 1 59 0
4 2 76 0
4 5 90 2
4 5 72 1
0 5 97 4
2 0 89 3
0 5 45 5
5 5 25 5
2 5 23 1
0 4 61 3
0 0 -6 5
5 5 98 2
4 5 47 5
4 4 8 3
0 5 9 4
0 2 52 0
2 4 44 1
5 0 30 5
5 1 39 0
3 5 -6 1
3 3 39 3
3 4 73 2
5 3 -3 2
3 1 90 0
4 1 -2 4
0 2 83 0
4 3 88 3
5 4 80 0
2 2 55 2
0 0 -6 5
1 3 90 0
4 3 21 5
5 3 -8 3
1 4 -3 2
1 4 2 4
5 3 79 4
1 0 52 5
0 4 88 4
0 3 10 5
2 5 16 4
0 2 33 0
1 2 29 5
4 2 44 5
2 1 46 1
5 2 93 3
3 5 93 0
0 1 59 4
1 0 -6 0
4 5 65 4
3 5 57 4
2 5 70 1
5 3 34 0
5 0 13 3
1 0 30 1
1 5 26 4
1 2 59 1
2 3 40 3
3 3 84 1
1 3 -3 2
1 5 36 3
5 1 54 4
4 4 19 4
5 0 63 5
4 4 57 4
5 4 82 0
1 0 39 5
5 2 39 4
3 2 14 2
4 2 19 5
4 4 69 5
4 0 16 0
3 4 70 0
1 4 41 5
2 0 20 0
1 4 48 0
4 5 68 5
1 4 72 4
2 0 49 1
4 3 40 4
5 4 44 0
1 0 18 1
5 1 -8 1
5 2 4 0
5 2 10 3
3 4 17 2
1 0 13 1
5 1 23 1
3 1 -6 4
0 0 14 3
0 2 73 1
4 0 15 3
0 0 56 3
4 5 80 3
0 1 8 1
1 2 6 0
4 2 75 3
5 5 25 4
1 4 58 3
5 3 0 4
5 3 26 0
2 4 70 1
4 1 89 0
0 0 38 2
5 5 87 1
0 5 46 2
5 1 -4 5
1 0 62 3
0 5 58 3
0 4 23 2
2 5 -5 3
1 3 26 5
2 4 31 5
2 5 23 5
4 3 90 1
3 2 41 1
3 4 3 3
2 1 18 4
0 1 52 4
1 5 24 0
3 3 12 3
1 0 95 2
5 0 2 4
3 4 89 0
4 4 99 2
2 5 66 2
0 2 -3 1
0 0 93 0
5 2 99 3
2 5 87 1
4 4 65 4
0 0 74 4
1 2 67 4
3 5 55 1
5 3 44 2
2 2 -6 5
1 0 44 2
2 0 99 2
5 1 43 5
1 4 10 2
3 5 -8 0
2 3 57 1
5 4 -5 3
5 2 9 0
1 0 99 5
4 5 19 4
4 5 57 0
5 0 16 2
3 3 77 1
5 2 17 5
2 1 87 2
4 3 93 3
5 3 39 2
2 2 65 5
1 5 41 4
5 5 11 5
2 3 79 2
5 0 65 5
1 2 88 2
5 0 -5 5
3 3 73 1
4 0 71 1
4 5 58 4
0 1 50 1
3 4 38 3
1 0 77 5
4 5 90 2
2 2 28 2
1 2 56 0
4 1 22 3
5 1 19 1
0 3 79 0
2 0 8 4
4 5 60 4
4 0 2 3
1 2 13 4
5 5 57 0
5 0 87 1
5 1 -4 1
2 0 38 3
0 1 82 1
5 1 20 2
5 0 94 3
5 5 60 2
2 3 75 4
2 0 36 2
0 0 95 0
1 4 1 1
2 5 57 5
1 5 65 3
3 0 1 2
4 0 10 5
3 0 62 1
2 5 83 1
3 3 5 2
2 0 80 3
3 5 61 5
4 4 34 4
0 1 70 2
2 2 68 0
1 3 59 3
5 4 80 1
2 1 -3 2
4 5 48 5
0 5 61 1
1 4 21 3
3 4 29 0
3 0 96 4
2 5 92 4
0 2 66 5
5 5 1 5
1 3 85 4
2 5 88 0
4 3 35 5
3 3 14 2
2 2 76 2
0 4 11 5
2 1 71 3
1 5 64 5
0 4 13 1
0 1 95 2
4 4 -3 1
4 0 23 5
2 2 12 4
3 5 17 0
5 3 79 2
5 4 -6 3
4 2 -2 5
1 1 72 5
3 5 42 5
4 2 99 0
3 5 96 5
3 2 38 0
4 3 2 2
5 1 91 5
2 4 69 3
4 5 88 0
2 2 -9 2
2 0 49 5
0 2 17 4
1 0 15 4
4 2 -8 3
2 3 35 5
5 2 1 5
0 5 -6 2
4 1 32 3
1 0 8 3
3 5 37 0
0 0 29 0
4 2 88 3
5 5 54 1
4 0 55 0
0 1 55 1
1 2 36 0
1 2 46 3
0 3 66 5
2 1 89 2
5 3 23 2
1 5 20 4
0 2 22 2
3 5 70 5
0 5 61 3
2 4 6 4
3 3 0 3
1 2 -8 2
5 1 8 3
0 2 82 3
0 5 65 1
2 2 11 3
3 2 90 0
4 1 4 1
5 0 60 4
2 0 25 1
1 2 89 3
0 5 42 5
1 4 2 1
4 3 3 0
5 0 -1 2
2 3 -6 0
5 4 52 4
4 5 -5 3
1 2 23 5
2 3 45 4
1 2 -6 4
3 4 68 5
1 5 95 1
0 0 44 5
4 5 18 3
4 4 95 5
4 5 -1 0
1 4 61 5
2 5 61 4
5 0 13 1
0 0 58 5
0 3 48 1
0 3 40 4
3 2 70 4
1 4 -2 1
4 1 86 2
0 5 30 5
3 2 29 3
4 5 3 5
0 3 19 0
5 3 23 3
5 3 1 0
2 0 80 5
0 4 80 0
5 4 -4 4
1 1 50 4
3 3 74 2
0 2 25 0
5 1 -6 0
2 2 46 0
5 3 85 4
3 3 54 2
3 0 2 5
1 4 72 0
3 2 39 3
0 5 89 4
3 1 7 1
0 5 80 5
4 2 50 1
5 3 -8 3
5 1 6 4
2 4 12 3
0 0 66 4
5 2 28 1
1 5 36 3
3 0 -5 1
4 0 76 2
5 2 63 5
1 3 26 5
3 4 30 2
2 2 8 0
2 2 4 1
1 4 83 4
2 0 30 4
3 3 5 5
5 0 86 5
1 0 93 3
3 4 92 2
2 3 13 5
4 4 26 1
4 1 64 3
4 2 82 3
2 4 78 3
2 4 55 5
4 4 54 4
5 0 20 5
5 4 89 4
1 2 21 0
3 1 20 3
2 2 26 2
3 5 45 3
4 4 32 4
5 5 1 5
2 1 85 4
5 1 10 1
4 5 87 0
3 1 12 1
0 4 46 3
3 0 42 1
3 3 77 5
2 4 47 1
3 5 23 5
5 2 43 1
4 3 92 1
4 5 53 1
5 3 76 2
1 1 88 2
4 2 93 2
0 0 8 2
2 4 15 0
0 2 42 4
2 4 12 4
5 1 70 0
2 1 5 0
1 4 15 5
5 2 94 2
4 1 49 0
4 4 89 4
5 4 44 3
4 4 9 5
1 5 24 1
2 1 27 4
0 5 20 4
2 4 53 3
5 3 62 5
5 4 55 1
5 2 19 5
5 1 27 5
0 2 59 1
1 5 15 3
3 1 0 2
3 5 27 3
2 3 51 2
0 0 75 5
0 1 96 2
4 4 100 0
0 0 8 4
4 5 58 5
4 1 85 1
2 5 11 5
2 0 41 0
2 2 92 1
4 5 2 2
2 0 59 2
3 5 93 5
0 3 34 5
5 2 43 4
1 4 93 3
0 2 50 4
2 5 98 1
4 4 41 4
1 1 75 1
0 3 40 5
4 3 93 3
2 5 88 0
1 1 86 2
0 3 15 0
2 5 9 2
3 3 78 0
0 3 73 5
5 0 67 1
0 4 89 5
3 4 0 3
1 5 7 5
4 3 18 2
0 0 6 0
3 5 70 3
5 0 73 1
1 1 51 3
1 2 5 0
0 0 68 4
4 5 57 1
0 4 30 1
4 5 87 3
0 0 56 1
5 1 22 5
4 2 64 3
4 5 23 5
4 3 25 5
5 0 40 0
5 2 69 5
0 1 72 4
2 2 -10 1
1 1 10 2
5 2 96 1
2 2 2 0
5 3 27 2
3 0 32 4
0 2 39 4
4 3 45 0
5 4 43 3
2 3 10 5
5 4 13 4
5 0 67 4
3 2 1 0
2 4 91 4
4 2 60 4
0 2 32 3
4 1 87 2
1 4 50 3
5 4 78 3
5 1 29 2
1 0 56 0
4 0 88 1
0 5 88 3
4 4 40 2
3 2 60 5
2 0 25 2
2 3 88 5
0 3 43 0
5 0 65 2
2 1 21 0
4 4 87 4
4 1 71 1
5 1 65 2
4 3 2 2
2 3 -6 1
0 2 -3 5
5 0 92 5
1 0 68 1
3 2 20 3
2 3 42 0
4 4 24 4
2 0 43 1
3 3 72 0
5 1 29 0
1 4 7 0
4 2 34 4
1 5 19 4
5 2 20 5
0 2 67 0
2 5 73 1
0 3 63 1
0 2 18 2
5 3 18 4
3 2 91 1
3 2 93 5
4 3 22 0
1 2 96 3
4 0 3 2
2 3 82 3
5 0 50 4
0 5 61 5
3 3 45 0
0 2 58 0
2 2 5 5
5 4 2 4
1 5 51 3
3 3 93 2
1 5 96 2
3 4 12 1
3 0 95 2
1 4 -5 3
2 1 43 5
0 3 66 5
2 2 3 5
2 5 50 1
4 1 -9 1
3 3 48 0
0 2 5 2
0 1 11 1
3 1 90 2
1 2 36 5
2 5 67 2
5 1 23 0
5 1 86 2
5 3 38 2
2 1 61 5
5 1 95 3
0 3 96 4
5 3 61 3
1 4 71 5
0 3 -6 0
4 5 33 5
0 5 90 3
0 5 97 5
1 2 22 3
3 3 3 1
3 3 79 4
2 1 40 4
1 5 3 2
1 0 -2 4
0 3 62 2
3 2 50 1
2 5 70 4
2 0 42 1
1 1 47 5
5 2 92 2
1 3 45 3
2 4 5 3
0 3 10 0
0 1 51 5
0 5 51 3
1 0 13 4
3 5 68 3
3 3 75 1
0 4 45 1
1 3 89 0
0 0 36 2
5 2 50 2
1 3 28 3
0 4 39 5
0 1 2 2
1 2 -4 0
5 5 20 3
3 2 20 2
4 2 69 1
0 5 18 0
5 2 25 1
4 5 -3 5
1 1 17 4
0 4 -7 1
5 3 85 5
1 3 21 3
0 1 52 4
4 5 6 1
3 5 49 5
5 0 29 1
1 2 25 0
5 0 30 5
3 3 6 3
2 0 15 1
0 3 11 3
0 2 74 0
2 2 99 2
5 3 29 4
1 5 27 5
0 1 -7 3
1 4 11 2
0 1 24 3
0 5 49 4
0 3 3 3
4 2 28 1
3 3 73 1
5 2 72 3
0 3 28 4
4 4 12 1
5 1 70 3
5 5 5 1
1 2 79 0
5 1 37 3
1 5 32 0
4 5 64 1
2 1 0 1
2 5 77 5
0 5 23 4
4 2 84 3
2 2 21 4
4 2 -2 1
2 3 96 0
3 2 22 1
1 5 90 1
3 1 69 5
4 4 28 1
1 2 22 3
3 2 75 4
3 1 26 0
4 5 -4 1
1 3 20 4
1 3 14 3
2 2 19 2
3 1 19 1
2 1 39 4
3 1 77 3
4 5 18 3
1 1 98 0
1 2 43 4
1 3 2 1
0 0 48 5
1 3 56 0
3 5 54 5
0 3 74 2
4 5 26 5
1 1 84 4
0 1 11 2
4 5 39 4
5 1 88 1
5 3 37 0
2 1 44 2
5 1 30 1
0 5 45 5
3 4 94 2
3 3 32 2
3 3 60 3
5 2 23 3
5 3 65 0
5 1 95 0
0 4 87 0
1 0 76 5
3 5 -7 2
5 1 87 2
2 1 36 1
0 0 75 2
2 2 3 3
4 2 57 4
1 3 31 5
5 3 54 1
5 1 4 3
3 2 91 0
4 5 13 2
4 5 97 3
0 2 72 1
5 1 83 2
0 2 86 5
5 4 55 5
1 2 58 1
5 3 -5 0
5 2 58 0
5 5 70 5
1 1 95 1
2 0 62 0
0 5 14 4
3 1 -2 4
5 4 98 1
4 4 6 4
2 4 20 4
2 2 45 1
3 2 76 5
1 5 79 4
1 3 5 2
1 3 -1 0
3 1 57 0
0 5 74 2
0 2 26 1
2 0 61 2
3 1 46 2
3 1 36 5
2 5 76 0
4 1 74 3
0 2 69 1
2 4 82 0
5 5 68 2
1 1 79 1
3 5 9 4
5 3 100 5
2 2 64 5
5 3 3 2
2 5 50 4
2 2 8 2
3 4 42 5
3 5 4 2
5 0 65 3
1 4 14 2
5 3 45 5
4 5 25 1
0 0 21 0
2 1 62 5
4 0 27 1
4 1 1 4
1 3 39 3
4 2 65 5
2 2 82 2
0 0 -4 5
5 3 63 5
3 0 41 2
3 5 65 3
4 5 38 3
2 2 77 4
0 4 88 4
5 3 80 2
5 2 23 5
0 4 4 3
5 4 59 3
4 2 5 5
4 1 67 0
1 0 72 1
1 4 92 1
2 0 4 3
5 2 -6 5
0 4 -4 4
4 3 52 1
0 3 68 4
1 2 81 0
3 4 53 0
0 1 70 5
3 3 -3 5
0 0 88 4
2 3 36 2
0 4 48 5
3 1 92 1
4 0 46 0
2 5 57 3
2 4 13 1
4 2 12 1
0 3 93 0
5 3 77 1
2 1 44 0
3 4 61 2
2 0 -2 3
2 3 16 0
2 5 43 0
1 5 -1 5
2 2 -2 2
0 3 -6 5
5 1 -3 2
0 3 88 3
1 0 89 0
3 5 31 5
2 0 90 0
2 2 31 2
1 2 64 3
4 4 61 5
2 3 96 1
4 0 38 2
0 2 93 1
0 4 11 5
2 4 41 1
5 4 88 5
0 1 89 4
3 2 12 0
0 1 61 5
5 1 11 2
0 3 63 4
0 5 3 1
0 0 -3 2
5 0 78 5
0 5 31 0
1 0 46 4
4 2 90 0
3 4 93 1
2 4 -1 2
2 4 72 5
5 4 46 3
2 4 67 4
5 0 72 2
1 5 42 1
4 0 19 3
1 2 3 1
3 3 0 3
2 5 52 3
2 0 31 2
0 4 7 5
1 1 72 5
5 2 9 2
1 0 13 2
1 0 85 1
1 1 67 5
5 2 11 1
4 0 49 3
3 3 26 2
2 4 90 5
0 2 28 0
5 1 4 1
2 4 8 3
2 0 -7 0
