4 2 53.8795 0
0 2 47.644 4
2 2 8.0167 2
1 1 0.9991 3
2 1 83.147 4
3 3 44.6447 5
1 5 98.6631 4
2 4 90.9042 0
2 4 93.6392 2
5 5 86.7777 5
3 4 86.7103 4
5 5 43.9327 4
4 3 54.9058 4
5 0 52.4166 2
2 5 18.8883 1
0 4 42.92 3
2 4 74.3713 4
1 1 -3.7055 1
2 5 36.7994 4
4 1 62.2834 0
5 5 -1.5853 4
2 2 62.2255 5
2 3 23.286 0
0 3 77.637 3
4 2 -0.4206 0
2 1 15.8836 0
2 1 67.0213 4
1 4 81.2451 2
0 3 81.7473 4
4 3 73.7921 4
1 5 5.7615 1
4 5 -4.5912 5
3 2 72.5561 5
2 2 29.8312 1
2 5 32.6686 5
0 1 16.8941 0
2 0 75.5566 1
0 5 -6.4262 0
2 5 93.4193 5
2 5 38.6801 3
5 3 8.9832 0
0 5 80.2089 2
3 5 9.3918 4
1 0 67.3004 2
1 3 86.669 5
0 5 35.8158 4
3 5 73.6898 3
4 0 76.3472 0
5 4 77.7239 4
4 5 53.287 3
4 4 60.56 5
1 5 -8.6279 4
4 4 61.2035 5
0 3 44.1103 4
2 2 51.0945 2
0 3 46.5222 5
5 5 93.0697 4
2 5 12.9044 2
2 2 -7.2645 2
1 3 18.1459 4
3 3 40.4439 3
4 2 85.9348 0
4 0 17.4512 2
5 3 31.8449 3
2 5 37.703 2
5 4 73.9791 4
0 0 98.8042 0
3 3 42.3716 3
1 2 26.0725 1
0 4 17.6229 1
2 1 34.1036 4
4 0 74.0699 1
4 0 34.283 0
3 0 87.1761 2
3 3 -3.3193 1
2 1 9.8566 0
4 3 68.4072 2
1 5 26.0088 4
4 4 17.832 5
3 1 31.8111 3
2 2 56.4543 5
1 2 22.2687 5
0 3 27.0724 5
3 4 8.296 1
2 1 33.2961 0
0 5 85.3205 1
4 3 34.4626 3
1 5 57.667 5
5 1 26.5917 1
0 4 67.9699 0
5 2 30.8109 0
0 0 25.3881 4
0 4 11.1434 1
3 1 1.329 1
4 3 60.1387 0
5 4 32.5213 4
1 1 45.1522 5
2 0 80.0477 1
1 1 11.8527 0
1 3 95.2852 1
3 1 10.9917 4
4 3 57.3901 2
0 0 49.5388 5
4 5 47.3937 0
3 5 -4.5589 4
0 4 28.5074 0
3 5 82.5187 1
1 4 23.0006 5
5 4 44.2408 1
1 2 15.3786 4
1 5 70.1066 0
5 4 23.722 2
3 5 8.8069 5
1 3 74.434 3
1 3 37.3898 1
4 1 -3.4549 4
0 4 14.0772 3
5 4 66.0098 4
4 1 15.1228 3
1 0 4.842 1
5 2 83.2939 5
0 2 49.2221 1
4 5 76.7401 4
1 5 14.6128 4
5 4 61.3657 1
5 0 35.4866 1
1 5 38.7812 4
2 3 21.5575 4
0 3 62.606 0
3 2 -7.7321 5
4 3 14.3812 4
2 3 20.4394 3
4 3 56.3177 2
1 4 41.1877 3
2 4 10.7802 2
4 2 99.0364 1
3 4 88.4014 3
0 2 19.1379 1
2 3 32.6031 1
1 4 91.5507 2
0 4 16.1239 2
2 0 2.1146 0
5 3 10.4901 0
4 3 54.9994 1
1 3 66.4058 3
2 1 79.0187 1
2 3 98.2545 0
0 5 25.676 2
4 2 22.2611 2
5 5 9.2014 5
2 1 29.5488 1
1 3 35.0379 5
1 3 9.4825 1
2 2 46.7527 1
3 3 45.2339 2
0 3 11.155 0
2 0 50.1106 5
0 3 47.7014 1
2 1 98.268 0
2 2 57.1715 3
4 2 -0.1738 5
3 1 38.495 0
5 4 49.8786 3
5 4 56.1007 4
4 2 2.4105 1
4 2 54.3744 2
3 5 3.6374 2
1 4 52.016 5
1 4 7.0283 2
0 5 51.2252 1
2 4 14.5383 1
0 5 83.3649 4
3 3 30.6081 2
5 1 38.5423 0
0 1 7.7958 2
0 0 92.3797 5
1 5 67.4319 4
5 1 29.5377 1
3 1 32.6092 2
2 2 24.9692 4
3 5 84.6366 3
3 1 6.2089 0
0 5 51.7473 5
3 0 99.4273 3
2 0 -2.7789 1
4 1 51.413 0
4 5 37.4582 1
1 3 89.2775 0
0 4 5.7092 4
2 2 84.3791 1
0 2 87.383 4
4 0 -0.7686 4
1 2 16.8264 1
5 3 62.0894 2
3 2 75.6938 5
3 3 41.7206 1
2 1 2.5272 2
3 2 -9.6449 1
3 3 5.4616 4
2 0 99.3248 4
5 1 30.2846 0
2 3 59.0165 2
3 3 74.8386 1
0 3 -2.6659 3
2 2 63.344 3
1 1 98.3375 0
1 3 27.6605 3
4 3 42.9283 0
0 1 93.5748 2
0 2 56.839 1
3 3 23.0421 4
0 3 37.3776 0
3 1 3.5371 3
4 4 83.7617 1
2 4 55.5242 5
5 0 94.0368 2
2 1 90.8659 1
0 2 4.4818 3
1 3 4.0111 5
1 4 27.311 5
3 0 12.3564 5
5 0 70.4151 5
5 5 89.287 5
0 3 -5.8321 0
3 1 79.481 4
1 1 59.9238 0
3 0 2.4172 5
5 3 -1.3288 2
4 4 1.4822 4
0 5 43.9389 3
3 0 28.9091 4
0 0 72.398 3
5 4 20.7395 5
0 2 42.0387 3
0 3 92.641 4
1 0 8.1245 3
4 1 51.4895 2
3 2 76.496 3
0 5 79.6907 4
1 3 91.0677 4
1 4 21.7152 1
2 1 24.0929 4
0 3 1.0231 4
0 1 69.7621 3
5 4 21.3641 4
0 1 79.4972 2
4 5 92.0946 5
2 4 14.4119 4
2 0 11.5381 3
5 3 70.0945 1
5 5 99.1557 0
1 4 51.7963 2
3 1 15.2731 2
4 2 58.4418 5
0 1 95.3358 1
5 4 5.425 0
4 1 85.7841 4
4 2 25.0252 3
1 2 19.9794 0
2 1 50.8524 1
0 3 36.5894 5
4 2 -8.1068 0
3 0 4.5971 2
3 3 14.476 2
4 2 42.5029 2
0 2 17.1098 2
1 5 90.592 0
3 0 15.0558 5
4 2 63.5037 3
0 2 24.7528 0
4 5 43.3276 3
0 4 44.504 4
1 3 25.6088 1
3 2 9.0126 3
0 4 61.8826 1
2 1 63.7784 3
5 4 76.9304 5
5 0 61.3242 3
1 4 48.3102 5
0 2 10.3954 4
3 0 92.726 5
5 2 43.058 1
3 1 64.1198 3
3 2 32.035 0
4 0 66.7002 3
4 4 43.2558 5
4 1 75.5174 5
1 4 19.8786 3
3 0 45.7508 3
5 1 57.9278 1
3 2 92.7252 2
1 5 12.1683 1
4 0 1.0092 1
1 0 20.7287 5
2 5 3.4454 4
5 0 91.5431 4
4 4 61.1986 5
3 2 39.7027 0
5 5 82.2843 5
5 2 84.6322 0
1 1 69.5578 4
5 4 11.6038 0
1 3 9.6124 0
2 0 51.4893 5
0 5 -4.1718 0
0 5 7.5479 3
2 0 35.8184 2
1 5 36.6621 5
5 3 45.3628 1
5 4 6.8648 2
5 2 95.7397 4
3 5 7.1619 3
2 5 57.3996 2
4 3 46.0879 0
2 1 57.3333 5
0 0 1.7523 0
4 3 40.9815 0
0 5 67.982 2
0 4 11.137 2
0 5 17.5816 2
0 0 -3.6986 0
5 1 97.7032 1
1 2 16.2473 5
4 0 -4.7645 5
2 3 55.9173 4
2 5 61.7986 4
0 2 47.6416 3
0 1 26.6861 4
1 3 9.5226 5
0 1 67.0426 4
1 5 17.5294 0
0 1 10.7116 5
0 2 31.4575 5
4 4 51.9598 3
3 0 29.0262 1
0 1 77.083 3
5 1 93.5516 2
3 0 39.4223 5
0 0 75.3897 1
2 4 59.4837 1
0 2 -9.2437 2
4 0 77.952 0
4 0 18.9671 0
1 2 66.9826 5
3 4 -2.1542 0
5 1 48.5016 3
4 5 37.7412 4
5 5 83.115 1
4 2 78.3504 0
4 3 16.5814 4
3 3 28.8167 4
5 3 -3.6724 1
3 3 9.4392 5
3 1 19.4444 4
5 2 8.3457 3
4 1 60.188 1
1 3 -7.5808 1
3 5 4.2089 4
2 0 36.5252 3
4 4 70.596 2
3 3 82.0991 3
5 4 72.3178 1
5 0 85.3738 3
0 1 94.9378 1
2 0 99.0332 2
3 1 42.77 4
1 1 -6.6749 5
2 3 15.7032 1
0 4 82.534 5
3 2 62.475 5
4 0 17.0826 2
2 0 29.4481 4
4 3 32.3944 0
2 5 21.6231 0
4 3 -2.759 0
3 0 58.5067 3
0 0 73.5646 3
5 4 7.8128 5
1 5 -4.9329 1
2 2 64.5043 3
3 0 64.7751 0
4 3 17.3523 1
2 2 35.4653 2
0 2 74.5759 0
1 2 56.8278 5
1 3 -4.7371 5
4 0 77.968 5
2 5 97.5107 0
3 2 -4.5102 2
3 3 57.9411 2
0 2 81.194 0
2 0 76.834 4
1 3 -1.0882 4
1 2 74.9444 2
3 2 -9.1219 4
0 3 40.3087 5
2 4 -2.2842 2
5 4 17.6121 2
3 2 96.7965 4
0 3 42.7778 4
1 5 83.2745 1
2 2 52.9436 1
2 2 43.1664 5
2 4 42.0974 1
0 4 66.9787 0
3 1 89.2172 4
0 4 69.152 3
1 2 59.7623 2
5 3 63.3924 0
1 1 81.1918 0
2 1 42.2289 4
0 4 57.5776 5
0 2 -5.836 1
5 4 45.6383 0
1 5 22.1556 3
4 2 36.1363 0
4 5 49.0171 3
3 1 -2.955 1
4 4 19.1281 1
3 0 94.1133 2
2 0 53.4331 1
3 1 8.6455 0
5 3 6.803 4
2 1 1.4707 2
0 0 63.52 4
4 1 -7.4139 3
1 4 20.3527 3
1 4 50.6416 3
5 1 42.2139 3
3 0 27.5984 3
5 4 3.7956 3
3 1 46.7359 1
1 3 40.7682 1
3 0 43.9838 2
0 4 13.7354 3
3 3 86.0932 3
0 3 54.589 3
3 1 86.4347 3
1 3 55.2686 5
0 0 15.5446 1
2 4 27.4029 4
3 2 50.2128 3
3 3 8.63 5
2 3 78.439 0
5 5 89.7266 2
0 4 -2.5843 1
1 4 29.9141 0
0 2 7.077 0
5 2 81.8255 1
5 4 0.7469 1
0 4 52.1384 4
4 1 94.5302 5
0 4 -8.5592 0
2 2 23.6544 0
0 0 17.9332 5
4 2 28.6894 0
0 2 57.0671 2
0 1 81.0029 0
2 4 69.1728 1
1 4 26.0484 5
1 4 61.2026 0
4 3 28.1218 0
0 3 -2.9692 4
1 5 31.0203 5
3 4 77.9193 1
3 5 -2.8648 1
2 5 98.0255 2
0 5 -3.7391 1
5 1 -4.9136 4
3 3 76.477 2
5 4 64.9917 5
2 5 56.5711 2
5 2 89.5046 4
0 0 60.2165 4
5 0 22.1523 0
3 0 66.8408 3
1 4 53.3762 3
4 0 32.3369 4
4 0 89.0433 2
1 1 4.9951 0
0 2 65.4519 3
1 0 76.7325 4
1 1 42.3384 3
5 0 -0.0678 5
2 3 1.9579 0
5 3 54.1747 5
4 5 18.6153 3
1 5 31.2536 1
5 5 20.3685 2
5 3 49.2165 1
1 1 3.168 4
3 5 52.0022 4
4 4 50.883 0
2 1 67.4915 4
2 4 39.2912 5
5 3 5.3396 0
4 4 41.4123 1
2 2 91.3499 0
4 5 50.3132 0
1 0 40.9085 1
2 4 57.6578 5
3 0 53.7574 3
0 2 78.9686 0
2 4 23.2071 5
0 5 59.3751 5
2 5 48.5283 4
5 4 31.8558 2
5 3 85.2878 1
0 3 78.5609 0
0 5 87.3665 3
2 1 37.4583 3
3 3 87.9779 4
4 2 41.5514 4
4 3 -9.7518 3
3 4 51.9585 1
4 2 96.1189 5
2 0 -5.9772 5
3 4 37.8516 3
1 5 96.5654 5
1 5 4.2791 1
3 4 57.7079 3
1 4 -8.4124 4
5 3 81.5854 1
0 2 70.2208 5
1 3 26.1632 0
2 5 97.0038 2
4 2 -8.334 5
3 2 -2.5473 3
0 0 63.9092 2
0 4 95.2105 5
3 1 79.4782 3
4 3 91.3655 1
1 2 63.2232 5
2 0 90.6595 4
2 3 80.2969 2
0 2 49.3127 5
5 2 27.3625 4
3 2 35.728 0
5 2 1.0637 0
1 0 77.5016 0
4 0 81.7892 4
1 1 7.7755 3
5 0 30.936 0
2 4 33.3283 0
5 5 -2.2457 5
2 1 3.1445 3
1 5 43.0613 1
0 3 1.4432 3
4 4 51.9327 1
0 2 37.0274 5
5 3 99.3887 3
0 5 55.816 4
2 1 25.7522 4
4 1 30.11 1
4 1 76.2929 0
2 3 46.977 3
2 5 99.0296 3
3 4 63.5541 1
1 4 -9.1302 0
3 5 77.2917 1
2 0 73.2913 1
4 2 76.5706 5
5 4 99.5575 5
0 3 54.8078 5
1 1 30.4499 2
0 0 22.1025 1
1 2 70.0288 4
2 0 27.9364 5
3 2 36.6748 4
4 2 8.8906 3
4 4 55.4229 2
3 2 92.2019 0
4 2 74.8028 0
2 3 15.4788 0
5 5 8.2492 5
2 0 30.5105 4
4 0 20.0296 2
0 5 91.1277 3
2 4 1.0006 2
2 4 69.058 2
5 4 79.4429 0
4 0 -9.7275 4
4 3 -0.1613 1
1 2 -7.0585 4
5 0 87.9147 1
3 0 -9.5383 3
4 5 47.5117 5
5 1 74.2791 1
1 1 16.7264 2
0 1 34.8676 5
2 5 82.9114 1
0 4 69.3934 3
0 5 32.9688 1
5 0 39.3362 3
5 1 -6.8588 4
1 3 18.737 3
3 2 76.0702 4
4 0 98.6349 0
3 1 61.7569 1
5 2 88.4227 4
4 5 4.5677 5
2 5 66.4491 2
1 5 73.304 0
2 3 62.5201 2
4 2 73.0628 0
0 3 3.7362 3
0 5 58.8076 2
3 0 97.7017 3
2 5 29.8103 4
5 2 19.0765 3
1 0 28.7 3
3 0 29.6634 5
2 4 -4.0446 1
0 2 3.9392 5
5 1 96.801 3
2 4 91.04 0
3 4 45.9161 1
3 4 36.6024 1
5 1 -8.6381 2
3 5 52.2399 1
5 2 26.9117 4
0 0 86.3234 5
2 4 -1.8131 3
0 2 71.5241 1
4 3 57.4565 2
1 4 46.2945 4
5 3 8.6176 4
0 0 92.1113 2
0 2 74.5821 3
0 5 50.0955 4
5 0 62.6525 4
1 0 29.0822 0
3 2 38.2664 5
4 5 58.0663 0
3 0 55.8477 4
2 5 -9.2911 4
0 5 44.0692 5
2 4 43.3324 3
1 4 -3.9889 4
1 2 97.4237 2
1 5 2.5653 1
4 3 7.1342 0
1 5 87.7075 5
2 2 99.9481 0
3 5 71.2833 5
4 0 10.9666 3
5 4 88.0675 0
4 5 75.8441 3
4 1 34.9774 3
3 1 39.6522 3
3 2 59.8805 2
0 0 34.2677 2
3 3 1.6074 0
5 1 16.1889 1
5 3 6.3558 1
3 4 32.1984 3
3 3 59.8851 0
2 1 20.8453 5
4 2 73.1061 4
3 5 12.3664 4
0 0 41.0027 3
3 2 9.0258 0
0 5 45.2516 3
5 2 36.1951 2
5 1 58.1841 4
0 5 12.1851 2
1 3 19.3302 4
4 4 28.6763 5
4 1 18.8204 2
5 1 29.0357 0
1 2 39.2864 2
0 5 76.0351 4
4 0 96.3632 4
2 1 0.1195 4
0 2 54.0506 3
1 3 76.8494 3
2 3 22.7237 4
0 0 79.8742 0
0 2 18.6345 5
1 4 -0.1703 1
0 1 61.3102 5
2 1 62.1779 1
4 3 14.2131 0
0 0 87.0484 0
2 0 96.253 4
4 3 35.1361 5
3 3 83.0683 4
4 2 23.7859 3
4 1 16.2387 3
2 1 10.2279 3
5 2 60.6444 3
4 3 62.6122 3
1 5 78.2414 5
0 0 45.3921 0
0 1 37.6774 3
3 4 22.9557 3
3 1 87.074 3
0 4 -4.6502 2
1 5 19.3973 5
2 0 22.4676 3
3 4 16.6869 1
4 1 6.1669 1
1 0 29.6478 1
5 0 76.4206 1
2 5 36.701 1
1 2 23.0478 5
3 4 57.9159 4
2 2 22.2306 1
0 0 25.8893 5
1 3 54.5243 1
1 1 38.5582 5
3 5 13.5158 5
2 5 73.1213 1
5 2 88.7239 3
4 2 14.6009 1
2 4 40.3932 4
4 2 4.4766 0
1 0 81.2179 3
2 2 57.1412 4
4 5 93.8 5
4 1 46.2658 5
1 3 50.9262 5
1 3 39.8418 5
5 2 82.7625 3
2 4 74.5695 1
2 2 66.1232 2
5 2 81.6977 4
1 0 95.3325 0
5 1 -7.8618 1
1 1 15.2264 1
5 0 88.7476 5
5 4 -0.1733 3
0 0 81.2738 0
5 2 61.267 0
1 2 74.6869 5
2 1 3.1455 4
5 2 34.4065 2
2 4 37.9461 3
4 0 -5.1005 0
3 1 40.437 5
4 5 0.0565 1
3 4 10.4973 4
4 4 43.3157 1
1 0 80.9958 1
3 0 50.0622 5
0 0 17.9633 2
0 0 -8.3239 3
0 4 39.4399 2
3 0 -4.6529 3
4 0 40.4765 5
4 3 93.8493 5
2 2 21.7602 4
0 1 6.0774 3
0 3 81.8103 1
3 3 83.4677 4
2 4 -1.2438 5
4 0 21.1016 2
5 5 77.7087 4
3 3 24.0033 2
1 3 92.1193 2
0 3 79.7985 4
5 4 59.3102 4
1 5 98.1051 0
5 1 -2.8206 2
3 4 83.4593 5
2 1 78.0104 3
3 5 74.155 1
3 5 28.5285 0
5 2 90.9851 5
0 4 61.9064 2
4 2 1.0364 3
3 2 57.404 2
2 4 48.394 2
1 4 76.0687 2
3 3 76.7437 0
0 5 22.98 3
4 0 64.7166 0
3 3 44.7813 1
3 2 -9.2958 4
1 2 4.8924 3
1 2 66.3536 0
1 0 84.8839 4
1 5 80.8315 2
4 3 22.4628 2
2 2 37.249 5
3 4 -9.3489 5
3 3 -3.0582 1
3 0 18.8591 0
4 5 74.8524 5
1 4 78.9412 5
5 0 9.1149 4
0 3 21.3713 0
3 5 60.7261 4
3 4 37.7565 3
4 5 8.2159 2
0 4 93.3638 4
3 4 67.9184 3
5 1 90.9771 5
3 3 98.9924 3
1 4 8.1735 4
1 4 14.6074 1
2 0 -2.2223 3
5 1 11.6879 0
1 1 74.1208 5
2 3 1.1851 3
2 5 34.4199 1
0 4 35.4001 5
4 1 86.0084 0
5 5 22.7711 1
1 0 5.2521 0
1 5 67.169 4
3 3 25.8809 5
3 5 74.5157 3
2 1 -2.0102 2
0 0 -8.8835 1
4 3 64.7251 1
1 5 12.5735 0
4 1 65.5067 3
4 1 24.344 3
5 0 75.1205 1
4 2 25.8763 4
2 3 15.9287 4
5 2 -6.8726 1
2 0 -0.1136 0
4 2 25.4509 5
4 3 25.8239 5
4 2 86.107 0
3 2 96.9413 5
4 5 6.3894 5
3 1 20.8947 4
3 0 80.2656 4
1 5 12.7588 2
0 3 96.4101 3
5 3 56.7872 2
0 1 -1.3588 3
4 2 53.4309 0
3 2 35.9566 4
1 2 21.1175 3
5 3 -7.6139 0
1 5 16.3144 1
0 2 26.5553 1
3 4 36.1778 4
3 1 35.4643 5
5 1 44.9444 2
1 5 39.8225 5
4 2 0.1772 3
5 0 60.3559 5
4 0 8.4947 4
5 2 19.1345 1
2 1 -5.7729 0
4 2 64.1812 4
3 4 46.3248 5
1 0 1.5027 5
2 0 53.4911 2
3 4 12.9963 0
3 5 64.6804 4
2 1 8.583 0
3 1 92.8646 4
3 4 84.0177 1
0 2 83.0028 0
5 3 87.4277 2
4 3 95.408 1
2 2 77.6551 1
1 1 85.2397 0
5 0 4.8492 4
5 3 -7.4493 5
3 1 32.6643 3
4 0 22.3041 2
5 2 40.7624 5
3 3 -6.3667 1
4 3 58.078 2
3 2 47.2994 5
1 5 96.2273 5
1 1 66.4802 5
1 3 79.2672 4
5 5 9.5351 4
1 3 49.5357 1
2 3 34.3365 5
0 3 67.8438 4
3 5 31.3037 0
0 3 -9.3572 3
0 1 52.0912 0
1 4 -9.5946 4
2 0 23.3072 1
1 2 67.208 5
0 2 53.1704 1
5 3 24.257 0
1 3 57.1621 3
5 1 90.8179 1
2 1 66.255 5
0 1 8.2468 0
5 2 14.4797 4
5 1 93.5113 2
2 3 20.9735 1
5 1 34.9388 0
3 3 -0.4111 5
5 2 21.5669 1
2 1 99.4572 5
0 1 92.5101 3
0 2 67.0049 1
0 4 97.5364 5
4 4 67.278 0
5 2 61.6311 4
2 0 89.0301 2
0 1 3.8933 4
1 2 39.4888 2
0 4 80.6156 0
0 1 85.3833 2
4 0 56.3937 3
3 4 71.8955 4
3 4 90.2012 0
4 4 43.6976 3
5 2 93.4832 3
2 2 86.7774 2
3 3 0.6389 1
1 0 76.7446 4
4 5 35.0121 4
3 4 98.1379 0
3 5 68.3377 2
0 3 27.4971 0
1 2 3.5632 4
3 3 77.6036 4
3 4 65.0671 0
2 5 95.4346 5
0 2 66.9557 3
0 5 66.3 4
5 1 31.9538 1
5 4 73.7917 1
4 0 14.3307 3
0 2 15.4462 0
1 5 41.6151 0
5 5 46.9785 2
5 2 12.575 4
0 5 21.0218 0
2 1 -0.0869 4
1 4 83.7216 4
4 2 98.8123 0
4 3 49.6945 3
3 1 50.488 1
3 2 -1.8734 4
5 1 -4.3302 1
5 2 83.4597 4
2 0 52.2025 0
3 5 48.2337 0
0 5 57.0009 0
5 5 47.6429 0
0 2 93.93 0
3 2 19.7981 4
2 3 24.2106 5
4 1 94.8364 1
5 1 91.2124 5
3 3 76.2279 0
3 1 43.3506 5
5 0 18.791 0
1 1 60.5155 3
0 2 33.2669 1
4 5 71.4852 1
4 5 21.0262 5
4 3 -7.3262 3
5 4 60.6278 5
2 2 10.9562 3
0 4 -8.7406 0
1 2 5.5644 5
2 0 24.6542 0
2 3 11.4838 5
5 3 85.9866 2
2 1 48.0535 3
0 1 5.3771 3
4 4 35.9263 0
1 1 79.4342 2
5 2 33.1816 1
4 3 94.7811 3
1 3 11.9394 1
0 3 82.1153 0
0 4 50.3803 3
1 1 78.8853 0
1 0 70.1614 3
1 3 32.7402 1
1 2 95.9572 1
5 0 51.6018 5
1 4 0.7546 2
0 3 73.8045 3
0 4 14.8112 1
2 3 11.4859 1
2 1 84.1152 2
4 3 14.6731 5
0 1 4.2194 4
0 0 90.4358 5
1 1 -3.8695 2
5 3 9.906 5
4 2 30.5434 5
3 2 42.361 0
4 4 61.0022 2
5 4 85.8428 5
3 5 11.5089 5
2 0 -5.4115 0
4 2 72.018 3
1 4 9.9442 4
1 5 -1.5169 4
2 2 97.2865 1
