3 3 0 3
0 0 95 1
1 1 24 0
3 1 29 4
1 3 76 5
1 3 96 0
0 0 96 3
2 3 53 1
4 2 42 4
2 3 15 5
3 5 46 1
4 1 -9 3
1 5 39 0
5 0 42 4
3 1 94 2
2 0 25 1
0 4 35 4
0 1 18 3
2 2 64 3
3 1 53 2
5 4 17 4
5 2 56 0
4 3 39 3
5 5 1 0
3 0 55 3
1 0 43 3
5 0 47 5
0 3 58 4
5 3 32 2
3 2 32 1
0 0 59 0
4 5 69 5
0 2 -5 3
0 5 87 4
4 1 92 3
3 5 95 0
0 4 21 4
2 3 14 1
1 5 38 3
4 1 99 2
5 1 98 5
3 3 55 5
2 0 69 4
4 5 63 2
4 5 43 3
2 3 93 2
4 1 22 1
2 5 5 3
2 1 36 0
5 5 87 0
1 2 20 1
4 0 71 1
5 1 9 0
3 1 39 2
4 4 95 1
4 1 97 0
3 1 24 0
0 0 64 0
2 0 95 5
5 3 21 4
3 3 88 4
2 2 87 4
5 5 64 1
5 5 51 2
0 4 41 3
3 2 18 5
2 0 53 2
5 1 58 2
4 2 77 0
3 0 13 0
5 3 71 1
0 3 45 5
4 0 45 1
4 5 78 5
5 1 94 0
0 3 1 4
1 4 23 3
4 0 68 2
5 2 39 4
5 2 53 3
0 5 24 1
4 2 85 4
4 5 26 4
1 1 65 0
2 1 58 1
3 0 46 5
4 5 50 4
5 0 14 0
1 1 -6 2
4 5 81 1
3 0 78 4
3 4 87 4
5 4 79 1
0 0 46 1
3 2 1 0
3 5 65 4
2 4 45 3
4 2 87 2
2 5 -8 5
4 5 12 3
4 2 69 0
0 4 20 4
5 2 52 4
4 5 21 2
4 2 31 2
1 2 36 3
2 1 32 0
4 4 85 4
3 2 88 4
1 2 96 1
5 3 44 5
4 0 42 4
5 0 33 0
2 2 70 3
3 0 67 0
3 3 90 3
1 5 45 1
2 2 4 0
3 5 51 0
5 0 94 1
2 5 87 0
1 0 46 4
2 5 33 5
5 2 13 1
4 4 60 4
5 2 -4 3
3 2 93 1
5 1 62 5
4 1 46 3
5 4 50 1
1 5 42 1
5 5 47 3
0 5 40 5
5 5 -8 0
3 4 96 3
4 3 48 4
4 5 99 1
4 4 33 0
3 0 18 2
4 2 100 5
0 4 8 0
0 5 99 4
2 5 44 1
4 3 7 0
3 4 42 0
5 5 39 5
4 5 45 4
2 0 72 5
3 5 97 1
2 2 -7 5
4 5 87 3
5 3 8 2
5 1 17 1
5 5 84 4
1 5 36 5
0 1 45 0
4 2 75 5
5 3 13 3
1 2 16 3
2 2 96 4
0 2 52 4
0 3 38 1
5 2 83 0
5 0 12 1
0 4 51 2
0 2 37 2
1 3 80 1
4 4 32 3
3 5 38 0
3 5 41 4
3 0 32 2
1 1 79 2
1 2 -8 0
1 1 47 5
1 3 1 5
3 5 86 1
5 5 93 4
2 4 -9 3
4 5 36 3
2 5 48 0
5 3 89 5
1 3 85 4
1 3 50 5
4 4 20 0
2 5 21 1
4 5 86 4
5 5 26 5
0 5 19 4
0 3 63 5
0 0 76 3
5 5 6 1
3 4 73 1
4 4 27 4
3 4 62 1
4 3 25 2
3 1 44 3
4 1 -2 0
4 4 6 2
4 0 17 4
1 5 93 5
0 4 24 5
5 3 66 0
3 2 89 3
1 2 70 0
1 4 27 5
1 2 95 3
2 4 49 2
3 5 78 2
2 2 90 3
3 3 21 4
0 4 67 4
2 4 61 5
4 5 61 4
3 1 82 0
1 0 26 0
2 4 65 1
5 5 56 3
5 1 21 1
5 0 -5 4
3 0 -1 4
3 3 84 0
3 2 89 1
2 2 29 3
2 1 22 3
5 5 69 5
3 4 82 4
0 4 24 4
2 5 78 3
1 1 81 3
1 3 57 1
2 2 51 2
0 3 57 3
3 4 97 3
5 2 92 4
0 3 3 5
2 2 36 0
4 2 37 1
1 3 51 1
5 1 -1 5
2 0 6 4
3 5 100 1
0 5 0 3
2 3 61 4
3 1 1 1
0 3 30 5
0 4 71 0
2 3 34 1
0 4 23 2
4 3 42 5
3 2 29 1
4 1 5 3
0 2 -8 5
3 5 38 3
3 0 81 4
1 4 37 4
1 3 47 5
3 0 20 2
4 0 70 5
2 0 92 5
4 2 42 4
5 1 78 0
4 4 80 3
0 4 82 1
2 2 92 2
1 5 84 0
0 0 73 0
2 4 9 5
2 3 -8 0
1 0 48 1
0 1 98 1
5 4 68 0
4 3 7 3
4 0 7 2
0 4 40 1
2 0 62 4
2 3 52 3
0 4 36 0
0 1 6 3
4 4 -9 0
3 0 -2 3
3 0 18 0
1 5 17 0
5 4 98 1
2 1 21 1
0 1 97 1
2 3 2 4
5 1 -5 0
4 5 -4 5
0 2 73 2
2 0 43 2
3 5 -5 3
3 2 58 4
3 4 -2 2
1 5 45 0
4 0 83 4
1 3 55 5
5 5 35 0
3 5 79 1
5 2 92 5
1 5 43 1
3 3 65 2
4 3 77 2
1 0 69 3
4 3 3 3
1 2 17 0
2 1 24 5
0 3 30 3
4 3 75 2
2 5 45 3
0 5 36 3
2 1 57 2
1 5 -1 2
0 0 77 1
3 1 74 2
3 4 3 0
5 4 22 3
5 3 80 5
0 4 0 4
4 0 54 1
4 5 51 5
2 1 86 1
0 5 30 4
1 0 72 3
3 5 50 3
0 3 -5 0
1 2 -1 4
3 3 -1 4
3 4 70 5
4 5 51 1
2 2 14 3
0 2 45 1
1 0 -3 0
2 5 100 2
2 0 61 5
1 5 61 3
3 4 19 3
4 2 84 0
4 3 88 0
3 0 47 3
3 5 27 2
3 5 44 3
4 5 36 2
1 1 99 1
5 0 55 2
3 1 1 2
0 0 24 4
4 5 44 2
2 1 30 3
0 4 58 0
1 5 -2 2
0 3 10 2
3 1 51 0
4 5 37 4
5 0 30 0
2 1 1 5
5 5 66 3
1 2 74 3
5 3 94 1
3 5 9 1
2 3 85 0
1 1 90 4
1 0 75 0
2 2 38 1
1 5 42 2
2 0 47 4
5 4 67 2
5 1 45 5
0 4 -4 5
4 5 56 2
4 1 26 3
4 3 42 3
5 3 47 1
4 4 -1 3
3 5 84 0
3 3 24 3
2 0 27 2
0 3 70 0
2 3 89 5
4 4 51 5
0 3 23 3
4 3 39 4
0 0 4 0
2 3 82 2
2 2 53 1
1 3 -9 2
5 3 38 5
1 5 74 2
1 3 26 5
1 3 17 5
5 0 12 4
1 4 29 5
2 0 23 5
4 5 64 3
5 3 1 2
5 4 78 3
2 2 30 4
5 2 45 5
0 2 16 1
5 0 63 3
2 3 70 1
1 5 15 4
5 2 32 3
2 1 39 0
1 0 -5 3
4 3 98 2
4 0 11 5
1 0 56 4
0 0 2 0
1 0 90 5
2 1 28 2
3 1 68 3
4 1 19 1
2 3 -1 5
5 3 90 5
3 2 -9 0
5 2 63 3
2 2 21 5
0 1 -6 1
2 3 18 4
0 2 30 1
2 3 50 3
2 1 63 3
5 5 39 2
0 5 100 1
1 2 25 1
5 2 33 3
2 0 80 4
1 2 41 3
1 5 51 2
4 5 -4 3
2 0 93 2
5 4 0 3
5 0 94 2
3 0 79 1
5 0 100 4
5 5 6 5
4 2 77 2
4 3 69 0
2 5 77 4
4 1 3 1
1 0 24 3
0 5 60 0
4 0 22 0
0 0 44 2
4 3 37 5
0 0 48 0
4 4 89 0
2 3 51 0
1 0 52 0
0 1 84 1
4 4 76 3
2 0 64 3
2 5 43 3
3 0 41 4
1 0 61 2
5 3 59 2
4 0 95 5
4 0 6 1
0 5 13 1
3 2 88 5
0 1 -6 5
0 5 39 2
3 3 76 3
0 2 16 0
3 1 26 3
0 4 79 3
0 5 8 0
1 3 55 3
2 5 54 5
3 3 50 4
5 2 -7 0
0 5 8 4
3 3 8 4
0 5 4 4
3 2 88 2
0 5 79 3
0 1 86 4
1 1 36 0
4 5 45 4
0 2 64 5
2 2 44 2
2 2 79 2
4 5 22 2
0 3 -1 5
0 4 64 0
4 5 72 2
2 4 52 5
2 1 10 0
1 5 51 5
5 3 20 2
2 2 25 4
2 2 3 5
2 0 49 3
5 1 49 3
0 3 98 1
2 5 60 4
2 0 82 0
5 3 31 0
4 4 74 4
0 1 96 1
5 3 90 4
4 5 19 0
2 5 50 0
3 2 29 1
0 3 69 2
4 4 25 0
3 1 0 4
0 3 32 2
2 2 41 2
2 5 95 4
5 3 43 5
3 1 67 5
1 0 -3 2
3 5 64 0
0 5 -6 1
2 1 90 3
4 5 8 5
5 2 46 0
1 1 31 3
0 5 81 2
2 4 15 1
3 1 1 3
0 5 94 1
2 5 92 0
4 2 45 0
1 0 13 2
4 1 27 5
3 3 27 0
0 4 75 1
4 1 46 0
0 3 11 1
4 0 76 1
0 3 66 1
2 1 37 0
5 1 84 3
4 0 60 5
4 3 70 5
0 2 20 2
3 0 39 0
1 5 23 0
2 2 67 1
5 1 98 5
5 0 14 0
2 2 64 3
0 2 53 3
0 0 12 1
5 0 31 3
5 3 59 5
2 0 43 0
5 2 11 5
5 4 59 5
1 4 86 5
2 0 21 2
2 3 -5 2
1 4 58 0
1 1 20 0
0 4 26 1
0 3 4 4
5 1 -1 1
0 2 33 3
0 1 63 0
3 2 22 4
4 2 59 1
2 2 86 0
1 4 63 3
0 4 -6 5
3 1 22 0
1 0 9 2
5 0 -1 4
0 1 29 4
3 5 73 2
2 0 96 2
0 5 15 2
5 3 55 5
4 5 39 3
1 5 2 2
4 3 79 3
2 0 66 1
5 2 98 2
0 4 80 3
0 5 88 5
3 0 99 1
5 3 52 4
0 2 73 3
0 3 75 4
5 2 42 2
1 4 5 3
0 0 80 2
0 3 91 2
5 3 62 2
1 2 88 1
5 2 49 3
0 0 21 0
4 1 -4 4
0 3 97 3
3 5 79 2
1 0 5 3
5 3 100 1
4 5 7 1
0 2 69 0
0 4 8 0
5 3 2 5
5 5 68 0
1 5 94 1
1 1 44 5
3 3 13 3
1 5 20 5
4 0 42 5
0 3 63 0
0 2 64 2
5 1 63 4
0 4 73 0
5 5 -4 1
0 0 7 4
1 4 23 5
3 1 70 0
3 5 0 4
4 4 15 4
1 3 44 2
5 0 28 0
1 2 37 5
4 0 2 3
1 5 2 2
0 5 12 2
2 5 -2 3
1 0 19 0
2 5 6 0
4 5 43 4
1 1 14 4
2 4 57 1
2 1 45 3
2 2 77 4
4 0 45 1
0 1 91 2
3 1 -6 3
2 3 46 3
2 4 61 0
5 0 72 1
3 1 65 3
3 0 39 5
0 0 9 3
3 4 49 1
3 4 86 1
3 0 59 1
5 5 37 1
1 0 74 4
0 2 18 1
4 3 64 1
4 2 -4 3
3 2 44 2
5 3 17 3
2 1 36 0
0 3 56 2
2 3 27 0
4 1 63 2
1 2 60 2
4 5 98 3
3 2 72 5
3 0 43 4
4 0 17 5
4 4 45 2
0 2 -2 3
3 4 27 3
2 5 45 0
0 0 -5 5
0 5 99 2
3 4 59 0
2 4 3 3
5 2 25 1
5 5 52 4
5 4 13 4
5 5 34 0
1 5 29 1
5 3 -10 3
3 5 71 4
3 2 97 3
3 4 37 3
4 1 38 2
2 2 75 5
3 5 92 4
1 3 1 2
3 1 22 3
2 2 91 2
3 1 37 4
2 4 30 1
2 3 7 5
4 2 93 0
1 5 26 0
3 2 8 0
1 2 43 4
0 0 47 5
2 4 43 5
2 1 87 0
0 4 36 3
1 3 7 0
4 2 49 5
0 0 22 4
1 5 63 5
5 0 19 3
3 5 45 2
2 5 70 3
5 2 50 1
4 3 34 1
1 1 10 1
4 5 11 2
1 0 63 2
2 0 76 2
4 0 95 4
2 2 -6 5
0 3 47 0
4 4 65 0
4 1 82 3
2 4 93 0
4 3 -6 4
1 5 24 0
1 2 48 5
5 2 -8 3
4 5 56 1
4 1 96 3
4 0 15 4
3 0 8 1
1 3 1 3
1 3 72 4
5 3 60 1
0 4 46 0
4 4 42 1
5 2 23 2
4 2 66 3
2 1 54 0
2 3 79 5
5 1 -8 4
2 2 -1 3
5 3 77 5
5 3 89 1
4 3 20 5
5 0 -3 4
0 3 63 4
0 4 70 3
0 0 -6 5
4 2 46 1
2 0 97 4
0 3 88 1
1 1 6 0
1 1 100 1
5 4 90 1
1 2 37 2
3 5 34 5
0 4 28 5
3 0 26 4
3 5 -2 5
1 4 87 5
5 0 -4 4
0 4 0 1
3 4 26 1
2 1 76 0
4 0 87 1
3 3 53 1
0 5 89 4
5 3 0 4
2 0 15 3
3 1 9 4
3 0 26 2
2 3 87 3
5 3 58 5
3 2 99 3
1 4 58 4
4 0 72 3
5 3 12 5
0 4 7 3
5 1 -9 1
5 2 40 2
1 2 85 5
5 1 96 5
5 4 53 0
1 3 16 2
1 0 57 3
1 1 84 5
5 0 -7 0
1 1 39 4
3 5 31 2
2 2 82 2
4 0 4 5
0 4 87 0
5 2 65 0
1 4 84 3
5 1 42 2
2 4 30 4
3 0 32 3
0 5 96 0
2 0 6 3
5 1 59 0
1 1 10 2
3 4 27 4
5 3 37 4
1 3 30 1
2 3 29 2
5 1 97 5
0 0 20 2
0 1 96 2
5 1 38 1
3 0 18 0
2 2 65 2
3 0 91 4
1 1 98 1
0 4 79 0
0 0 46 2
5 5 62 2
1 4 60 5
2 0 2 2
0 0 18 4
2 5 46 2
3 3 6 1
0 1 52 1
4 5 32 5
0 4 8 4
5 4 -1 4
5 4 98 5
1 0 61 4
5 4 33 5
3 4 10 4
1 4 98 2
0 1 78 3
3 5 0 0
2 2 9 0
0 0 43 0
5 0 77 4
2 4 59 1
4 5 40 1
0 3 33 2
3 2 35 2
3 1 7 0
0 0 13 4
5 0 44 2
2 4 83 3
4 5 18 0
0 3 -9 3
0 0 46 2
0 2 0 0
4 2 59 2
3 4 96 4
4 0 2 1
3 5 82 4
0 2 72 3
2 5 33 1
3 5 75 5
3 2 85 0
2 1 22 3
1 2 8 2
3 3 38 2
2 0 19 5
2 0 95 5
2 1 51 4
5 3 15 4
1 5 78 4
4 2 -3 4
2 2 6 4
1 1 85 0
4 3 33 1
1 0 98 5
3 3 66 4
1 0 76 2
2 4 42 1
5 2 89 4
3 3 -8 4
3 1 18 2
4 1 19 5
2 2 92 4
5 3 73 0
2 5 47 5
3 2 28 2
2 4 -8 4
0 2 66 0
4 5 14 5
3 2 19 0
3 4 56 5
5 0 55 2
1 0 13 1
5 4 30 1
3 1 11 4
4 2 86 5
2 5 -2 4
1 4 25 5
0 1 51 0
1 4 80 1
1 2 45 1
3 4 13 0
0 1 14 5
1 3 47 5
4 5 3 4
4 3 90 4
5 3 34 2
0 2 67 2
3 1 28 5
0 2 59 3
3 5 61 4
4 5 92 4
3 4 -7 3
3 3 66 1
5 5 49 5
2 2 97 5
1 3 13 4
2 1 -5 0
5 0 83 3
0 4 18 3
5 2 71 5
5 1 5 1
2 2 9 1
1 0 85 3
5 0 13 5
2 1 79 3
5 1 1 2
5 0 87 3
3 1 84 3
1 2 75 3
4 5 70 2
2 2 -7 5
0 3 53 3
1 1 58 4
4 2 34 4
0 2 36 2
4 3 54 1
4 1 -1 3
0 3 61 1
2 5 86 1
3 5 75 4
4 1 11 3
4 3 34 4
0 4 48 2
5 2 67 4
3 3 59 5
0 0 91 0
3 5 30 0
2 5 89 2
5 3 73 0
1 0 -6 0
5 2 56 1
0 3 31 1
3 2 98 5
5 3 37 1
4 2 -9 5
3 0 14 3
4 0 66 4
0 1 34 4
1 1 78 1
1 2 -5 5
3 2 69 4
4 1 40 5
4 4 2 1
1 0 47 1
5 3 44 5
5 1 93 1
0 4 62 1
1 4 58 3
3 5 95 3
2 4 -6 3
4 1 80 2
0 4 72 1
4 3 16 2
2 4 73 3
4 3 70 2
3 1 89 5
0 5 57 1
1 5 78 2
3 1 11 0
0 4 37 2
3 2 83 2
0 4 23 0
2 3 33 2
0 0 30 1
2 4 12 3
0 0 75 1
1 3 61 2
1 1 47 3
4 5 5 1
2 1 52 0
0 2 54 4
0 4 43 5
5 3 79 3
1 4 1 0
3 4 -6 4
2 2 7 0
4 0 72 0
3 5 -6 0
3 1 77 2
2 4 10 5
4 5 69 1
5 4 57 3
2 4 96 5
2 2 60 5
1 3 60 2
5 4 -9 1
2 0 -6 5
2 4 85 4
2 5 19 0
3 4 99 5
1 3 87 2
0 5 26 1
2 1 0 1
0 4 32 3
4 3 94 4
