1 3 51.1677 3
3 3 14.0902 2
4 5 32.0307 1
5 1 -3.8392 4
3 4 0.0073 2
4 2 92.3782 2
4 1 0.6433 5
2 2 98.2644 4
0 3 64.4926 2
2 0 15.2203 0
1 5 87.0032 3
1 0 67.0494 3
3 4 9.4561 3
1 1 59.4905 0
5 3 51.2677 2
3 3 36.9787 2
4 0 83.4052 3
3 2 13.7514 3
2 0 87.9565 5
4 3 15.2906 3
1 3 55.0429 4
2 2 20.1451 0
0 4 25.134 3
3 3 4.622 2
2 3 37.9959 5
4 0 5.4899 4
2 3 78.6535 2
4 5 4.5239 2
2 5 78.2326 4
4 5 92.2953 2
5 2 1.6343 0
1 4 3.5273 1
5 1 51.4247 1
1 1 59.2263 2
2 2 13.7798 3
2 4 -0.5246 4
5 0 -9.5335 5
1 2 85.6692 3
2 3 26.9438 0
1 0 88.0623 3
3 1 13.5532 3
3 4 -3.8515 5
4 1 22.9872 2
0 4 61.2183 3
0 3 6.3618 4
3 0 86.6037 1
4 1 32.724 5
5 0 99.8754 1
2 0 43.7966 5
2 4 -5.9454 1
5 0 73.7117 5
1 3 -8.7105 2
2 3 94.3398 5
5 3 74.1607 5
4 4 9.8869 2
3 2 9.4163 4
5 4 37.7741 1
4 2 1.5452 0
3 3 89.7939 1
1 2 46.462 0
3 5 22.2118 0
2 2 56.0215 2
2 3 22.9632 2
2 4 98.3918 3
1 2 27.0153 1
0 3 1.6267 4
5 0 43.6196 5
0 4 52.3186 0
0 0 58.2532 4
0 0 71.6323 4
1 3 92.2713 4
2 5 -2.5036 2
4 1 79.9884 2
0 3 -1.9884 5
4 5 -5.8039 1
3 5 3.3157 3
5 1 36.5951 4
0 2 7.2442 3
5 1 83.654 0
5 1 89.0528 2
4 5 94.6414 4
5 4 82.4273 0
2 3 9.7747 1
3 2 33.2323 1
1 3 41.4031 3
4 2 82.3068 4
2 1 83.668 2
0 5 89.7151 1
4 5 36.7668 1
4 3 22.1822 2
1 5 82.5091 2
1 3 0.9154 5
0 3 38.5002 1
0 1 53.6216 3
3 1 10.9507 0
4 4 35.3252 0
0 1 84.9671 3
0 5 78.4755 2
1 5 54.7442 5
4 0 -7.2567 2
4 1 52.9737 0
4 2 37.688 2
4 0 54.3477 0
2 5 57.4684 1
5 4 60.3185 5
4 1 92.6491 1
2 0 64.3928 5
4 1 5.1604 3
2 5 95.4484 5
2 5 88.2834 3
0 3 83.8196 1
4 4 24.5036 1
3 0 60.4529 5
5 0 51.3847 2
0 3 94.2754 5
4 4 65.3997 2
4 4 48.4484 2
3 4 0.9381 2
4 4 26.4773 4
2 2 79.3432 0
0 4 -0.6039 1
3 3 92.509 2
0 0 27.1332 0
1 2 42.0452 2
2 5 78.3172 3
1 4 46.7851 3
5 5 7.6241 2
2 0 97.3376 5
4 3 51.6353 3
4 5 62.659 3
5 2 69.2619 4
3 5 26.3989 2
3 4 80.775 0
3 0 -6.9646 4
4 4 88.6989 1
2 5 71.6776 5
2 2 81.7903 2
5 1 92.7128 2
3 2 11.0929 1
1 2 87.1118 2
3 1 77.4554 1
5 4 20.3427 3
3 2 69.5516 1
2 1 12.1482 4
0 5 25.2018 4
1 4 95.8382 5
4 1 21.4269 4
1 5 89.773 0
4 2 21.8791 2
4 0 76.5681 3
1 5 97.6769 3
1 2 41.58 0
4 2 7.0143 5
4 2 97.9584 5
0 3 94.9187 0
0 2 21.2483 2
2 2 -6.378 5
1 4 38.4801 5
2 3 66.141 1
3 3 54.9941 1
4 3 85.0678 0
0 1 93.0549 1
3 4 95.948 4
3 4 46.2956 3
2 4 28.9068 2
3 4 2.2684 3
0 0 83.5598 0
2 1 60.7295 2
0 5 91.4863 1
5 5 74.0463 1
2 5 -9.5086 1
2 2 70.608 3
0 5 49.5669 5
4 5 30.7878 4
2 1 45.1069 0
2 4 6.6307 0
1 2 74.0992 5
5 0 -7.5536 3
3 1 29.4703 1
3 5 94.3699 4
0 2 42.449 0
0 1 35.9102 4
5 3 -8.4006 0
0 5 99.392 4
1 2 55.8657 3
5 0 78.0934 2
5 2 21.5561 3
1 3 78.0149 3
1 2 13.0557 5
3 2 75.0823 5
2 1 30.679 1
0 3 76.2516 3
2 0 41.8088 2
0 4 75.2514 0
0 1 -7.4091 4
3 0 51.433 0
4 2 16.0804 2
3 2 2.2724 1
1 5 93.2304 4
5 5 6.2048 1
1 1 12.0152 0
4 5 57.34 0
2 2 70.0192 4
2 2 41.6914 1
5 1 55.8848 4
2 3 73.292 1
1 2 95.6133 2
4 0 55.5514 5
0 2 67.2926 3
2 2 14.4785 3
3 2 80.4011 1
4 3 -7.4792 2
5 5 20.4433 0
4 2 28.825 3
3 1 60.3187 3
4 5 87.0125 4
4 5 76.0756 4
0 0 75.6703 5
0 0 45.8874 5
1 1 55.1068 3
3 0 5.7464 5
1 0 97.288 0
0 1 67.6798 3
3 2 61.8135 1
2 4 41.4987 5
1 1 53.7737 4
2 5 -1.9662 4
4 2 -0.4136 4
3 2 29.04 0
5 3 3.6435 2
0 0 58.5835 5
1 0 30.7665 3
1 3 75.2265 1
4 3 22.957 4
2 4 93.1755 5
3 1 93.6276 2
2 2 -4.5735 0
3 3 42.4034 0
0 1 -7.3058 3
3 5 59.0286 3
5 5 19.2675 0
0 0 65.3483 2
1 5 69.7502 1
0 0 10.486 5
1 0 89.2998 0
2 0 19.9096 4
2 5 -6.1749 3
5 4 2.0415 1
0 3 99.1101 5
5 0 92.8281 2
5 3 8.9091 1
0 1 70.0212 3
0 1 74.7565 1
4 0 76.3426 3
3 2 97.1272 1
4 4 -2.4186 1
1 0 79.3473 2
3 2 2.1922 2
5 4 44.8112 4
2 2 1.1205 4
0 1 3.816 2
1 5 78.3408 5
5 2 -9.5421 4
1 2 46.4952 1
0 1 -1.9626 4
2 1 64.5004 0
3 1 59.6639 3
5 4 77.8033 1
2 2 81.1463 5
5 2 73.4403 1
4 1 39.9559 0
2 3 49.1071 1
5 0 53.014 2
0 0 74.2046 4
4 1 28.4569 3
1 2 32.7685 5
3 1 63.7516 1
0 4 81.8005 2
3 4 88.9346 1
4 3 36.5766 3
5 5 37.0227 1
1 0 10.3357 3
4 1 95.3149 5
4 0 88.4819 3
2 4 62.7819 2
3 1 8.7471 1
5 5 50.7878 5
0 5 51.018 3
3 4 75.2256 0
3 4 1.1011 3
1 4 -3.5487 1
5 0 17.2279 2
5 2 13.1365 5
0 5 94.108 1
3 2 84.9017 1
4 1 27.1015 2
1 5 90.8283 0
2 2 83.4879 4
1 3 92.8974 5
4 3 57.6759 3
2 0 64.7472 3
4 4 83.0161 2
5 1 -5.3781 2
2 1 27.9909 5
5 3 63.3966 0
5 5 78.9645 3
0 2 39.1717 4
1 2 8.8708 2
3 0 -5.397 4
1 2 -4.8256 0
4 0 51.4128 4
2 2 8.8915 5
2 3 -6.4866 4
3 3 42.8388 1
3 0 29.2239 5
1 5 58.0405 0
4 0 11.9126 4
4 4 71.0005 3
5 4 44.6274 0
4 4 19.125 4
5 2 30.6241 0
0 4 58.7292 4
5 5 55.2723 5
4 5 39.9222 2
5 4 37.2877 5
0 0 22.3851 4
3 3 84.7904 0
4 4 58.1077 3
3 1 6.618 2
4 5 -3.4431 4
5 1 55.3217 2
2 0 53.9054 2
5 4 79.5674 1
4 2 33.247 2
4 5 43.4496 1
5 2 20.3199 5
2 4 49.7552 1
5 0 37.4009 4
0 2 2.0818 0
3 0 83.2378 2
4 2 40.6338 5
0 3 40.8707 1
4 1 98.0221 3
5 1 66.79 5
3 5 21.8265 1
2 3 50.1092 4
2 4 93.4111 2
4 0 30.6256 4
3 1 24.6902 4
4 0 56.6358 5
4 3 79.2723 4
4 4 58.5768 0
2 4 2.9664 2
5 5 -0.5801 1
2 3 51.6911 1
4 2 65.5295 1
5 4 48.5316 3
0 4 2.1795 4
0 3 6.7467 1
4 4 85.3516 2
2 4 70.0669 0
0 3 -5.9359 2
1 1 32.4741 3
4 0 -7.0851 4
5 1 21.8127 3
5 4 94.0337 3
1 0 98.4994 4
0 0 86.8216 1
0 3 81.8552 4
3 0 37.6934 0
5 1 92.3184 1
5 3 -5.5827 2
3 4 65.5302 2
5 4 91.6049 4
1 3 42.5238 0
1 3 42.6666 3
1 3 71.0117 2
5 5 94.7178 3
1 1 13.9843 0
3 0 85.4008 1
0 2 68.0196 5
0 2 69.2728 1
1 2 -5.6744 4
4 5 72.2357 5
0 4 78.5904 3
5 2 46.8977 3
3 1 8.5556 2
2 2 53.0534 0
2 0 16.4348 1
3 5 69.5105 1
4 1 1.4057 2
1 1 -5.0707 2
0 0 55.2384 0
0 3 28.5604 2
5 0 -9.8777 2
2 1 73.9562 3
4 4 19.1308 2
4 0 14.2372 1
1 5 26.161 2
5 2 90.2705 5
5 2 73.0991 2
0 1 57.1628 5
3 1 -2.7781 1
0 5 34.4912 5
4 1 30.556 5
4 0 66.2145 4
4 3 17.3811 2
2 5 -9.6687 1
3 5 37.4913 2
3 4 72.8557 2
2 5 45.7698 5
2 0 16.35 2
3 1 7.616 2
0 1 17.6784 3
1 3 -6.0508 4
1 3 99.6564 5
3 5 62.9719 4
5 2 93.6074 5
3 4 29.7365 4
4 4 18.6679 4
4 4 34.4232 5
0 2 89.5195 5
5 5 85.5631 2
1 2 5.8983 1
4 1 15.3515 4
5 4 56.6799 0
2 2 54.9496 3
1 4 26.525 3
2 1 97.5312 1
4 1 66.3171 4
5 3 9.8906 5
4 2 5.127 0
0 2 11.5649 5
3 2 21.8958 3
2 1 12.7685 3
1 0 33.5015 2
5 2 94.5503 0
4 0 73.3195 0
1 4 88.514 1
2 4 1.6154 4
3 1 -9.6054 5
5 1 6.7921 3
3 5 23.5942 0
2 4 34.8306 3
4 1 96.0073 3
3 2 30.3536 5
4 1 16.5836 0
1 5 60.9096 0
0 1 9.7759 0
3 1 69.8504 2
4 2 87.5525 1
5 3 84.7901 3
5 3 47.0681 0
0 4 38.0447 3
0 0 28.819 4
4 0 84.1451 0
3 0 77.8777 0
4 1 95.9945 4
3 2 37.8033 2
3 2 44.4727 4
4 2 91.2895 2
2 2 54.0212 0
0 1 87.3378 4
3 5 26.3355 2
5 1 -4.64 5
5 2 76.9938 3
2 5 1.416 2
4 0 59.5131 0
0 2 36.9565 3
4 4 -9.2636 1
1 5 38.6604 3
5 3 42.423 5
1 2 25.2482 2
4 3 35.4849 5
5 3 16.9003 1
1 1 63.6953 2
4 0 6.833 2
5 4 13.9414 0
4 3 69.6411 0
4 1 33.5556 1
3 4 94.3086 2
4 4 90.1715 2
0 4 26.2031 2
0 4 16.5145 1
1 4 80.4942 0
1 4 5.769 4
0 2 97.6918 3
0 0 91.9264 2
3 5 78.3334 4
4 3 49.6927 4
4 3 18.0186 1
0 3 24.3665 4
2 0 61.5145 5
1 4 41.1758 3
2 5 -3.8443 3
4 2 86.7794 3
2 5 96.5974 1
5 2 -7.9182 3
5 2 72.8466 5
2 1 38.7242 1
4 3 76.166 1
4 3 80.1269 3
4 5 54.6498 2
1 2 -0.7777 0
3 2 31.828 5
5 4 50.1742 1
0 0 13.8132 2
1 3 4.8968 3
1 1 34.1039 4
2 2 10.4045 1
2 2 98.6128 5
3 2 47.0695 5
4 2 95.718 5
5 4 57.1618 2
2 4 68.9286 3
4 4 45.734 1
1 5 29.7756 2
4 0 25.7969 3
2 1 68.9799 5
2 3 22.9287 1
2 4 -0.9966 2
0 3 44.2225 0
4 3 67.0416 3
4 1 19.0322 5
4 0 14.1016 3
3 0 58.8131 5
0 0 90.7206 1
2 3 37.0776 3
0 3 14.4405 4
2 0 39.4573 5
3 3 57.0568 4
5 3 49.5069 0
4 0 85.8602 0
4 4 15.4453 4
0 1 12.7525 0
3 3 91.9118 0
4 4 9.1457 2
2 1 -4.5338 1
4 4 51.1085 1
0 4 70.0728 2
4 1 62.6872 5
2 0 12.586 2
3 4 85.1095 4
1 2 8.3157 1
4 3 56.7052 5
2 4 65.7429 1
4 4 7.3712 0
0 0 37.8912 4
4 5 12.8913 1
0 3 73.3389 5
4 3 95.475 0
5 5 15.9585 4
2 5 2.6415 0
1 0 11.5126 2
4 1 73.882 2
4 4 52.634 3
0 1 20.4002 0
5 5 88.4047 3
1 4 48.6836 4
2 1 6.4298 1
4 2 8.5115 3
2 2 62.8433 0
1 4 69.3265 5
5 0 75.4477 2
4 3 21.723 2
2 5 34.2448 1
5 1 46.3354 5
1 0 10.0574 4
0 1 66.495 0
0 4 51.5272 5
3 2 18.5988 0
0 2 73.6603 4
0 0 -5.0656 5
3 1 20.3597 1
3 5 44.3763 3
4 4 57.1472 3
4 3 36.366 1
0 0 29.9688 5
5 0 58.3881 1
4 2 4.0703 0
2 2 32.4669 3
3 2 22.2823 2
3 3 47.8553 5
3 1 67.1722 5
5 1 92.6238 3
1 4 76.6448 5
5 5 17.0317 3
5 3 85.5014 1
1 1 28.7424 0
4 5 97.7726 5
1 2 57.5538 0
3 5 48.8783 3
0 0 76.8196 5
5 2 -1.5952 4
5 3 46.1689 4
5 4 23.0441 3
1 5 27.3336 1
0 2 0.7802 5
4 2 -7.0178 0
0 2 8.3429 2
0 2 34.8943 3
4 0 98.7046 5
5 0 73.26 4
4 1 75.2671 5
4 5 14.826 1
3 3 3.1615 3
5 3 94.4449 0
1 4 38.7354 0
3 4 69.3367 5
0 1 -1.9483 3
4 2 57.9949 4
0 1 51.6925 2
5 3 10.5363 2
0 2 1.3088 3
4 5 51.204 2
5 5 13.5537 4
1 1 9.618 0
4 3 52.9783 4
5 5 92.2052 3
5 2 15.14 5
0 5 89.3899 3
1 2 53.1303 3
5 1 77.2798 1
2 4 16.4071 2
4 2 90.1839 2
5 5 69.7143 1
2 5 31.3562 1
1 2 52.6415 4
3 2 33.1257 5
3 4 77.604 4
4 1 54.0279 0
4 3 29.658 0
0 4 -3.4134 5
5 2 61.8644 0
2 0 72.5349 5
0 0 18.7166 2
2 2 64.7942 4
1 2 23.7508 2
3 3 27.1874 2
5 0 28.3831 1
3 3 6.2964 3
0 5 50.274 0
0 4 14.8431 5
5 0 72.2782 4
1 2 97.6833 2
0 2 37.8022 4
1 5 29.936 1
5 3 49.2181 4
2 5 63.8365 5
3 0 58.449 5
4 2 62.504 1
3 4 9.442 1
2 5 -9.0388 5
0 5 70.8801 5
0 1 64.3019 0
2 2 50.7491 5
4 5 73.2167 5
4 1 56.4233 5
5 2 49.8312 0
0 5 15.0864 2
2 1 77.2385 2
3 2 -6.4972 4
0 1 41.441 5
5 4 -9.0803 2
0 2 4.9227 2
0 1 29.3649 1
1 3 66.4165 2
0 4 -4.9736 3
4 0 99.6807 5
1 0 3.4207 5
2 4 32.5837 1
2 2 98.3749 5
1 0 31.7719 3
4 1 81.9713 5
4 3 -4.0042 1
0 0 97.4045 4
2 4 15.2551 0
0 0 27.5543 0
3 3 96.2533 3
0 1 86.1731 3
4 3 58.7574 4
3 4 5.5034 2
3 2 81.5525 2
3 3 98.5612 5
3 5 46.5122 1
1 0 70.1932 0
0 2 87.3186 5
1 1 19.4989 3
5 5 33.2024 0
4 4 50.4341 3
3 5 33.1056 0
0 0 52.3574 4
4 3 93.0418 2
2 2 65.1143 1
3 4 57.7607 4
0 4 26.7407 1
5 1 43.5153 3
5 0 93.258 2
2 0 23.8719 4
2 4 24.9403 5
5 4 44.7801 3
2 3 67.109 5
3 5 20.1266 1
0 4 97.4238 1
5 1 65.4253 3
1 3 83.1421 0
0 2 66.3502 3
1 3 76.2861 5
4 3 63.3498 0
1 2 2.5485 0
4 5 80.2733 4
5 3 -7.976 1
3 5 38.5226 4
5 0 72.2932 4
1 3 84.8104 4
4 1 69.7623 3
0 4 -3.7094 5
3 5 84.684 4
0 5 80.2685 2
4 4 -2.6743 3
1 0 28.6654 4
0 3 77.5271 1
4 2 61.564 3
0 3 70.8142 3
4 5 91.742 2
4 4 54.3722 1
5 3 51.9461 5
0 2 66.4506 0
3 0 81.5199 4
5 1 71.754 5
0 4 93.0016 1
0 3 26.5762 4
4 0 37.6271 4
0 5 58.8919 4
5 3 27.3392 3
1 1 24.6286 4
0 5 92.584 0
3 3 57.3997 3
2 0 63.9651 2
5 2 16.7199 4
4 4 58.8911 5
0 1 12.4118 4
2 0 83.0363 5
2 1 52.3635 1
2 3 -6.3771 3
4 1 79.3653 1
1 3 24.8997 3
1 1 36.9567 3
3 5 48.6626 5
3 3 95.2876 4
0 2 5.2451 1
4 2 9.0948 1
2 3 26.4322 3
1 1 11.8956 0
0 4 -6.714 5
4 1 57.3652 1
5 5 -4.5551 4
3 2 80.7792 0
0 0 65.0682 5
1 2 94.4422 5
5 3 79.4266 4
4 2 -5.1596 2
2 1 37.9505 3
0 1 32.6515 3
2 0 67.5532 3
5 5 61.1349 0
5 4 49.8597 1
4 2 -9.7529 3
5 2 82.3601 1
5 0 -8.8383 3
2 0 96.466 2
3 4 90.8221 2
2 2 48.3143 1
0 2 19.6908 0
2 5 62.1926 3
2 4 26.5647 2
2 3 59.411 1
4 2 91.306 3
5 0 44.6659 1
4 3 30.7779 3
0 1 95.8977 3
4 5 38.2443 1
2 5 75.5861 4
4 5 72.8094 2
0 4 32.0872 0
3 0 26.1624 0
5 5 9.7751 5
1 1 83.8838 4
0 1 13.063 2
4 0 84.4781 1
2 2 34.4954 5
0 1 90.1001 4
4 1 70.394 2
5 3 81.5006 0
0 0 21.5757 2
2 0 -3.9621 1
0 1 18.6234 4
1 5 52.574 3
1 5 24.7369 2
5 0 14.9528 0
4 2 20.7249 2
3 4 88.8895 4
4 0 71.4058 4
1 2 -6.9876 3
5 4 12.3235 2
2 0 32.5076 5
2 4 69.1098 3
4 2 38.8905 3
2 5 44.4708 0
2 1 95.9056 3
3 5 54.1706 3
5 1 58.5004 5
0 0 59.1488 3
4 0 1.2454 2
0 2 -3.8322 5
4 0 39.3829 2
5 3 75.5551 5
2 4 3.2844 1
5 5 95.9482 1
0 0 -0.3235 2
2 5 74.2037 3
1 0 57.3411 3
5 0 34.0697 0
3 4 38.79 1
3 1 0.7079 4
4 5 33.1957 5
2 2 81.3708 4
0 4 14.9779 2
0 4 24.3365 4
3 1 66.1177 0
4 0 43.2688 0
1 3 -6.3723 2
5 2 23.5805 0
0 1 14.2357 5
3 1 93.4126 3
1 0 30.8895 4
0 0 65.8678 1
3 2 38.8129 3
3 5 20.8151 2
4 2 50.1786 0
5 5 31.3263 5
5 5 69.1004 2
5 4 -6.0714 0
3 3 7.4038 3
1 2 13.4857 0
1 1 80.5804 1
5 3 71.2099 4
2 5 71.5964 0
5 4 -0.0304 1
5 4 76.7611 5
1 2 77.7996 0
5 5 55.9486 2
3 5 17.3664 0
5 3 13.264 3
1 0 41.7905 5
4 3 6.6675 0
3 1 30.2711 4
0 0 96.498 0
1 5 9.577 1
5 4 64.0827 4
2 5 36.5007 4
2 3 24.5083 5
5 3 -3.4516 1
2 0 15.5507 5
1 5 -6.3067 1
5 3 38.9746 0
1 5 91.4368 5
3 1 22.7385 3
0 0 20.6273 2
3 3 16.7491 5
4 4 16.9449 4
4 4 48.3312 1
3 2 31.1913 4
4 1 70.0935 2
2 2 66.4713 5
4 3 85.0692 3
3 1 19.8117 4
2 0 34.9203 4
2 3 73.4361 3
4 3 1.2784 4
5 2 77.5572 0
5 0 18.1244 3
3 1 38.257 0
3 2 94.3615 1
1 2 81.7529 2
5 0 44.7324 4
4 5 -0.9894 0
2 2 94.7471 5
1 4 29.5843 5
4 3 -8.6869 2
1 5 47.178 2
0 3 32.1793 1
0 4 67.7448 5
1 3 39.5631 0
4 2 -3.6499 5
1 5 94.7657 4
5 2 86.1157 4
4 0 -0.7812 1
0 4 -9.3785 4
0 2 81.6587 3
5 2 40.3519 2
5 1 -0.5875 3
4 2 66.7667 3
2 3 50.3923 5
5 4 47.6411 5
2 3 45.5691 2
1 2 77.8347 2
4 5 45.0026 1
5 2 34.1013 2
5 1 0.9522 1
2 3 28.0283 4
5 1 3.7302 4
1 3 47.6951 4
3 4 94.98 5
4 1 30.1504 5
5 2 47.4891 0
2 1 26.9805 1
1 4 97.3929 4
1 3 16.6078 4
4 5 61.0226 5
3 0 17.4149 5
2 3 5.0213 2
2 2 42.7478 0
2 5 38.7213 1
2 1 -2.8144 0
3 3 24.6485 5
1 5 4.7712 1
5 1 0.77 1
4 4 50.9506 5
4 0 10.9495 4
4 1 17.6351 4
2 3 22.3397 0
5 2 8.85 3
0 3 44.9806 2
5 4 62.5339 3
2 2 58.9159 4
2 3 80.6686 2
1 2 62.9637 0
4 2 97.3256 0
0 2 63.6354 0
4 2 30.5117 0
0 5 9.9664 5
4 2 64.6629 0
1 2 28.9996 0
0 5 -5.0141 1
3 2 78.5941 1
1 4 24.3949 5
5 0 58.7786 5
5 1 99.5337 0
2 3 41.8384 3
5 1 94.2226 0
0 1 49.6179 0
2 0 54.9861 1
0 5 53.7221 2
2 2 73.9788 5
1 0 57.0181 3
2 2 41.0411 0
2 3 7.7273 4
3 3 21.4566 0
2 2 14.8532 0
5 2 70.9352 0
3 3 90.9471 3
5 4 61.185 5
4 5 -3.79 3
2 3 77.0365 0
0 3 63.2712 1
1 0 -4.498 2
0 2 8.8976 0
0 2 8.7323 5
2 1 27.7742 3
4 5 49.5522 4
5 3 20.07 4
2 3 1.0733 1
1 4 -3.4682 5
1 2 48.0409 2
2 3 11.9375 2
3 2 94.1023 2
0 3 56.7467 0
4 0 18.55 2
3 4 73.105 1
2 1 53.0309 0
3 0 -9.5597 4
3 3 24.4946 5
5 4 47.1974 5
2 3 88.4331 2
0 0 30.0009 3
1 4 14.5946 4
4 2 41.0052 3
2 3 25.5397 3
2 1 68.2768 5
1 2 44.4983 5
2 0 84.4998 4
4 3 -5.9221 2
0 4 85.5549 2
0 3 53.923 2
5 5 2.2838 1
2 0 54.6688 4
1 5 44.5865 3
0 0 34.5973 2
0 0 29.0702 1
