0 4 54 0
0 0 20 1
3 1 23 5
2 3 95 2
2 4 68 0
3 0 79 5
4 2 97 0
3 1 71 5
2 3 66 0
4 0 18 0
2 2 48 2
5 5 12 2
5 3 12 5
0 2 7 4
5 5 56 1
3 1 34 5
5 1 75 3
4 1 1 5
4 5 13 4
3 0 53 4
4 5 32 0
3 0 59 0
4 3 21 1
0 3 7 4
5 4 93 4
1 5 77 2
3 4 23 2
2 3 51 3
0 1 97 4
1 1 15 0
1 2 27 1
4 0 64 2
2 5 18 0
4 1 -7 4
3 2 -7 2
3 3 15 2
3 4 77 3
1 1 21 0
4 3 1 5
5 5 25 1
2 5 36 1
2 1 34 3
3 1 71 5
0 4 31 3
5 1 94 4
1 3 -5 4
0 2 13 1
5 5 26 0
0 4 10 3
5 4 76 2
4 0 28 3
2 0 19 5
4 5 14 2
1 0 30 1
3 1 48 3
3 3 39 5
2 1 9 5
1 0 70 4
3 4 77 5
1 4 48 3
1 2 18 5
3 5 -5 4
5 5 -3 2
3 5 10 2
4 4 1 3
2 2 64 4
2 4 97 2
0 1 -2 4
5 2 99 0
2 0 58 2
0 5 53 0
2 2 10 2
2 5 -2 5
1 4 96 2
4 3 43 4
5 1 15 0
2 5 17 3
5 0 28 3
2 0 16 4
2 4 61 5
4 0 5 4
3 5 64 1
0 5 72 5
1 1 18 5
3 0 35 4
0 2 50 0
1 1 70 3
5 5 2 2
1 1 23 4
3 1 3 5
0 3 -3 0
2 4 86 1
3 4 80 0
0 5 72 1
5 1 58 2
1 1 18 4
2 4 -2 3
2 3 50 0
5 5 -9 0
3 4 -4 0
2 0 45 1
3 5 69 0
0 3 -7 3
4 0 94 1
0 5 7 3
2 0 89 1
4 2 9 5
5 5 51 2
4 2 77 5
0 3 18 1
4 4 12 4
5 2 46 5
1 4 94 2
0 1 2 0
0 2 11 3
5 0 -2 4
2 4 -7 3
1 3 60 0
2 1 22 4
0 3 85 4
1 2 88 2
1 0 55 0
3 4 15 3
5 0 52 3
1 0 -5 5
4 2 95 4
4 4 72 5
2 1 3 1
1 3 73 0
3 1 -4 5
5 5 35 3
2 0 20 4
2 3 95 3
0 2 46 2
4 4 92 1
0 1 77 3
2 1 1 5
4 1 30 2
0 2 18 3
2 4 39 3
3 3 8 2
5 4 82 4
1 1 73 2
2 3 37 4
4 4 54 1
3 2 85 5
2 5 57 3
2 0 69 5
0 1 19 0
4 5 39 3
5 4 -8 1
0 2 72 3
3 1 9 2
3 0 10 3
5 5 8 4
3 5 11 0
1 0 32 4
5 5 -4 5
3 4 62 5
5 0 19 5
0 2 12 3
3 3 74 3
0 0 18 1
4 4 62 4
4 5 3 1
1 2 -1 4
4 2 26 0
1 3 52 1
4 3 16 4
3 1 28 1
2 0 55 1
0 2 35 0
3 1 31 2
5 3 -3 3
3 0 81 0
2 2 21 0
2 3 98 0
5 2 38 4
5 0 6 1
5 1 49 0
5 1 33 2
5 5 61 5
4 1 13 1
5 1 54 5
3 2 84 3
2 1 24 2
2 0 47 0
1 2 6 4
3 5 19 3
1 4 53 3
1 2 16 5
5 0 11 1
2 2 44 3
2 0 89 1
4 0 66 4
5 3 3 0
3 3 32 1
4 0 21 3
2 0 73 1
2 5 24 1
2 3 47 0
5 4 43 4
4 5 0 4
4 3 75 5
5 0 63 5
1 4 88 0
0 5 87 2
2 4 86 4
0 5 67 4
1 0 10 5
3 2 -9 0
1 1 35 5
0 3 43 2
3 2 -8 2
1 3 60 0
0 1 84 5
4 0 99 0
0 0 62 4
2 0 90 2
0 0 37 4
1 3 19 1
5 1 80 1
2 2 64 2
4 2 2 5
4 3 23 3
5 2 86 1
0 0 95 0
5 4 74 4
1 2 67 0
2 3 62 2
0 5 77 0
2 0 38 4
1 5 23 1
5 4 55 4
4 0 65 3
2 3 10 3
1 4 90 0
4 0 2 3
5 5 41 5
0 0 92 4
1 0 71 2
2 2 24 0
5 0 14 3
4 1 99 0
5 0 -2 2
5 1 2 1
1 5 35 3
5 5 -7 3
5 3 32 5
1 4 11 5
5 3 36 4
5 5 44 1
0 0 93 5
5 2 12 5
5 1 23 0
4 2 -7 4
3 4 72 4
2 2 18 3
3 0 93 0
2 0 88 5
2 2 65 1
2 0 38 3
2 0 47 1
5 3 21 1
5 1 5 4
3 4 92 1
0 4 -7 4
1 5 47 2
4 2 57 3
4 0 29 2
2 2 73 2
4 5 99 1
0 5 31 5
0 3 59 0
4 2 56 2
1 1 48 3
5 2 35 3
4 0 92 4
5 2 55 1
2 1 43 3
1 1 29 2
3 2 -4 0
3 0 51 3
5 5 32 1
2 5 88 0
5 0 11 5
2 3 31 0
0 3 67 3
0 2 -7 3
2 1 71 2
1 5 21 4
5 3 1 0
5 2 89 1
2 3 24 0
3 3 91 1
0 0 2 4
4 0 16 3
2 1 74 2
4 0 100 1
5 2 50 5
1 0 19 5
5 4 13 1
5 3 11 3
0 4 84 5
4 2 31 0
3 1 32 2
3 0 54 3
0 2 15 5
5 0 68 1
1 3 30 0
4 3 55 4
5 2 85 0
0 4 16 0
0 2 90 3
1 4 18 0
2 0 9 2
2 0 22 5
5 4 100 5
1 4 -6 3
0 4 36 0
5 5 46 2
0 4 -9 5
0 0 -9 4
0 0 -2 0
3 3 95 3
5 4 45 0
0 3 24 2
5 0 4 1
1 3 9 0
2 2 53 3
1 2 93 3
4 3 57 2
3 0 19 1
5 5 22 3
5 3 22 0
5 3 32 5
4 5 71 1
2 1 90 3
1 0 49 2
5 0 64 5
0 3 25 5
5 4 18 2
5 3 79 1
1 2 44 5
3 0 48 4
2 3 90 4
3 3 26 1
3 3 64 1
4 0 57 1
2 3 56 2
0 0 39 2
5 4 3 3
0 1 43 1
4 2 55 5
2 5 -4 2
5 5 35 5
4 1 -2 1
0 5 63 1
5 4 49 1
2 5 22 5
5 2 26 1
3 0 75 5
4 2 82 3
5 2 69 1
3 1 55 5
5 4 93 1
0 5 -10 4
1 1 58 4
0 0 44 4
3 4 74 1
4 1 29 4
3 1 11 1
4 4 -5 4
5 1 23 0
5 4 18 3
5 1 30 5
1 4 82 5
1 3 24 3
0 4 1 4
0 0 96 0
3 0 18 4
1 5 41 2
1 4 11 4
0 5 58 1
5 0 3 5
4 2 78 0
3 4 33 5
1 0 100 1
3 3 30 4
3 5 -10 0
4 5 62 5
1 1 33 2
3 5 -10 2
1 4 -5 4
4 0 69 5
2 1 97 3
3 3 40 2
1 5 98 5
5 1 -2 3
3 4 43 3
5 2 76 1
3 2 23 0
5 5 21 2
3 3 43 3
3 2 86 2
5 5 49 2
2 2 46 0
5 3 62 3
4 3 67 0
2 3 71 5
4 1 60 1
0 1 91 4
2 5 15 1
0 2 34 2
5 0 80 3
4 5 46 5
1 4 51 2
1 5 14 3
5 1 30 5
0 0 6 0
4 1 76 3
0 2 6 4
1 3 68 3
5 0 81 5
2 3 13 5
4 0 43 3
2 3 -9 4
0 4 20 2
0 1 58 3
5 2 90 1
2 0 64 4
1 2 68 2
5 2 9 2
5 5 70 3
5 2 63 2
5 3 62 5
5 2 58 1
1 3 20 1
4 1 63 1
3 5 72 1
1 2 79 5
2 2 -9 0
0 4 3 1
3 5 47 3
3 4 63 5
1 4 42 0
5 0 52 5
5 5 82 1
4 4 61 4
5 1 19 3
2 5 -10 1
2 4 94 2
3 2 96 4
1 4 89 2
2 2 76 3
5 4 74 2
3 1 87 3
5 2 70 5
2 3 98 4
3 5 71 0
4 2 76 3
3 1 1 2
3 1 79 4
5 1 60 0
0 2 -9 2
5 1 0 0
0 0 22 0
1 4 0 2
0 0 -7 4
1 1 -2 0
5 0 29 0
4 4 -6 3
2 1 96 4
4 1 18 3
4 0 31 4
0 5 71 5
0 1 71 0
5 4 91 2
4 2 97 4
5 2 78 3
1 0 6 5
3 1 -5 1
3 3 52 5
4 3 43 1
4 2 -2 1
3 1 97 2
4 0 11 3
3 1 78 0
3 0 38 4
2 1 25 3
0 1 67 5
3 0 20 1
5 1 19 1
3 2 97 5
2 5 33 4
0 4 65 1
2 1 47 1
3 5 95 3
1 0 49 0
4 1 -3 0
5 4 75 0
3 4 41 5
1 2 65 4
0 5 7 2
3 2 58 1
0 5 2 3
5 2 9 4
2 0 79 3
1 5 15 0
3 1 -9 0
1 3 29 4
2 0 87 5
5 5 74 3
3 1 29 5
1 4 93 3
1 4 20 3
5 2 77 1
5 1 27 1
0 2 70 4
1 2 99 4
4 0 43 0
0 3 37 4
1 1 98 3
4 2 75 5
4 5 55 0
4 3 76 1
1 4 58 2
2 0 42 2
3 1 -1 4
0 1 26 3
0 3 99 4
2 0 69 5
0 3 61 5
0 3 41 3
5 1 11 2
1 3 1 5
0 4 3 0
3 1 5 2
2 2 60 5
0 4 41 5
5 0 24 3
4 2 13 4
1 2 56 1
1 3 39 2
0 0 32 0
0 5 35 3
3 2 -7 2
1 3 4 5
5 3 0 5
2 3 60 3
4 5 45 2
2 3 76 0
5 0 21 2
1 2 76 4
4 4 22 3
1 4 68 0
1 1 66 3
3 4 100 5
5 2 5 2
1 3 38 3
5 3 18 5
1 0 1 4
0 0 -7 2
0 3 -5 3
5 0 97 1
2 4 -6 5
5 0 85 2
3 2 62 3
2 2 91 3
5 1 97 5
5 4 32 2
5 1 100 4
3 1 40 2
0 0 55 5
4 2 31 2
5 1 59 3
2 2 23 1
5 5 2 3
5 5 5 0
2 2 -10 2
3 1 2 1
4 4 37 3
5 1 30 5
2 5 99 1
5 1 26 4
5 0 71 2
2 2 8 0
5 2 64 3
0 1 25 3
3 3 70 2
1 2 82 2
4 0 59 1
2 0 22 3
3 0 67 4
3 2 52 1
0 5 73 0
5 1 42 3
1 5 46 0
5 2 49 4
1 3 41 1
1 2 12 2
2 5 1 3
3 2 30 2
2 2 9 5
5 0 77 3
5 3 85 4
5 5 86 1
0 3 36 1
0 5 40 1
0 1 8 5
4 2 12 1
1 2 39 4
4 1 71 5
1 5 63 5
1 5 -8 0
2 1 79 4
2 5 -9 3
4 1 46 3
2 5 65 0
0 1 79 1
3 4 -7 1
3 1 8 5
5 2 50 2
2 2 89 5
2 2 8 5
1 3 47 2
1 3 75 5
2 3 62 3
2 3 6 0
2 2 93 3
2 2 84 1
2 4 57 2
5 5 -8 1
4 2 94 1
2 0 31 4
1 0 52 2
5 3 83 1
5 0 93 0
1 5 41 2
0 5 11 5
4 0 47 2
5 2 -2 1
2 3 -8 2
3 4 -9 3
4 3 52 0
3 4 50 5
1 2 94 3
4 2 95 3
4 5 22 5
2 0 46 4
5 1 47 2
5 3 49 5
3 1 51 4
1 3 26 1
1 5 17 3
2 3 20 3
3 3 66 0
3 3 0 0
5 4 18 2
1 2 53 0
1 4 93 5
3 0 9 5
3 1 76 2
4 5 -7 2
4 5 96 4
5 5 82 4
3 5 82 2
5 1 3 1
0 4 8 3
0 1 86 3
2 3 39 4
5 0 14 5
3 1 13 0
2 1 18 0
2 3 -7 1
1 4 28 1
0 0 18 5
4 4 40 3
1 4 51 2
3 2 40 3
5 4 39 2
0 1 91 0
4 2 2 3
2 0 48 3
0 1 0 1
5 1 50 1
3 3 15 4
5 0 37 1
3 0 82 4
0 4 98 4
2 5 25 3
5 2 79 4
5 5 19 4
3 3 1 0
0 3 -8 2
3 1 55 1
1 5 49 1
0 4 91 5
2 5 97 1
1 2 40 5
4 0 58 1
0 1 -1 0
0 1 83 3
1 2 83 3
3 4 32 0
0 3 93 3
0 4 65 0
3 5 46 2
2 1 64 2
0 3 65 0
1 2 26 5
1 0 35 3
2 5 49 1
5 5 79 5
4 4 80 0
5 3 95 3
2 4 17 5
4 0 47 5
4 4 47 1
5 2 56 4
3 0 11 3
0 4 46 2
4 3 -9 5
5 0 39 0
1 2 84 1
3 1 85 4
3 2 61 1
0 3 77 4
5 1 71 4
3 4 -7 3
3 4 67 2
5 2 39 1
4 3 -4 1
4 2 44 1
2 2 94 0
2 3 97 1
2 5 47 1
3 5 10 4
0 1 50 1
5 5 52 4
5 1 30 3
5 1 18 1
1 3 28 2
5 3 61 1
1 0 13 2
1 5 80 2
5 1 77 2
0 5 8 0
3 1 83 0
5 2 35 0
2 1 36 0
0 0 53 2
0 0 -4 1
2 2 12 5
3 5 20 3
2 0 92 0
3 2 49 2
4 3 73 0
1 2 79 3
0 4 42 3
2 5 79 3
5 0 84 1
2 3 18 4
5 2 45 1
5 0 1 2
1 0 46 5
2 3 49 3
5 2 91 1
0 0 96 5
1 1 63 3
1 2 81 1
3 4 91 1
4 5 60 5
0 4 38 0
3 5 68 2
0 3 -2 5
0 3 64 1
2 3 31 0
4 0 44 0
0 5 38 1
5 5 80 0
0 4 -9 4
0 3 93 3
0 5 28 1
1 2 42 1
2 3 88 3
2 1 44 3
5 1 17 5
3 2 80 2
2 5 -1 5
1 0 34 5
4 0 70 0
3 0 49 5
1 3 -2 4
3 1 44 4
0 4 92 1
1 4 2 4
4 2 -10 5
0 5 48 1
0 3 36 0
5 3 46 1
4 1 -2 5
0 4 15 2
1 1 57 3
5 3 48 2
3 1 96 3
4 5 60 0
5 1 100 3
2 5 26 5
3 4 97 0
5 3 9 5
4 2 98 3
4 1 94 0
2 5 79 0
0 3 64 1
3 3 28 3
4 0 62 0
5 3 59 4
5 5 -7 5
5 5 57 3
4 2 0 3
0 1 53 0
0 5 14 1
1 4 37 4
0 4 12 0
3 4 100 3
2 3 48 0
4 2 71 0
0 1 23 0
2 4 86 1
1 1 2 1
1 2 54 1
5 3 42 1
5 4 49 4
3 0 49 1
5 0 3 1
3 3 21 3
2 4 96 1
4 3 47 4
5 2 26 2
1 1 44 1
5 5 7 1
2 3 34 1
5 0 93 5
4 5 54 5
3 3 87 2
4 3 94 2
2 1 13 2
2 1 3 5
3 5 12 2
2 1 32 3
0 3 9 3
3 4 45 0
3 4 21 2
1 0 44 3
2 3 41 2
0 1 34 3
4 4 64 0
5 5 -2 0
0 0 67 3
5 0 -3 5
4 5 66 4
2 2 53 1
0 1 -8 5
0 3 82 3
5 1 8 5
1 3 95 0
3 3 96 3
4 1 3 5
1 4 53 3
0 5 55 5
4 5 76 1
5 5 63 3
4 4 61 4
0 5 21 1
4 4 44 4
0 2 -2 0
1 0 90 4
5 5 39 2
2 3 6 0
0 0 -4 2
5 4 26 4
2 3 82 5
1 3 5 2
4 5 3 1
4 3 47 5
4 0 92 0
1 5 16 0
2 3 54 1
3 0 44 2
1 5 27 0
1 5 38 0
3 5 100 3
4 1 87 3
5 5 98 5
5 0 37 5
4 1 66 0
2 1 91 2
5 3 74 3
2 5 31 3
1 1 85 5
0 0 79 5
2 3 -5 5
2 5 87 0
5 4 45 2
4 1 77 5
2 1 27 4
4 5 48 5
1 3 33 2
0 0 64 4
2 2 61 3
4 4 87 5
0 3 19 3
3 0 89 0
5 1 45 4
5 1 69 1
3 5 74 3
5 3 35 1
2 2 45 1
3 3 6 3
3 5 60 5
1 0 1 5
2 2 59 2
4 2 45 4
1 3 54 2
3 2 8 5
5 3 95 0
0 5 0 3
4 1 -5 5
1 4 31 1
4 5 2 0
4 2 51 5
2 3 70 1
3 1 32 3
2 2 73 3
0 5 43 1
0 3 60 5
3 1 62 0
2 5 77 5
5 1 91 3
2 2 23 5
0 4 -8 0
5 4 75 4
0 3 29 4
1 1 42 1
0 2 33 4
4 5 61 0
2 2 84 5
5 5 92 0
1 4 35 0
3 2 53 2
5 1 25 2
3 2 100 3
0 3 10 4
4 1 87 4
4 5 -8 3
4 2 24 0
1 3 48 3
5 2 64 2
4 4 58 0
1 3 71 0
1 1 -4 1
3 3 41 5
4 0 67 4
1 0 53 2
1 1 17 3
5 4 22 2
3 2 83 0
0 4 45 3
0 1 67 5
3 1 3 5
2 1 46 3
0 2 -9 0
4 4 32 3
2 2 38 2
1 4 9 1
2 2 60 3
0 0 73 2
0 4 33 0
0 5 59 5
2 4 25 4
1 4 43 2
4 1 22 0
0 1 29 0
4 0 58 3
0 1 34 1
1 3 35 2
4 2 95 0
0 3 -5 1
5 5 77 1
1 3 96 5
5 5 76 5
4 3 79 3
3 4 41 4
1 3 -4 0
0 2 87 4
4 1 45 5
2 0 79 5
4 2 68 0
1 5 55 2
