3 4 17.254 3
5 2 60.1892 5
0 4 35.8421 2
5 0 2.7938 4
0 1 38.6253 0
4 3 94.4177 5
1 2 21.75 2
4 0 99.2908 4
3 2 89.9554 5
1 1 18.4149 3
1 1 39.6618 0
3 2 26.2368 1
2 1 12.2846 2
1 0 55.6308 5
1 0 40.9921 1
1 3 45.7536 2
5 5 46.6024 4
2 0 24.1967 3
3 4 85.7081 2
3 0 -0.9943 0
3 4 8.5929 1
4 0 -6.1589 0
1 1 67.7161 5
0 4 65.0516 5
2 0 46.8319 1
4 4 77.771 0
0 5 12.1438 0
5 0 24.9775 4
0 0 26.6687 0
5 0 -9.2411 0
2 1 40.5385 3
3 4 84.4661 2
5 3 17.247 2
1 4 15.707 5
4 3 58.9102 5
3 2 94.8891 1
3 4 10.716 1
0 0 9.3944 0
3 1 50.1458 3
0 2 67.872 5
1 1 33.2164 1
4 1 57.1445 1
0 0 9.2109 1
3 0 83.0976 0
5 2 89.3906 1
3 4 54.2532 1
3 5 74.1397 1
5 4 64.9 4
1 3 91.5759 3
5 1 57.0824 1
2 1 88.286 4
2 5 16.8496 3
4 5 19.0701 5
4 2 -9.6237 2
4 4 30.6168 5
4 2 94.2942 2
3 0 73.6516 1
4 1 83.5873 2
2 3 49.6539 3
4 0 0.778 3
1 1 -7.9742 0
3 3 65.3894 0
5 4 7.2665 4
5 3 7.7903 1
0 3 40.2584 5
1 5 0.6166 1
3 2 38.4792 2
0 2 -4.4415 3
4 4 40.5081 4
4 0 46.9543 5
0 2 66.1549 4
0 0 22.1662 0
1 4 25.1968 0
3 1 23.2255 2
4 2 36.6801 4
4 4 38.2756 5
3 2 15.6812 4
5 0 13.7918 0
0 1 31.2643 0
5 1 52.7121 0
1 5 75.2665 5
0 1 95.7307 0
1 3 34.3471 3
0 3 42.9417 0
5 1 5.3952 4
1 2 -1.0911 0
5 3 80.9799 4
5 2 -9.109 2
0 0 58.3908 3
0 5 98.1671 1
0 3 10.361 0
1 4 90.0402 0
4 2 95.1751 5
0 3 57.9663 4
3 2 77.2523 5
2 1 43.5568 5
4 4 9.9385 2
4 0 60.6904 5
3 1 8.6533 0
0 4 59.1028 1
0 5 64.316 1
3 1 2.5125 1
0 3 12.8313 0
1 1 85.4852 3
3 1 26.6121 0
3 0 18.1267 5
0 2 -8.591 4
3 0 67.4863 5
1 2 38.1771 0
0 3 90.1862 5
5 0 44.9662 3
3 1 24.2034 1
3 1 16.3402 4
0 3 84.6719 4
3 4 4.644 2
1 3 84.7024 4
3 0 14.4651 0
3 4 36.994 3
1 2 39.6626 5
0 2 89.16 1
3 3 17.4467 2
1 0 12.4935 4
4 1 51.435 2
5 4 93.8667 2
0 4 63.0819 3
3 1 46.861 0
3 5 3.1935 0
1 5 19.6559 4
2 4 54.6905 4
0 3 67.5039 3
4 4 92.9644 4
5 0 67.0283 5
5 3 17.0504 3
0 4 84.0611 4
3 3 44.92 5
1 3 41.7073 0
0 0 67.2501 0
4 5 67.4264 0
3 2 -3.6797 1
4 3 88.6387 4
4 1 88.357 4
1 5 66.1976 2
2 5 56.3729 5
4 3 61.8278 1
0 5 57.8608 4
1 1 33.9568 0
2 3 97.0736 3
3 0 51.4931 0
3 0 71.073 0
4 4 13.5636 2
4 2 94.6455 0
0 3 70.8984 4
2 3 4.2216 1
5 5 -3.4784 5
0 0 9.7566 3
0 5 72.418 1
2 4 27.2573 2
3 1 -3.9368 3
5 3 77.8068 0
2 1 12.6749 0
1 5 81.6055 2
3 4 78.3222 3
5 1 12.7129 0
4 2 98.3808 0
1 3 30.4335 4
3 1 15.9681 5
5 0 13.8354 1
4 1 25.3238 3
3 0 96.285 1
0 1 58.1322 1
2 5 5.9692 4
0 5 43.4806 5
5 4 52.0406 5
5 5 50.2719 4
2 3 5.8809 1
5 3 16.8601 0
0 4 63.323 1
1 3 13.3387 4
0 5 30.8314 5
0 1 61.7896 5
0 0 67.1538 1
3 2 60.428 0
1 0 74.6299 5
5 1 52.9588 0
3 5 40.6125 4
5 1 80.5806 3
1 3 52.2792 3
3 0 -0.1146 2
1 1 19.8287 2
1 0 12.1783 4
2 3 34.8778 5
4 5 41.8741 2
2 0 62.276 2
5 1 -7.3721 4
1 1 91.9487 1
3 3 61.4395 2
1 0 94.0051 4
2 3 2.8401 4
5 2 81.6644 0
4 1 18.6662 1
1 5 54.0823 3
4 0 41.8377 4
1 3 68.8203 2
5 4 79.6696 3
0 0 92.5159 4
4 3 34.2298 2
0 4 60.9815 4
5 4 22.3256 4
3 5 91.2526 3
1 0 3.761 4
3 3 24.6247 5
2 1 77.2436 3
3 3 8.2096 1
0 3 40.0713 4
3 4 64.0747 2
1 1 66.9014 5
3 1 72.8653 1
3 0 42.7249 1
3 2 33.6038 1
2 1 90.5764 5
3 3 27.2818 3
3 4 65.5566 2
0 2 -6.5747 5
3 0 92.3624 1
4 1 72.0843 1
4 2 39.8989 4
3 3 -1.2525 1
4 3 57.3148 0
2 0 98.2876 3
1 0 26.6835 5
5 4 33.5738 5
1 0 67.7656 0
2 4 17.1212 0
0 2 57.5084 4
1 1 -3.003 3
4 4 45.1204 5
0 5 12.3911 0
4 2 68.7043 2
4 1 40.4563 2
0 1 45.5798 5
5 0 78.6312 3
5 2 3.4031 1
1 1 14.815 5
0 3 60.3737 0
4 0 59.0564 0
3 4 98.6304 2
5 4 57.1774 4
3 1 0.4588 5
1 2 8.8658 3
0 1 76.8823 4
0 2 31.8315 2
4 1 51.2749 2
5 3 90.5998 3
4 2 91.9961 5
3 2 72.4044 3
4 5 67.2455 3
4 1 84.439 4
0 1 56.477 4
2 3 56.2918 5
3 1 40.1892 1
3 3 58.3111 2
5 5 22.3613 2
4 0 67.0068 1
4 0 60.9787 3
3 0 -9.4164 4
0 5 23.7534 4
0 1 24.3568 0
5 5 30.1802 0
1 5 17.464 4
5 5 51.4543 0
1 1 74.9002 1
0 5 58.669 3
5 1 67.7799 3
2 0 -8.5291 1
1 2 -6.1729 2
5 5 15.1366 1
0 2 -1.0244 2
0 2 33.9589 5
0 2 32.6476 5
5 1 86.5282 1
5 4 4.2977 1
3 4 69.7131 3
5 4 61.4584 3
0 1 29.9149 4
3 1 90.1776 4
5 2 34.8251 4
3 4 87.5127 2
5 0 33.255 1
3 4 35.7539 5
4 0 84.6493 0
4 3 19.55 0
3 1 67.022 5
4 4 93.4023 5
3 0 53.2485 3
1 2 5.0333 0
3 2 81.3347 2
2 4 51.836 5
2 2 10.75 2
0 2 47.3324 5
5 5 -8.0562 0
5 5 75.3098 2
5 5 77.6385 1
5 4 99.9455 5
4 0 79.1262 3
1 3 0.1699 2
4 5 75.7706 2
1 4 85.7099 2
4 2 89.4556 3
3 1 59.2827 3
3 4 75.9658 0
5 2 68.1134 4
2 0 80.1007 0
5 4 28.0999 0
5 4 48.3865 5
2 0 84.1372 0
0 0 11.8281 0
3 4 71.8726 5
4 4 56.1956 0
2 4 6.7103 0
4 4 2.3737 5
3 0 8.3453 0
3 5 48.1224 3
4 0 65.9046 3
1 2 93.1065 5
0 0 53.4287 3
3 3 45.5124 3
1 3 38.4201 5
0 1 99.0472 1
2 3 69.7337 4
0 5 -2.8363 3
1 0 46.582 0
3 5 56.9057 1
2 2 32.6795 4
1 5 81.5914 4
3 4 86.0582 2
4 3 62.2423 3
0 5 4.2744 0
2 5 71.6724 0
1 5 58.1373 5
0 2 31.8931 2
0 1 24.0507 0
2 2 71.0757 4
3 0 38.2692 1
0 4 76.0664 5
3 2 77.1738 3
5 2 2.2285 2
5 5 65.3179 0
0 3 78.0551 1
1 4 2.1473 0
0 3 3.6103 5
4 1 37.1269 1
3 0 63.4979 4
4 3 -2.1663 4
5 1 21.3241 5
4 4 -6.0453 3
1 0 -8.6328 2
0 4 54.8422 1
0 0 -6.9777 4
3 4 22.6463 1
0 5 -3.3438 5
5 3 30.1163 4
1 1 -6.8352 0
1 3 53.9962 0
2 1 41.6101 5
4 4 89.7803 2
2 1 22.5456 0
5 3 79.4639 2
2 4 24.593 4
5 1 63.9268 3
3 5 1.6562 0
3 0 -1.1943 5
4 4 41.7911 2
1 2 7.0626 1
3 4 30.0941 4
0 1 33.6045 2
3 4 33.5471 5
0 0 94.3592 5
5 0 79.4702 3
0 1 81.9229 0
1 2 -1.9039 4
5 0 37.1558 5
3 5 65.8947 2
4 2 10.7527 4
5 0 33.2388 1
0 1 14.4555 2
4 3 18.9807 3
5 1 -0.0924 3
5 5 89.6381 5
5 2 30.9959 4
0 0 39.4443 0
4 3 8.788 3
5 5 93.0575 3
1 3 20.0153 0
1 1 84.9448 1
4 2 59.0578 1
2 4 50.4685 0
1 2 8.2774 4
1 0 53.994 0
4 1 1.37 2
1 4 23.1221 2
4 2 20.7679 5
0 3 -9.1838 5
0 4 -8.9401 2
4 1 93.3152 2
3 5 51.37 5
4 1 72.7117 1
3 2 70.7468 1
4 5 17.1187 2
1 2 45.4527 5
5 0 19.0607 3
2 1 37.0322 4
0 0 90.1885 1
5 2 12.8759 3
1 1 28.386 4
0 0 0.408 1
0 2 98.8687 2
0 4 92.2971 0
4 1 -5.4345 0
2 5 73.5361 1
5 3 0.881 1
2 0 97.3246 0
2 4 27.8228 1
4 3 96.0703 1
2 2 75.2623 5
3 3 0.7289 4
4 5 25.5916 3
4 1 82.3032 3
3 0 60.8545 5
4 0 59.7235 5
1 2 40.6801 2
0 5 37.8524 5
4 3 28.8636 1
2 3 37.4335 4
3 2 89.7396 2
1 5 8.7135 3
5 5 34.8699 4
1 2 63.4169 3
5 2 99.6588 3
5 0 28.6702 1
0 2 74.1151 5
3 4 0.3107 3
3 2 42.4281 1
1 2 9.8664 2
5 0 -1.6692 5
0 0 43.1857 5
2 3 44.763 0
1 3 76.3576 0
2 0 97.8593 1
0 0 61.0388 1
4 1 59.9053 4
5 3 10.9934 4
1 5 -0.1779 5
2 5 13.235 1
4 1 35.9117 4
2 4 71.4617 5
0 5 5.73 1
4 3 -7.0466 0
0 2 96.8501 0
5 3 24.6612 0
1 2 60.4115 0
3 5 41.4976 5
4 5 99.9623 0
1 1 86.0357 5
3 4 74.2476 4
1 2 43.2108 4
1 3 44.5623 2
0 3 18.7599 4
3 2 46.5936 5
5 2 45.2532 3
0 2 21.9682 1
4 5 83.7209 0
4 4 -7.9174 5
3 4 68.6272 2
2 4 -0.0299 2
3 2 93.2629 4
4 4 28.9171 0
3 1 95.8778 4
5 2 46.136 2
0 5 -6.4109 3
0 1 -2.4241 4
1 4 10.5798 0
0 5 89.4826 5
1 1 38.5769 1
0 1 33.2356 2
0 3 77.2873 0
0 4 26.9545 4
1 3 21.4592 2
5 1 25.1823 0
3 2 92.906 4
1 1 20.6608 0
0 4 48.0045 5
0 1 0.6732 1
2 5 62.3613 4
0 5 58.9464 0
3 2 33.7882 3
3 4 20.8348 2
3 3 58.6237 2
1 0 62.4874 0
1 0 0.8217 2
3 0 46.5448 3
5 4 71.009 4
2 0 95.7877 2
0 1 88.2173 3
5 5 66.0446 0
5 2 98.705 5
1 1 89.6529 4
5 1 44.3479 5
1 0 9.6721 2
3 4 3.6758 3
5 0 11.7155 2
2 0 96.6483 4
1 0 55.5402 1
4 0 8.3675 2
5 4 20.9512 3
2 3 46.6927 1
4 3 2.3643 0
1 2 91.8411 3
2 5 1.0463 2
4 4 51.9659 5
4 5 40.11 4
4 3 71.9009 5
3 2 98.6193 5
0 2 4.2224 1
4 4 98.4076 0
1 0 10.3417 1
0 0 86.3012 0
4 2 -3.8173 2
2 0 18.4933 4
5 0 87.3483 4
2 0 17.8634 5
5 4 -5.3851 1
0 2 78.7431 2
4 4 26.0239 1
2 4 41.2229 2
5 5 67.6721 5
3 1 54.9986 2
4 0 45.6588 2
1 5 47.3906 0
4 1 9.5676 1
5 3 40.2705 2
2 0 2.5021 1
5 4 71.7104 3
1 1 81.352 2
1 1 3.5655 4
5 4 96.9012 3
2 4 80.5563 4
5 0 5.4691 5
1 0 45.076 3
2 5 93.7296 4
1 5 63.0576 0
4 3 -1.4114 0
2 2 -7.0531 5
5 3 54.3655 4
3 0 69.134 1
1 5 22.5495 1
3 5 15.5861 1
5 4 99.0991 0
1 5 53.6079 5
0 2 72.9431 3
0 4 79.5378 2
3 1 1.2669 5
2 1 76.8448 0
2 3 -9.3685 3
2 3 39.8682 3
0 1 12.8256 5
0 0 49.0574 3
2 5 6.3729 1
5 4 18.5399 5
3 3 74.4644 0
2 5 31.8854 5
5 1 68.2426 1
5 3 88.8276 0
3 4 22.6565 4
3 5 70.3031 4
0 0 68.2027 4
5 0 57.2308 5
4 4 18.2641 4
5 0 -5.0208 0
0 0 55.2421 2
1 5 -6.8302 3
1 3 -1.1166 5
4 2 39.0892 0
4 5 37.4086 4
2 4 17.6282 3
3 2 76.2888 0
0 5 5.1203 2
0 3 27.2862 1
2 2 80.9987 0
2 2 -5.958 4
5 4 50.2954 3
2 5 48.9041 5
1 3 70.2866 1
4 0 28.1724 1
3 3 61.0163 5
3 3 83.6039 5
4 5 17.1818 1
2 3 76.6924 5
2 3 59.2684 4
3 3 22.5434 0
1 2 17.4514 2
5 1 27.1005 2
5 2 42.6511 2
3 0 66.5333 4
1 3 65.3958 0
5 1 31.0717 1
0 3 71.8021 3
1 2 86.6282 5
0 5 38.0286 0
4 0 94.7964 2
3 5 78.906 3
2 4 29.7382 3
0 5 98.9205 2
4 3 7.3514 5
1 0 43.1348 0
2 2 87.7747 0
1 4 42.1166 5
0 4 86.8496 3
0 0 -4.3992 1
2 1 6.5172 2
2 3 93.295 5
0 2 -1.7973 3
4 2 69.3047 4
1 5 86.6819 0
3 0 4.9056 4
3 5 49.3632 3
5 1 -4.2559 4
4 1 43.2974 4
5 3 95.8453 1
3 0 29.2572 2
1 2 46.9927 0
4 2 90.2653 2
1 0 34.0976 1
2 4 80.9331 2
1 5 88.986 4
0 0 95.3944 4
2 5 13.086 5
5 5 -4.7429 5
4 5 14.5077 5
5 1 71.4814 0
3 4 17.3234 4
3 5 -5.4226 0
0 4 -8.0646 3
0 5 78.2516 5
5 5 16.0983 1
5 4 33.5157 3
2 0 81.3492 2
1 3 58.9611 5
0 4 94.4332 2
3 0 51.0762 4
3 4 80.9914 4
1 3 36.6165 0
4 5 57.9629 2
3 4 27.3866 5
0 4 61.4132 0
4 5 67.3696 4
5 1 42.2015 5
1 2 -7.8594 1
0 5 25.3756 0
4 4 4.9417 5
5 5 17.2505 2
5 2 51.455 5
4 1 39.7363 4
5 5 99.5935 5
1 4 2.1277 1
3 1 31.7532 5
0 3 49.9816 2
2 0 18.7137 4
3 1 23.8278 1
1 2 15.5567 4
1 0 39.0492 2
3 0 65.6061 2
5 4 24.9181 3
1 3 21.7705 3
1 1 33.6416 0
5 1 9.6026 4
1 1 70.8485 2
3 5 96.1941 3
0 0 59.2664 2
5 5 17.3237 5
0 2 25.0613 1
1 5 62.0461 3
3 3 81.2305 3
1 5 14.3519 3
2 2 -8.4188 0
1 5 68.3961 3
0 4 37.0807 5
3 4 43.2731 5
3 1 50.7398 3
1 5 97.5456 4
0 1 73.3384 5
0 0 -7.3299 1
2 3 99.2577 3
0 4 57.3302 2
4 0 37.098 1
1 0 53.2931 1
4 5 69.1366 4
0 5 96.25 3
3 4 -6.4065 0
1 2 47.1382 5
2 4 -7.698 2
1 5 72.0705 2
3 4 32.2686 1
4 0 -0.4953 4
4 5 82.7846 1
2 4 -6.2903 1
5 0 51.2197 1
0 3 78.04 5
3 1 32.8438 0
5 3 15.2461 2
3 2 77.4778 1
3 5 28.7611 0
3 4 69.3305 1
4 3 48.0231 1
3 4 18.8439 4
0 1 28.9185 4
0 4 87.639 0
1 2 96.8382 1
5 4 27.7715 3
2 5 67.8465 4
4 0 35.621 2
4 3 36.3393 3
1 1 89.0231 4
5 2 24.612 0
3 4 94.3842 1
1 5 55.2309 3
4 5 61.6119 1
4 2 0.8247 1
2 3 58.8705 0
1 5 72.4199 1
0 4 27.6773 1
1 0 67.1749 1
1 0 91.1221 0
3 3 56.3126 2
5 2 46.2599 1
4 3 19.3545 0
5 3 74.1426 2
1 1 11.3671 5
3 3 49.5354 3
1 3 35.1419 1
2 3 21.9511 4
5 4 71.6852 5
4 4 -9.3045 4
5 5 19.0925 1
5 4 58.6291 3
0 0 94.2301 5
1 1 12.7725 2
0 1 37.1774 5
0 4 41.8293 5
5 1 71.3732 3
0 3 7.9661 2
2 4 69.7587 1
4 0 67.8961 2
0 4 97.0976 1
2 4 80.1159 5
0 0 67.7236 5
3 0 29.8843 1
4 1 25.664 0
4 2 34.835 4
2 2 88.9469 0
3 2 37.8871 3
5 1 6.1057 2
4 1 44.7914 0
4 1 63.7579 5
3 4 13.6774 3
5 5 -4.5736 5
3 5 69.5225 0
5 0 58.0524 5
4 2 12.8687 1
5 3 67.8855 4
3 2 82.8225 2
3 3 55.8082 2
1 4 5.1684 2
5 2 39.9274 2
1 2 83.1428 5
4 5 51.95 0
3 2 67.4216 2
5 4 33.4224 3
1 4 89.0222 5
0 0 21.7174 0
0 3 79.7139 1
1 1 45.7698 4
1 2 20.3315 5
3 5 -4.6527 4
3 2 29.8163 5
2 1 46.2551 1
4 5 66.6627 2
1 2 41.6988 5
1 3 7.0383 1
2 2 53.8823 5
3 4 35.373 0
3 3 53.875 2
3 4 62.9079 2
1 4 97.4578 3
1 0 59.6724 2
0 5 27.9593 4
5 2 52.6445 3
5 3 82.6211 5
4 4 51.6584 2
2 0 23.3077 2
4 3 -8.1694 0
4 1 53.7224 1
0 4 70.2251 1
2 4 -0.6553 2
2 0 6.1332 5
0 1 92.77 4
5 0 22.6007 4
1 0 21.1122 1
4 0 23.5298 1
2 2 72.0319 1
2 0 -7.7699 0
4 1 49.8986 1
4 0 83.4926 4
2 0 35.7341 5
2 0 89.0557 3
4 1 25.9565 5
5 5 98.7269 4
4 2 91.7381 1
5 5 34.8428 3
0 4 83.1758 1
2 1 39.4519 4
3 3 51.8513 3
5 0 50.924 0
2 0 68.6023 0
4 2 46.855 1
2 2 -7.0686 1
5 0 26.2573 5
3 4 22.3056 0
5 0 -8.708 2
2 4 28.8572 1
4 1 62.1441 3
5 2 87.0167 3
2 4 64.6832 1
3 3 15.5848 0
3 4 67.7568 3
2 0 47.6807 2
1 4 70.8963 0
1 4 7.145 2
4 5 83.4369 4
0 3 30.7416 2
1 1 27.3268 5
1 2 65.5542 4
0 2 17.3369 0
5 1 9.2847 1
2 3 71.1313 5
4 0 32.1635 3
1 2 1.3641 0
0 4 89.5209 0
2 1 90.4708 1
1 2 95.648 2
0 3 69.0628 3
5 0 75.6226 5
5 3 93.1215 3
5 4 22.6295 3
4 0 37.0807 5
4 3 50.2651 4
4 3 -7.8025 1
0 0 47.477 0
0 4 62.2302 0
2 2 26.6122 2
4 5 60.3248 4
5 4 8.1467 5
3 2 65.5296 1
0 0 81.2813 3
4 3 98.0852 4
0 1 40.0414 3
1 3 56.519 1
3 1 42.3841 2
2 2 59.5422 4
5 4 69.959 5
2 4 16.6206 0
4 4 16.0928 1
5 5 55.3064 3
4 0 71.7965 1
1 4 63.8473 5
5 0 93.1055 4
4 4 6.6392 1
2 0 35.1216 1
5 5 78.2758 0
0 4 95.0847 5
1 0 53.5465 5
0 4 90.9246 4
5 2 70.4846 2
2 4 12.5611 0
1 2 34.6186 0
4 1 74.0487 3
5 4 23.595 1
4 2 82.3575 5
5 1 42.2642 4
5 3 42.5 2
3 0 -1.5494 2
5 3 53.0994 1
5 1 -4.4564 4
1 3 92.1031 4
2 1 56.0169 2
3 0 17.337 3
1 5 2.9454 0
0 1 39.1161 2
5 3 36.5579 5
2 5 29.2837 3
1 0 98.7122 2
1 0 -7.6064 5
3 1 28.5667 5
0 1 62.1534 3
5 1 37.3768 3
4 5 31.8442 3
1 3 -5.0662 1
5 2 9.9438 3
4 0 93.6613 2
3 3 38.5905 4
5 3 51.4562 5
3 4 93.4977 5
5 5 36.2428 1
4 2 -6.5487 3
5 4 42.4584 2
2 4 5.0296 3
3 2 94.8955 3
3 0 35.5487 0
1 1 -0.9788 4
2 5 56.6717 3
5 3 77.4542 5
1 0 86.7359 4
4 2 47.7532 5
5 2 39.5158 0
1 4 62.6547 4
2 5 7.6911 3
2 0 84.6743 1
2 5 57.9607 1
5 2 57.2073 3
4 3 6.2185 0
5 5 52.7726 1
0 4 18.709 1
1 2 64.4513 2
5 3 83.208 4
3 0 95.3579 1
5 5 64.1936 0
1 4 84.4021 4
1 4 86.5944 0
5 3 33.9784 4
2 2 58.0057 0
0 3 9.7289 2
0 2 -7.7305 5
2 5 -5.9111 4
3 1 87.7397 2
4 1 -9.4456 1
4 1 20.1264 2
5 0 -6.1905 0
4 0 41.3963 0
0 4 4.9131 3
3 5 14.4105 2
2 1 50.0909 2
4 4 47.4628 2
5 4 18.8163 2
4 5 68.5383 3
2 1 45.2942 2
0 4 56.5013 3
3 1 86.4199 0
2 3 91.2822 0
0 2 82.2882 5
3 3 34.395 1
5 3 56.2351 1
4 0 34.371 4
0 0 5.7678 5
4 4 1.333 0
0 0 23.5135 0
4 2 41.1782 2
4 1 34.3579 0
2 0 65.7959 3
3 0 -6.2379 0
3 1 75.5707 0
2 4 46.7338 1
0 2 55.4268 3
1 3 50.8154 3
3 3 73.011 0
4 2 22.327 3
4 2 76.1214 3
4 2 34.5181 4
4 1 26.4536 3
4 3 83.6357 5
0 1 75.2497 1
1 5 31.8549 1
5 4 67.8457 5
3 0 66.5879 0
1 5 1.067 4
5 5 11.8482 2
3 3 3.4734 0
1 4 64.5191 2
1 2 29.3344 4
0 4 59.9462 2
1 3 -1.8659 2
4 3 90.1865 2
3 2 97.2253 1
5 2 57.0592 4
5 0 45.1147 5
5 0 20.1378 4
1 3 -3.3527 1
0 1 77.9506 4
1 0 41.2172 0
5 5 37.6749 5
5 3 42.7956 1
1 5 7.3879 3
