0 4 9 5
5 1 34 3
5 3 41 2
1 1 56 2
3 1 96 1
3 0 74 0
5 3 67 5
2 3 51 2
3 5 98 5
5 4 38 2
1 3 64 5
4 1 90 0
4 0 89 3
1 4 12 4
3 3 60 2
4 2 75 4
4 3 64 2
3 4 80 1
5 2 39 2
0 4 36 5
5 5 68 2
1 4 54 4
1 4 1 0
0 2 89 1
0 5 56 0
5 4 23 2
2 0 35 5
5 1 17 4
3 4 98 1
3 5 21 4
2 2 77 1
0 1 3 4
4 3 80 0
3 3 25 3
5 2 43 4
3 1 96 5
2 4 71 5
5 0 66 5
3 0 66 1
4 3 89 2
3 4 99 2
2 2 -1 0
0 4 39 1
5 2 -8 4
5 4 98 4
2 4 21 4
2 2 25 5
3 0 19 0
2 1 66 0
5 4 81 1
5 5 1 1
1 3 86 5
0 3 92 1
5 2 -1 3
2 2 81 5
4 2 37 0
4 4 100 5
4 1 20 1
2 1 14 5
2 4 97 0
4 1 69 5
3 3 25 3
5 0 86 0
4 2 88 2
0 1 84 5
1 1 7 0
3 1 42 3
0 0 74 1
3 4 26 0
3 5 87 0
5 0 46 3
0 4 -2 4
5 2 54 4
1 4 94 4
2 5 24 0
5 0 31 5
2 1 58 1
2 4 87 0
5 0 40 3
2 2 92 1
3 5 5 5
5 2 87 3
5 3 2 4
5 5 -6 4
0 2 17 4
4 5 19 3
0 1 35 4
3 2 15 2
4 4 50 3
4 1 79 2
4 2 18 2
3 2 51 2
0 3 26 3
4 1 10 5
0 2 40 5
0 3 54 5
3 4 13 3
3 5 39 4
1 0 47 5
1 5 34 0
1 5 82 1
3 3 76 4
5 0 76 5
5 0 50 5
2 3 -10 4
5 0 48 4
3 1 71 3
3 4 94 1
1 5 -3 4
5 3 72 3
0 0 20 5
3 3 90 4
4 0 3 0
3 5 78 0
0 0 64 1
3 1 96 0
4 4 23 5
2 4 91 4
0 5 33 0
4 0 33 0
3 0 62 5
0 3 54 3
1 0 3 0
5 3 -9 3
3 2 5 5
2 5 75 2
4 1 64 1
5 0 96 2
3 2 18 0
0 5 6 0
2 4 59 3
0 2 34 2
3 5 88 4
3 5 96 3
3 2 63 3
5 0 27 0
5 3 97 2
3 4 60 1
4 3 -6 5
5 2 30 5
2 4 24 1
2 0 79 1
4 5 70 1
5 1 89 4
2 3 51 5
5 5 36 4
3 1 93 5
1 5 38 4
3 5 76 4
1 4 46 2
2 1 -5 0
2 4 6 1
2 4 61 0
0 5 79 1
0 2 42 1
0 5 83 5
3 5 50 4
1 4 7 5
1 4 39 2
5 0 84 3
1 0 68 5
3 4 70 2
5 1 66 3
4 0 13 2
4 4 45 2
1 3 39 3
5 5 74 0
1 0 1 3
3 1 20 4
3 5 87 2
0 5 -9 4
0 5 90 5
5 0 26 0
0 3 16 5
0 3 65 3
1 1 38 4
4 1 64 0
2 0 98 4
1 2 24 3
5 2 89 4
3 2 28 2
2 1 96 4
1 1 46 5
3 0 2 5
0 3 20 3
1 3 10 3
2 5 26 2
0 0 93 1
4 5 0 4
4 2 42 0
1 2 47 2
5 5 98 1
0 4 88 0
2 5 66 0
0 0 16 4
0 2 50 5
3 2 27 0
2 0 33 4
5 1 46 2
4 4 76 5
0 2 8 4
0 4 6 5
3 1 5 5
0 1 27 3
2 0 13 1
1 4 83 2
3 0 41 2
0 0 54 3
1 3 27 4
2 4 28 5
1 0 89 3
1 0 -9 1
3 0 -2 3
4 5 33 3
1 2 45 1
4 3 50 4
3 3 27 0
0 3 99 0
1 0 55 2
0 0 68 5
0 3 7 3
2 0 49 1
4 0 47 1
3 5 84 4
0 4 -9 0
3 5 68 4
2 0 85 2
1 3 15 2
4 2 67 4
3 3 35 3
4 3 49 2
2 1 34 0
3 3 64 5
3 5 49 0
0 1 43 5
4 3 93 4
1 2 36 5
4 2 77 5
3 4 -3 5
4 1 5 1
2 1 17 1
2 1 8 0
3 5 74 4
1 2 7 0
4 4 98 1
5 0 -3 4
3 4 59 0
1 5 1 3
4 2 47 3
3 0 79 3
5 3 23 2
2 5 45 1
5 0 49 4
5 4 21 0
4 3 70 3
3 5 10 2
1 0 35 4
1 1 13 2
5 1 -3 1
2 1 56 5
4 5 95 3
4 2 3 5
1 2 93 4
0 1 44 0
2 3 96 1
5 1 68 5
3 5 84 2
2 5 14 4
5 3 61 3
1 4 94 5
5 5 67 3
4 0 66 3
5 3 96 4
5 2 89 3
2 3 11 1
5 5 30 3
5 3 16 4
4 3 19 4
5 0 4 4
2 3 2 0
5 2 83 4
2 3 71 1
0 2 73 1
3 0 78 5
1 2 35 2
5 2 11 3
0 3 68 1
3 1 -5 1
3 2 48 2
2 4 6 5
4 2 82 1
4 1 36 4
1 4 70 5
1 5 57 5
3 1 26 5
5 2 -6 2
0 4 31 4
3 3 26 0
1 3 7 4
2 2 34 3
5 3 19 4
4 0 2 5
4 5 -4 5
4 4 99 2
1 5 38 1
2 2 52 1
4 2 -10 0
0 3 94 5
2 0 66 5
5 2 69 4
4 4 62 2
2 4 1 0
4 0 48 0
5 0 77 2
3 0 11 3
5 1 88 0
4 2 15 0
3 1 85 3
4 4 33 2
4 2 62 4
5 4 51 4
4 4 8 4
4 0 3 3
5 1 81 1
4 5 92 0
0 4 34 3
4 5 29 5
1 1 -2 4
0 2 -4 3
0 1 27 3
2 5 70 2
1 0 89 3
4 5 67 4
2 1 35 5
0 3 78 2
4 2 18 1
5 5 -1 0
3 4 77 5
1 3 71 5
0 2 28 2
3 4 25 1
3 4 68 2
3 1 51 4
2 5 6 4
5 2 55 2
1 1 74 5
0 1 59 0
3 4 41 2
3 1 35 0
0 2 74 1
2 3 57 3
2 2 73 2
5 4 31 3
2 2 54 1
5 3 97 2
5 3 54 1
5 2 52 5
4 1 53 2
2 0 48 4
0 3 71 3
3 3 58 2
2 5 24 0
5 2 91 0
1 3 34 2
3 4 33 1
1 5 -6 3
3 0 14 0
5 2 93 5
0 3 80 2
5 2 14 1
0 4 6 0
4 5 4 4
5 4 41 5
0 5 83 5
3 3 93 0
3 5 36 1
1 3 98 4
2 0 11 3
3 1 -2 2
4 5 61 5
1 1 8 5
0 0 17 0
0 2 64 5
2 1 68 5
5 2 39 3
2 2 -7 2
3 3 84 3
3 3 1 1
4 0 9 1
0 4 98 0
3 4 73 3
2 3 61 4
1 3 59 3
5 1 65 0
1 2 57 5
2 0 95 1
3 4 18 2
4 5 80 1
4 4 58 2
0 4 -10 1
0 3 71 4
2 2 65 2
3 2 -6 4
1 4 46 0
0 1 4 0
5 3 87 0
4 0 -7 5
2 2 13 3
2 5 5 4
2 4 23 0
3 2 23 3
5 2 61 4
0 2 39 2
3 5 62 5
5 2 77 1
0 4 10 0
1 1 37 3
5 5 6 1
5 2 82 0
0 4 16 5
1 2 12 3
0 5 88 5
3 2 92 5
2 0 77 1
5 1 41 4
2 0 87 1
1 5 87 4
5 1 32 4
2 1 78 1
0 2 40 1
2 2 31 5
0 2 82 2
3 1 45 0
2 2 35 1
0 3 88 0
4 1 51 3
4 3 77 3
0 3 32 0
2 5 99 2
1 2 -10 2
3 4 79 2
5 5 1 4
1 3 5 1
4 2 0 3
2 5 60 3
1 5 -6 0
2 4 9 0
3 3 24 2
2 4 76 3
1 0 12 5
4 3 65 5
1 5 44 3
4 2 1 4
2 0 92 5
4 4 8 4
4 1 63 1
5 3 24 1
3 0 1 4
3 2 17 4
0 0 26 4
1 1 33 1
0 4 13 4
0 4 85 1
0 4 54 0
4 0 53 1
5 3 61 4
2 2 69 2
2 0 66 3
3 2 43 5
2 4 -10 4
5 4 28 2
5 3 57 1
4 3 32 5
3 3 3 1
2 5 44 0
0 2 95 5
3 0 84 4
3 4 13 2
1 5 42 0
1 3 27 3
0 3 1 4
5 4 69 5
3 4 92 0
1 2 51 4
4 3 -4 2
0 4 8 0
0 2 56 3
4 5 77 3
2 0 51 4
1 0 31 0
1 0 18 0
4 2 5 4
4 2 57 0
5 3 19 4
3 3 24 5
3 0 53 5
3 5 70 2
0 4 65 4
5 4 45 4
4 0 41 0
1 3 39 4
0 5 -8 1
2 2 46 4
0 4 88 3
4 2 58 2
5 1 36 3
4 1 55 5
1 4 -8 1
0 2 -9 2
1 0 0 0
4 5 67 5
0 0 0 3
2 2 25 2
1 3 51 2
4 4 6 0
2 2 12 4
2 0 38 4
1 0 55 5
1 4 14 2
1 5 78 5
2 2 35 0
1 3 -4 3
2 1 23 0
5 2 23 4
1 4 11 1
5 1 55 4
4 0 69 5
2 1 56 2
1 3 83 4
2 5 75 2
0 5 55 2
2 1 100 2
3 2 -8 5
3 0 -9 4
1 3 30 2
3 1 60 1
5 5 25 3
0 5 43 3
5 2 27 5
2 4 9 1
2 5 47 0
1 2 48 1
3 1 68 4
2 2 39 5
4 4 92 0
2 5 78 5
5 2 42 2
4 1 31 4
3 2 79 3
3 3 32 2
0 1 51 0
1 4 22 0
2 4 60 2
5 1 2 2
3 2 17 1
1 4 16 1
4 1 99 3
3 4 42 0
4 1 79 0
0 4 26 4
5 1 74 0
2 0 63 3
0 5 46 5
4 1 65 0
0 4 58 0
5 4 19 2
1 5 21 5
2 5 41 0
1 2 76 3
4 5 19 4
5 3 60 0
2 5 -2 1
4 0 76 0
5 5 -9 4
3 1 39 0
0 4 -3 4
4 0 57 1
3 1 91 0
5 4 55 2
4 4 9 4
3 2 -1 4
0 2 96 2
1 0 97 0
2 0 30 5
1 4 54 4
0 0 65 2
3 4 66 1
3 4 -2 5
4 5 40 4
5 4 83 5
4 5 -2 3
4 4 19 3
5 4 21 5
5 2 99 4
5 0 37 5
5 5 -2 3
5 1 95 0
1 1 86 3
0 4 25 0
1 1 3 1
4 0 32 1
0 4 66 3
0 1 98 3
1 3 5 2
2 1 55 2
4 0 92 0
1 2 1 4
4 3 9 5
3 1 9 5
2 5 54 4
4 4 54 0
0 5 50 5
2 5 19 1
4 2 16 1
0 3 -2 0
4 5 28 3
0 2 37 5
3 4 1 0
2 1 67 0
0 0 68 4
3 3 45 5
0 3 71 4
3 1 -3 2
5 0 63 3
1 1 34 2
2 3 92 1
1 2 -3 4
1 3 -3 5
3 5 -1 2
4 3 -2 3
5 3 -3 5
3 4 54 3
0 3 97 4
2 2 15 1
5 2 36 4
0 5 16 2
1 5 71 4
2 1 -3 1
0 2 48 5
5 0 11 3
2 1 35 2
2 1 43 0
2 0 17 1
3 3 68 3
4 1 7 1
2 3 25 2
4 0 55 3
4 0 12 5
5 1 62 5
1 4 56 2
3 0 -2 2
0 3 19 0
1 0 -6 4
1 4 88 4
1 5 88 0
5 1 45 2
4 5 -2 0
0 0 -3 2
0 4 50 4
2 5 64 1
4 3 58 0
1 5 33 1
5 4 55 3
1 2 6 1
4 2 -9 0
0 4 49 3
0 1 0 0
0 4 14 0
1 2 47 3
4 5 35 0
3 5 42 3
0 3 90 1
3 0 59 0
1 4 69 2
4 4 23 0
0 3 8 3
4 1 56 0
2 5 92 5
2 5 53 1
2 2 96 4
4 5 0 4
4 4 97 3
2 5 88 5
0 0 85 2
1 5 75 3
4 0 -6 1
4 1 86 1
1 3 45 3
1 3 23 1
5 5 79 1
5 4 45 4
3 5 0 0
4 3 13 3
5 5 41 4
5 4 22 0
3 2 96 5
3 0 68 5
4 0 91 0
5 4 5 3
2 0 35 2
5 3 46 3
1 4 48 1
3 0 99 3
1 3 75 1
1 2 84 5
0 0 82 4
2 3 32 1
3 5 62 4
0 0 68 4
2 2 63 1
1 1 85 2
0 2 8 5
3 4 23 2
1 4 38 2
2 1 39 3
1 5 88 0
2 2 -3 5
3 3 19 0
1 3 100 3
3 3 27 0
0 2 45 3
3 5 57 2
5 0 16 3
0 3 94 5
4 2 26 4
4 3 48 3
1 2 47 3
0 5 -5 5
4 0 13 1
4 3 20 5
3 0 49 3
1 3 91 0
1 0 2 4
1 2 23 1
1 4 63 3
5 0 95 1
3 0 86 1
2 1 69 5
2 4 76 0
1 5 40 5
0 5 49 2
0 3 45 2
3 5 78 0
1 2 21 2
0 2 4 5
4 3 34 5
3 2 61 1
5 2 95 0
5 1 98 4
2 0 1 4
4 5 23 5
3 5 11 1
0 1 43 5
3 3 -5 0
4 1 48 1
2 5 31 4
1 2 70 1
5 1 57 0
4 4 61 4
3 0 47 3
2 3 80 2
1 0 3 2
0 3 49 1
2 5 8 5
2 3 53 4
2 3 65 4
4 1 37 4
4 5 -1 2
5 2 46 5
5 3 54 2
5 0 18 0
5 2 57 2
1 5 38 2
4 0 81 3
0 0 79 4
0 4 97 0
4 1 4 1
3 2 15 2
3 4 32 5
3 1 65 2
3 3 62 1
5 2 43 0
4 5 20 3
4 4 27 4
3 0 46 4
2 4 15 0
5 1 59 2
0 5 53 0
4 2 19 4
2 1 39 0
5 5 46 4
0 5 40 4
3 0 14 5
5 3 100 5
5 3 92 2
1 1 88 1
5 2 -8 3
5 3 31 1
4 0 86 2
3 3 38 5
1 3 85 3
0 3 76 0
5 4 92 5
3 4 3 3
3 1 67 4
4 3 99 3
0 3 84 1
4 2 43 5
1 0 34 0
1 1 78 4
1 2 73 5
5 5 33 0
1 1 61 2
0 1 2 0
5 4 94 5
1 1 17 4
5 0 41 3
5 4 97 3
5 2 50 3
0 3 61 0
0 2 -9 0
5 1 17 0
4 4 51 1
1 5 83 0
2 4 54 5
3 3 21 4
2 5 24 3
5 0 67 0
5 1 72 2
4 1 31 2
2 3 95 5
2 1 18 5
0 5 74 0
0 2 15 0
3 1 96 0
1 5 41 5
0 5 -10 4
2 2 21 5
4 0 43 3
1 3 94 5
3 2 45 1
1 0 33 3
2 2 77 0
4 4 -6 5
4 1 36 2
0 5 35 0
5 2 86 2
4 5 97 1
4 5 27 2
0 0 85 2
3 4 60 3
3 5 21 2
0 3 31 1
0 4 43 0
3 5 41 3
2 4 46 1
5 0 55 1
0 0 80 4
4 5 65 1
4 5 41 1
4 2 -6 4
0 1 95 4
2 3 11 3
4 5 45 1
4 2 26 1
1 1 22 1
1 4 27 2
0 5 50 4
1 0 26 3
4 1 87 3
3 3 48 0
1 5 2 5
1 0 42 5
0 0 24 3
4 5 -5 0
2 5 95 4
3 2 76 0
2 1 60 3
5 1 28 0
3 5 64 2
5 0 39 4
1 3 -9 2
5 5 46 3
4 0 88 1
1 0 66 3
2 2 71 0
5 0 86 3
1 5 -3 0
3 0 -1 4
4 5 17 3
3 5 62 4
1 1 13 2
0 4 62 5
4 2 48 5
3 3 23 3
4 0 47 4
2 5 25 4
0 3 8 3
4 4 7 3
1 4 29 0
3 0 23 1
0 4 98 4
4 5 66 3
4 3 82 4
0 4 19 4
1 3 28 0
3 1 84 4
1 0 31 2
0 1 6 5
1 3 11 1
1 0 3 2
4 4 6 5
2 3 93 5
0 3 89 1
0 3 -1 4
4 3 11 2
4 4 -5 1
1 4 29 1
5 2 2 4
1 1 90 1
1 1 28 2
0 4 -3 1
3 3 59 5
0 1 11 3
0 0 97 4
0 3 33 0
2 3 18 2
3 3 97 3
0 1 31 2
5 4 95 3
2 0 40 0
2 4 25 2
0 2 -10 4
0 5 35 4
4 3 42 5
1 3 40 2
3 2 85 5
3 4 39 5
1 4 41 0
5 1 75 2
4 0 5 5
1 2 48 5
3 3 54 5
4 3 34 1
2 1 24 0
0 5 38 0
1 4 48 4
4 5 32 1
4 5 93 0
5 1 14 1
4 5 83 2
0 5 42 3
1 4 28 3
1 0 68 0
0 0 80 5
3 1 26 3
2 1 43 4
3 4 -1 0
1 0 85 3
4 4 11 2
2 1 55 4
0 0 68 3
4 2 -4 1
4 4 25 3
2 2 5 0
5 1 63 3
0 0 85 1
2 1 85 3
2 5 80 1
0 0 52 5
2 4 17 4
3 1 29 5
0 3 44 1
1 3 46 1
0 5 12 0
0 5 43 5
1 5 59 5
0 1 99 2
2 2 89 3
1 4 42 2
4 1 -2 5
1 5 -2 0
2 1 25 2
5 5 55 3
0 0 79 3
1 2 38 1
2 1 47 4
0 5 47 4
5 4 76 1
3 0 11 0
4 5 50 5
4 3 70 4
2 0 86 4
0 2 -7 5
1 0 12 5
0 5 34 3
4 0 21 1
5 5 -6 4
0 2 75 5
2 5 64 3
