5 3 93.4884 5
4 0 56.7377 1
3 3 19.2042 5
2 3 97.1038 2
1 4 61.364 0
0 4 70.6895 0
2 0 0.2728 4
1 1 75.6782 0
4 3 38.4806 3
4 1 67.1342 4
0 4 99.4697 1
4 4 28.0584 0
0 3 31.9589 4
5 2 -1.1911 3
3 3 35.293 5
2 3 9.4789 0
0 3 32.3833 1
1 0 84.8672 2
5 2 78.4296 2
4 4 16.6604 3
3 3 80.0267 4
3 3 86.5654 2
0 0 63.5504 0
3 1 52.9897 2
4 1 85.0983 3
2 5 2.3118 0
0 4 20.6439 1
2 0 21.9163 4
3 3 92.7947 2
2 0 70.1652 5
3 2 -1.9657 5
1 1 66.3854 3
2 5 15.8038 3
3 5 82.1033 2
3 5 3.1303 3
2 3 -8.2646 1
0 2 57.2942 2
5 0 15.0852 4
5 3 74.4108 5
4 1 14.3433 2
5 2 58.1298 3
0 0 -3.0653 2
3 0 27.9227 2
5 0 10.4311 4
1 2 72.9962 3
0 0 30.8974 0
2 3 27.3258 3
1 0 6.901 2
5 5 55.0013 2
3 2 7.2976 3
5 2 88.053 2
0 0 95.5278 2
1 0 81.2394 5
1 2 15.9579 4
1 4 -3.5209 1
5 0 15.2193 0
5 1 48.0683 0
3 5 19.7292 2
5 0 33.055 0
4 2 38.9038 1
3 5 -3.4081 1
4 5 56.3118 2
0 0 42.3207 2
4 1 28.4231 1
5 5 31.3219 3
1 0 -6.4258 1
5 4 88.0136 0
3 0 81.559 5
5 1 79.8678 5
1 4 20.5338 4
1 3 36.3124 3
5 0 25.3297 1
0 5 65.4654 0
2 4 43.6323 4
1 3 13.4538 5
4 1 64.0293 0
1 4 99.1271 4
2 3 51.6659 0
2 2 2.2631 0
3 3 50.2586 2
0 5 90.6185 0
5 0 69.6496 5
5 1 63.572 4
1 4 97.2726 3
1 1 -0.8451 5
0 3 11.0121 4
4 4 79.6648 3
5 0 96.0547 4
5 3 -0.7651 0
0 3 4.5246 3
4 1 32.1767 2
0 1 86.7431 2
4 3 46.0959 1
3 1 -1.7246 0
5 0 79.4806 1
3 0 30.7738 1
0 2 46.4699 2
3 0 98.2646 4
1 1 28.4831 5
5 3 8.3522 4
0 2 13.3875 2
3 0 41.4918 3
3 1 97.6392 1
4 2 17.6926 4
2 4 37.7159 1
0 4 85.3262 3
5 3 32.2348 0
4 3 29.6252 4
2 2 68.9792 5
1 1 39.4954 4
3 2 84.535 1
0 0 54.0149 1
0 2 30.9968 2
1 5 -1.6323 3
1 3 42.3311 5
0 0 62.1584 2
3 1 30.5437 5
3 0 49.8702 5
0 4 93.7663 2
1 0 59.718 5
3 0 -2.3341 3
1 4 70.9842 2
0 0 0.7181 3
4 0 -3.1989 0
2 3 -3.39 3
4 3 23.4772 4
3 0 44.4651 2
0 2 60.7307 0
5 0 50.8757 3
5 0 7.9226 3
1 0 -7.0729 4
1 5 84.9765 5
3 1 66.4189 1
2 3 -5.9046 0
3 0 -6.4857 2
0 5 0.9294 4
5 3 54.416 5
3 3 28.4036 1
0 0 97.2955 2
0 1 -4.7661 4
2 0 46.346 5
5 5 91.5016 2
3 3 9.5293 1
3 4 47.713 3
1 5 -8.4523 0
2 2 89.7518 2
1 3 50.1932 5
2 2 69.2481 1
3 5 51.3043 5
3 0 71.5469 5
5 5 12.5866 1
5 5 56.2267 3
3 5 -9.9644 5
2 0 72.7053 5
2 4 10.287 3
3 2 49.9466 2
4 3 26.3701 2
2 5 96.1455 5
3 3 92.4501 5
3 2 24.9176 3
4 3 53.8833 1
5 1 79.5849 3
5 4 84.2889 0
1 4 94.5704 3
0 5 35.1967 4
3 1 46.3381 1
4 4 -2.8266 1
2 1 90.8068 1
1 0 62.0864 1
3 0 92.7964 2
2 4 26.2873 1
1 1 30.8181 4
3 1 93.2908 5
5 3 67.4533 1
0 4 34.3131 4
0 2 -8.7519 4
1 5 15.9946 1
1 0 81.9009 1
5 3 91.0827 4
3 2 55.8033 3
1 0 71.4911 1
3 3 46.8683 5
3 1 92.486 5
2 2 99.7661 0
0 0 11.4463 0
3 5 46.9166 0
3 1 69.8047 4
4 4 56.0002 1
4 3 98.0243 5
0 3 6.4403 1
2 1 3.9213 2
5 4 43.0765 5
2 4 89.3011 3
4 0 48.8351 0
5 0 40.5466 3
4 2 59.009 1
2 4 -8.4296 0
0 3 -8.8779 1
4 0 57.035 5
2 2 20.0136 1
1 4 41.8321 3
0 1 80.3405 5
5 2 54.2826 3
0 3 9.9517 1
5 3 40.6498 2
3 5 2.4844 4
0 3 -2.3097 0
4 3 83.5587 2
2 1 64.274 0
5 1 35.6254 4
0 5 10.0712 2
5 4 12.2018 1
0 5 24.8884 2
1 3 67.2851 0
0 4 83.7831 0
3 1 53.0302 1
3 5 23.115 3
2 0 31.3016 0
3 2 45.6997 1
2 0 3.7911 1
4 3 8.0403 4
4 2 41.1999 1
4 2 57.9664 5
5 3 37.4005 5
0 5 3.9576 2
0 0 71.7168 1
4 4 51.297 5
5 2 87.8204 5
1 1 40.4734 1
4 4 27.129 4
3 5 93.2468 2
0 2 10.2308 3
3 0 22.9119 3
5 2 42.0335 0
0 5 81.581 5
0 0 68.0944 4
5 3 82.3383 2
0 1 -1.0872 2
2 0 88.5023 0
1 4 61.4425 0
0 5 82.9433 2
0 2 39.022 0
4 4 77.1472 5
4 3 42.985 5
2 3 96.7777 4
0 0 67.8967 3
3 5 35.6547 2
4 1 21.5049 3
4 4 98.1496 0
4 1 98.497 1
0 0 59.1858 1
0 0 42.9122 5
5 4 77.6462 5
1 3 7.1798 4
5 4 92.0454 2
2 2 71.4544 4
4 3 48.6717 4
4 4 88.9065 3
5 1 13.3342 5
5 2 80.9847 2
1 3 71.2479 0
2 1 92.2936 2
0 5 89.7301 2
5 4 93.6959 0
1 3 37.254 5
2 0 18.8472 5
0 0 94.3536 2
1 0 63.4184 0
5 3 13.7133 1
1 1 46.1574 5
5 1 76.9836 4
4 5 59.8148 4
1 2 73.8758 1
3 2 18.2558 2
4 4 70.4963 4
5 0 17.8553 4
4 3 24.6799 4
4 2 71.5219 5
2 3 92.3141 3
4 3 80.5416 1
2 2 60.1962 3
1 5 -2.8595 0
1 4 64.2261 1
3 3 90.0529 0
0 2 -7.998 2
1 2 26.0147 3
4 0 26.7065 5
0 1 13.7284 3
3 5 32.0517 1
2 0 57.9726 3
5 5 50.4354 1
4 5 14.0559 2
1 4 18.8242 5
5 0 51.4371 1
2 5 27.378 5
3 4 39.9051 3
1 2 67.0709 2
5 1 53.3247 4
3 4 8.2832 4
3 1 75.707 1
4 4 55.3601 2
1 5 87.3986 3
5 5 75.2285 4
1 2 44.4257 0
4 3 14.1049 1
0 5 33.3384 1
0 2 26.0509 3
5 4 61.3268 5
3 1 80.8173 0
5 0 14.3145 1
2 1 34.6432 3
0 4 38.5488 5
1 5 43.4643 1
0 4 52.0014 5
0 2 -8.0704 3
3 1 60.437 1
5 4 93.8168 1
2 5 72.5121 0
3 1 51.3882 3
5 3 45.3721 3
1 5 -9.5871 0
3 4 64.4473 0
4 2 24.1112 5
2 5 26.6728 0
2 1 63.2659 2
3 3 0.2812 5
1 2 57.4328 4
3 4 22.9005 1
4 5 42.1527 5
0 3 44.5599 4
1 5 37.9853 2
3 5 19.3737 1
1 4 -8.7963 5
4 3 58.4818 5
5 2 2.6925 1
0 2 13.8269 5
0 0 89.5521 0
3 3 62.8104 2
2 0 75.8991 1
5 1 32.2107 5
5 2 61.2216 5
0 4 13.3554 2
5 0 72.0 2
5 4 93.3658 2
5 2 29.0329 5
3 4 44.7082 5
1 3 74.0316 5
3 0 4.1716 0
0 2 88.1739 0
3 0 37.6461 2
1 3 71.7733 0
1 5 80.5157 4
3 5 97.8527 0
0 0 96.7927 1
2 2 6.9689 2
3 3 81.984 0
1 2 37.8991 4
4 4 70.5718 2
3 3 -0.3068 3
3 5 44.3335 1
3 1 28.5628 0
1 4 23.2728 5
3 4 79.8145 0
5 2 85.8593 0
3 2 11.2178 1
3 4 42.7965 5
1 3 43.8076 2
5 0 13.8765 1
2 0 -4.4802 2
3 3 -9.1226 4
5 0 47.0523 5
4 5 19.5746 0
4 3 53.4914 5
4 2 71.9193 1
4 5 68.8313 2
5 3 35.1971 3
1 2 34.713 3
1 5 12.4418 4
0 5 -3.4016 5
0 4 39.1418 2
2 2 25.1593 1
0 0 98.7365 0
1 3 27.826 5
1 0 74.765 1
0 0 33.2123 0
2 2 -1.0023 4
0 1 16.4218 1
2 3 16.5662 3
3 4 50.3054 3
0 1 20.2828 0
2 1 58.51 4
1 1 56.362 1
4 5 58.2804 5
3 2 22.321 0
4 5 48.3432 1
5 4 38.1425 1
1 5 42.0273 0
0 5 84.3799 5
5 1 79.4344 0
1 4 93.5588 4
3 5 79.336 5
5 3 48.6774 0
3 3 86.6832 1
4 1 -6.9972 4
4 5 27.6905 1
4 0 -1.9407 5
2 1 59.0451 4
2 3 95.9125 0
1 0 70.2646 1
0 1 5.5473 2
3 2 52.2357 3
2 0 13.7304 3
3 5 31.6478 1
0 4 13.9898 4
0 4 61.7305 0
0 3 -3.0317 3
5 2 72.0644 5
5 2 67.8412 4
0 3 58.7043 5
5 2 64.5477 5
0 1 94.0827 5
5 3 57.6836 0
2 2 44.4089 1
4 3 18.143 5
3 4 93.5595 5
0 1 99.6507 5
3 3 25.8141 0
1 2 56.6543 5
1 3 99.9666 4
1 5 89.9885 3
2 3 -5.0132 5
4 0 57.7333 2
3 0 90.3357 1
4 1 24.0026 3
2 3 24.6413 0
5 1 12.5853 4
4 3 38.3567 2
3 1 48.2417 4
2 3 72.8455 3
1 3 17.1568 2
0 0 55.2539 0
3 2 97.1939 2
0 5 27.6821 5
2 3 64.6695 1
4 3 21.6102 2
2 5 45.9704 1
0 2 64.8287 4
5 0 53.334 2
1 5 34.1842 1
2 4 38.3798 2
4 5 55.4125 5
3 0 67.3214 2
1 5 61.5141 1
5 4 68.433 4
3 0 32.5563 3
4 3 7.182 4
0 3 8.1136 5
0 3 7.3486 0
0 5 95.3548 0
0 2 9.173 3
5 5 44.2851 0
5 3 75.0281 2
1 4 60.5071 5
0 1 73.3813 2
5 4 64.957 3
5 4 53.9632 0
3 4 54.1608 4
5 0 39.5214 4
2 0 87.5499 1
2 3 55.4374 2
0 1 99.653 1
2 5 65.4885 5
5 0 4.8393 4
0 1 29.015 2
2 0 52.5983 3
4 0 -0.4519 2
3 1 -9.3368 1
5 4 3.3358 4
3 2 65.0396 0
4 5 39.5535 5
5 0 6.7721 3
3 0 3.2877 2
5 0 26.2433 2
0 1 66.5682 4
4 3 55.8326 3
0 4 54.5058 5
0 1 15.43 2
1 4 67.6459 0
3 4 28.7693 3
0 0 28.2898 1
0 0 -6.3092 2
0 2 92.3432 5
4 2 74.895 4
5 5 28.4511 4
3 3 18.3483 0
0 1 56.8641 4
0 0 -2.6872 5
3 1 -0.7036 5
2 4 4.0175 3
1 2 99.4681 2
3 3 67.8443 2
2 3 32.9532 5
1 2 80.4283 0
1 3 32.3332 1
2 2 -9.3307 2
5 4 73.7229 3
3 0 33.9922 0
3 0 48.9175 5
4 2 33.1581 5
4 5 67.3885 4
0 0 23.4072 1
2 3 93.3036 4
0 1 42.7693 2
0 5 35.8307 5
5 3 12.3582 1
1 3 9.352 5
0 1 19.0936 4
3 3 32.6083 0
3 0 63.1756 5
5 5 11.3672 5
5 3 -7.751 0
5 5 52.371 2
3 0 88.8185 1
3 3 0.1171 0
1 5 86.793 1
2 2 52.9554 1
4 3 -4.621 1
4 0 -2.398 1
0 0 9.171 0
1 0 12.5313 1
3 3 -1.5456 4
1 4 62.1388 0
4 3 92.9544 4
2 0 80.77 5
0 4 67.7688 1
5 0 31.6981 2
5 0 47.8136 1
4 4 73.946 4
4 1 85.0999 1
0 3 85.4834 0
2 3 -6.025 0
3 0 53.4557 1
2 3 85.5583 1
3 5 78.4939 4
3 5 81.5688 2
0 0 16.0855 1
4 0 64.2649 1
3 1 89.4622 2
4 2 62.4721 5
3 4 66.7955 4
0 3 94.2892 4
3 1 22.4065 4
0 0 72.7708 5
2 2 1.4776 0
3 4 84.3898 0
0 3 0.3699 2
1 5 60.0034 4
3 3 95.4751 3
5 0 90.9595 0
1 1 9.9782 2
5 1 61.7528 4
0 3 77.5405 0
2 5 56.6816 2
4 4 47.8928 2
5 4 -8.1531 5
5 4 73.3816 3
1 2 97.8024 4
2 2 75.2995 2
5 1 85.7002 4
5 2 72.5864 3
4 5 44.1168 5
3 1 2.8248 5
1 4 40.1941 2
1 1 95.0732 0
0 5 9.5012 4
0 5 34.4698 5
2 3 62.2477 4
4 0 94.6068 5
2 0 -0.3602 4
2 5 0.4915 5
2 3 76.2311 5
5 2 45.7571 2
0 3 91.0028 4
4 5 15.4863 1
2 2 17.4229 0
5 2 96.1519 5
0 0 66.0605 0
5 1 53.3402 5
0 5 48.0003 0
5 4 59.612 5
3 0 66.3337 2
0 4 50.2104 0
0 2 15.1527 4
4 3 41.2362 0
0 1 83.9469 3
2 4 79.4337 4
0 3 -5.6138 5
0 3 92.7659 1
5 4 34.2668 2
5 5 74.6829 0
3 5 42.432 3
4 4 41.534 4
5 1 50.0851 3
5 3 2.5071 1
4 3 13.2394 5
2 4 43.5517 0
1 5 21.8001 5
1 2 62.4641 0
1 3 3.8382 1
4 3 63.0495 0
1 3 54.215 0
0 5 0.0987 5
4 1 64.4476 4
5 2 58.719 4
3 1 82.5084 0
2 4 27.2755 5
3 3 2.5517 2
2 3 -1.2686 2
2 2 72.3958 2
5 3 49.3387 0
1 4 52.2366 5
2 3 77.0864 2
2 3 96.3335 4
0 3 -2.5423 3
5 4 36.1043 3
0 4 13.9892 2
0 3 62.4278 0
4 1 37.1562 3
1 4 25.6551 3
4 5 96.453 3
1 2 67.4235 5
0 2 35.7857 0
1 0 83.7596 0
5 0 22.9467 3
5 0 34.721 5
1 5 45.5275 1
3 4 74.706 4
0 0 1.5814 2
1 4 18.1998 5
1 3 43.2507 5
5 4 -1.6911 3
5 4 84.7253 1
4 3 80.6197 5
2 0 48.5638 0
0 4 -3.0692 4
1 2 18.9211 2
3 4 51.4605 2
3 5 55.5528 0
0 0 -0.0912 1
1 4 3.5189 1
1 1 76.7184 1
2 1 60.4503 0
0 4 49.2605 3
0 2 54.5056 3
3 4 60.0795 2
2 1 69.9837 0
2 1 26.4825 2
5 4 23.0642 4
3 3 26.6178 1
1 4 99.6146 4
1 5 51.9158 2
3 3 -2.0514 3
1 1 17.8639 3
2 5 17.0982 0
0 2 50.8156 4
5 4 32.3258 3
3 3 24.2104 5
0 1 80.4376 5
3 0 36.0826 0
1 3 4.0837 4
0 0 -5.0356 2
4 0 95.6687 2
1 4 86.3743 5
5 5 95.7999 2
0 5 32.3503 4
2 4 87.3675 3
1 3 4.7663 4
2 3 40.1912 5
5 5 65.9841 4
1 0 77.0916 4
2 0 23.2109 1
2 3 1.8425 3
3 2 68.6199 2
5 4 40.9192 5
2 0 4.5138 5
2 2 18.4896 3
1 4 47.3601 5
4 2 75.8269 3
0 2 40.6462 1
5 1 52.7458 2
2 5 77.3707 2
2 4 20.7043 1
0 3 65.6174 0
3 0 82.7428 0
5 3 21.3682 1
1 1 7.4046 1
4 5 40.2338 2
1 0 79.1609 4
4 3 32.3767 4
0 0 50.2733 5
3 3 86.7073 3
2 2 26.6965 3
0 5 21.1942 0
2 5 83.6395 5
5 1 20.1231 5
2 1 43.7335 3
2 0 29.1519 1
0 1 57.9124 0
4 3 66.3208 3
0 2 29.294 5
3 2 74.9532 5
4 5 23.1851 5
4 2 57.6596 0
1 2 20.6437 1
3 5 -9.552 4
5 1 8.3711 5
3 5 34.7054 0
1 3 46.8901 5
0 1 3.3353 4
1 2 -2.8623 5
1 0 35.7248 5
4 2 49.84 5
2 3 25.3331 2
3 4 93.4119 1
1 2 19.8797 3
3 0 9.9802 5
2 0 59.4396 4
5 1 -6.2637 4
0 2 11.8414 5
0 5 59.1507 1
5 2 27.977 4
4 2 75.3901 2
4 2 45.9876 0
2 0 41.5225 0
2 1 25.1939 2
3 4 27.0303 5
0 0 42.8153 5
4 4 66.4704 4
3 1 80.5468 5
1 2 94.8638 2
4 3 65.181 3
5 3 32.8319 0
3 0 29.4499 0
0 0 87.6583 0
3 3 46.6048 2
5 0 2.3353 4
5 2 41.3165 3
3 4 -0.8984 0
2 3 32.3908 5
2 0 87.0571 3
1 1 -8.571 2
5 4 14.4587 3
0 1 -2.1891 3
5 0 52.0384 2
3 0 69.23 0
1 5 51.9 5
5 2 77.8627 1
2 1 31.7902 5
0 3 -8.8672 1
4 0 69.1032 3
0 5 75.6287 5
1 5 41.9518 2
5 4 34.192 4
5 0 -5.5041 5
5 5 7.4125 5
2 2 71.183 2
1 0 65.2722 4
3 5 0.9142 3
5 1 20.3827 4
5 5 79.7407 5
4 1 99.3365 0
1 2 -9.2547 1
2 5 8.6445 3
4 3 91.3869 4
5 0 13.7308 2
5 1 -4.961 0
5 4 80.1498 4
1 3 73.7805 0
5 3 47.7884 3
3 4 99.5767 1
3 5 89.2219 0
2 0 -6.9744 4
0 2 3.7798 0
4 2 19.5722 3
5 1 13.4926 3
4 0 80.8193 4
0 3 0.7156 5
1 2 -6.7036 5
3 4 85.3025 3
0 1 53.2246 0
0 1 33.4193 4
2 4 19.4513 3
0 3 59.4743 1
2 0 26.5568 4
3 4 10.2638 1
5 1 82.5621 5
0 1 -5.6426 0
0 1 20.6607 4
3 1 78.92 5
5 0 52.2795 3
5 5 43.4717 4
0 1 88.9625 3
1 2 12.8471 5
4 4 48.4246 4
4 2 93.9692 5
0 2 -1.8537 3
0 4 -6.9479 3
0 1 91.1674 3
4 2 97.2438 0
1 1 34.0438 2
4 0 83.689 5
0 4 27.0269 3
2 5 10.832 0
0 2 -3.625 2
0 0 80.8032 0
5 1 10.1258 0
4 4 15.1225 5
0 0 35.7208 4
5 1 50.7407 5
2 0 80.9683 3
5 1 49.3945 4
1 1 53.7945 2
2 3 20.5028 1
4 3 50.486 3
4 2 50.2475 2
0 1 77.6882 5
4 5 24.8451 2
0 3 1.63 3
4 5 62.4652 5
2 5 42.8335 2
4 3 42.4019 4
5 5 17.0481 2
2 5 61.2928 0
3 1 -9.9948 2
3 0 9.8701 5
1 0 72.9416 3
3 0 1.0891 4
3 0 -3.5397 1
0 1 50.1064 5
4 2 97.0916 5
5 3 28.0556 3
1 1 34.7025 1
0 2 74.4011 5
0 2 77.707 2
3 3 62.5457 4
5 3 55.8685 0
5 5 67.826 5
4 3 -3.1068 0
4 3 38.8571 4
5 2 -8.0058 2
5 5 70.8471 0
4 3 88.0752 4
4 4 73.2669 4
3 3 86.1152 1
0 1 28.6207 0
4 5 5.0888 5
3 0 -9.687 1
5 2 51.1756 4
4 5 3.9869 0
4 3 16.1564 5
4 0 67.8175 3
4 3 6.8493 2
4 3 76.8288 4
2 0 72.2812 5
3 4 37.8409 3
4 5 34.6395 2
4 1 3.5962 1
2 0 77.8588 1
1 2 37.0909 3
4 4 58.5919 3
0 1 17.1077 1
4 0 2.2575 5
5 4 34.3446 2
2 1 6.3785 5
3 5 91.0991 3
1 3 78.7272 3
3 3 97.8654 5
4 1 -0.265 4
5 2 18.3103 3
1 3 83.527 3
0 0 92.0649 1
3 2 52.774 5
4 2 95.8335 5
0 3 91.6048 1
5 1 99.967 3
1 2 42.4011 5
1 2 46.0041 4
2 4 -6.3073 3
1 4 82.5658 4
4 5 78.234 5
0 2 -7.6531 3
3 0 65.9183 4
5 3 60.202 4
5 0 -9.5038 0
1 3 45.5325 5
2 5 60.1529 4
0 0 95.379 2
5 3 69.985 0
4 2 60.2927 4
3 4 88.8103 0
5 5 44.6136 1
4 2 72.4667 1
5 4 94.843 2
2 5 32.1873 3
2 0 47.519 5
2 5 90.8507 0
2 2 57.9114 1
3 5 15.3385 5
3 0 75.3534 5
5 3 86.6027 0
5 1 40.4216 3
2 0 50.1731 4
0 5 17.7704 3
3 1 80.7423 0
5 3 35.1412 1
5 1 20.2067 5
3 4 97.9609 3
3 0 32.8986 5
0 3 35.8498 3
2 3 44.0442 5
2 2 97.94 1
5 3 31.7344 3
1 1 -5.4365 4
1 4 12.9087 0
4 3 30.6307 5
1 1 -6.0158 2
3 4 61.1128 0
2 2 -2.8017 5
2 1 -5.7337 1
1 0 42.4044 4
4 2 58.1752 2
4 0 82.8624 2
0 4 54.0455 0
4 0 71.2287 4
5 3 63.2252 3
4 2 30.1637 3
2 1 37.6993 4
4 2 13.8917 3
4 1 89.373 2
5 3 76.0452 0
1 1 -2.8032 3
0 3 87.5951 1
2 0 29.9622 3
3 3 -1.6872 5
5 3 36.9771 3
1 5 -9.8905 3
2 4 20.7082 2
4 5 2.0047 1
3 3 9.4157 5
2 2 25.5414 2
2 3 95.4599 2
3 1 39.0091 0
5 0 18.581 1
1 0 95.8371 3
0 1 78.524 3
1 4 5.0006 2
4 0 15.3934 5
3 1 49.0066 2
5 4 74.294 5
4 4 99.3684 3
4 5 31.6278 4
0 3 86.7403 0
3 5 -7.949 4
1 2 82.9448 5
3 5 31.3835 1
2 5 24.9072 2
1 5 27.2908 5
2 5 36.7664 1
0 2 88.0832 0
2 0 -3.4722 4
3 5 42.1868 4
3 5 31.3483 4
3 3 45.4854 5
4 2 57.1695 4
1 4 38.137 2
3 5 18.4649 5
0 2 28.3651 4
5 3 46.8114 4
2 3 24.3193 0
0 5 37.967 4
2 2 32.6348 0
1 3 99.9405 2
5 4 71.5104 1
1 1 67.5722 4
5 5 36.55 2
2 3 23.2837 2
5 1 67.3154 3
2 3 65.1035 5
4 1 43.1323 5
4 5 55.44 3
4 5 62.6311 2
1 0 21.8779 3
1 0 56.592 1
2 2 25.9384 0
1 0 48.8808 5
0 4 79.0977 5
0 1 65.7774 2
0 2 20.9419 1
4 5 64.1625 2
1 3 25.1325 3
