5 2 58.8016 4
2 3 22.3325 5
0 3 21.1206 4
1 2 59.9896 2
2 2 19.899 2
2 2 -6.5349 2
0 2 98.7812 0
2 2 69.0894 2
5 2 -1.5337 0
1 5 9.9595 5
3 4 2.9558 5
3 5 36.7022 2
1 0 16.3555 2
1 1 43.0784 4
1 2 20.8311 1
2 0 10.7095 5
1 3 97.7385 3
0 0 62.2821 2
4 1 -8.615 3
3 2 65.531 4
1 3 63.0458 5
2 1 74.1377 4
1 4 4.9455 3
1 1 50.5927 4
4 3 95.5728 4
2 3 -0.2255 3
0 2 59.1522 4
4 4 -0.6412 0
1 4 45.9894 2
2 3 27.0537 1
5 1 41.8179 1
2 5 49.0834 1
0 2 37.0844 5
3 2 -3.0564 1
2 5 51.4327 2
2 1 -0.4219 2
3 4 97.3972 3
2 2 24.9037 4
3 2 59.0747 2
1 1 91.8372 1
2 4 76.5979 1
0 1 48.6769 0
5 3 11.5202 2
2 1 39.4022 4
5 1 48.8379 1
1 5 11.0324 3
5 2 76.6235 3
5 1 37.8394 4
1 1 40.8192 4
2 0 60.7095 1
1 0 35.4983 5
4 1 68.6537 3
2 3 83.7055 2
3 3 94.3748 3
3 3 27.8351 4
0 4 23.2196 3
2 1 47.2984 0
5 2 62.1215 3
2 3 46.3934 1
3 2 85.873 0
4 5 1.9654 4
2 3 84.0905 3
3 2 57.5448 0
0 4 95.364 1
4 5 47.2762 1
2 2 -9.1425 1
5 2 30.3885 3
0 2 78.8341 5
4 4 36.7786 3
0 5 89.6376 5
4 1 39.3469 4
2 2 37.4981 4
2 2 74.7104 3
2 0 57.0698 2
2 1 5.4098 3
5 3 47.2935 0
0 1 28.8729 4
2 4 70.4692 1
1 2 19.0402 0
2 0 59.3244 2
4 0 39.9329 3
3 4 41.148 4
2 5 10.2657 1
0 1 44.1426 0
1 3 53.5613 5
0 2 55.3971 3
0 1 46.748 0
2 4 10.2669 3
1 2 -3.5065 3
1 3 53.9317 1
5 2 81.3775 0
5 3 52.4249 0
5 2 3.0293 5
0 1 91.3038 5
4 4 52.5948 1
4 3 93.0393 5
1 5 33.8424 0
1 0 47.7032 5
4 3 54.2341 1
3 5 79.4547 4
2 3 37.9206 0
1 2 64.5711 0
1 2 47.6234 0
1 0 92.0093 0
3 4 77.9102 1
1 5 38.0259 5
4 5 -6.2633 1
0 1 15.6509 4
3 0 19.5443 3
3 2 42.4882 4
5 4 53.2269 1
2 4 46.7564 2
0 1 32.9524 4
4 5 86.2457 2
3 5 60.9202 2
4 4 87.5315 1
1 0 73.1648 1
3 5 79.8273 4
5 3 -1.6474 3
5 1 22.3839 3
0 0 -2.0016 1
0 4 21.2621 2
2 1 72.9743 3
5 4 21.4697 4
4 4 33.7154 5
3 4 68.5919 4
2 2 29.1679 2
0 0 1.0723 5
2 5 -2.2606 1
2 4 19.896 0
3 3 92.5663 3
4 0 82.9231 2
5 2 64.1752 2
3 3 83.4067 4
3 1 54.8252 5
1 4 -1.0264 0
4 2 -4.601 4
2 2 49.7452 5
1 0 28.7265 3
2 4 47.3264 3
0 3 7.0279 4
5 2 60.357 2
5 5 -2.7467 3
3 0 87.4692 2
4 1 17.9971 3
5 1 23.9954 2
1 3 56.1231 3
2 5 -8.5843 0
5 2 73.755 1
5 3 7.4886 0
2 3 -2.3699 1
1 3 96.9059 5
5 1 99.5514 2
4 5 32.8464 1
2 4 18.6549 4
0 4 83.5542 5
3 5 79.9202 3
4 0 31.5215 5
0 1 47.5994 3
5 3 57.0617 4
2 5 -1.7643 4
1 1 24.3634 1
2 3 -5.017 2
2 1 52.7439 2
1 3 31.0148 0
5 3 14.9365 2
3 4 97.5511 4
4 1 17.7128 0
3 1 67.0534 5
1 2 33.964 3
1 3 -7.3019 5
0 2 37.3438 4
0 4 54.0058 4
1 2 23.5418 3
4 2 98.6772 3
3 4 63.2289 4
3 5 61.9129 1
2 4 -9.0629 0
4 0 -3.9893 5
4 4 6.8027 0
4 4 -9.3041 1
3 1 36.0454 1
4 2 71.9817 4
0 4 53.2192 2
0 0 31.6721 2
5 4 0.2744 2
0 1 66.6838 5
5 3 38.859 0
2 1 50.2984 4
2 1 62.5166 2
0 4 16.8261 3
4 1 99.4438 4
1 0 64.9689 0
2 1 43.2666 5
5 4 13.4346 0
4 4 78.8962 1
5 2 37.8289 5
5 3 87.1851 1
2 4 73.6391 4
5 4 4.5624 1
1 3 33.9038 4
2 4 71.6583 3
3 1 -5.2121 1
1 2 -5.0132 4
0 1 1.1687 0
4 1 56.0575 1
4 1 68.4503 1
0 3 79.9688 3
0 1 27.7623 2
1 3 -0.3845 0
0 2 -1.3708 4
4 2 15.4616 0
5 2 16.9554 3
4 4 65.536 4
0 1 37.8635 4
5 5 13.0066 0
1 1 19.4097 2
5 4 98.3742 3
5 0 12.7998 1
3 5 55.713 5
3 4 75.8333 2
1 5 81.1895 1
5 1 7.4298 1
2 3 53.1961 1
3 1 12.8968 0
1 4 74.0055 1
3 1 75.4653 3
2 0 50.4356 3
0 1 92.4913 1
3 0 61.3102 4
0 1 82.3673 0
5 4 24.1048 5
4 4 17.0764 5
0 1 0.1428 2
2 3 9.0635 4
4 2 77.5052 1
0 1 57.3586 5
5 4 23.462 0
5 2 91.2286 1
5 0 1.3721 4
4 2 52.8145 5
1 5 16.2748 1
5 2 8.4195 2
0 1 44.4631 1
2 5 47.3259 1
0 5 81.7076 1
1 4 13.7106 0
0 2 28.8946 0
1 2 18.5921 2
3 3 85.7398 3
3 2 47.058 3
0 1 36.9301 3
1 5 95.5884 5
5 3 -7.2515 5
4 1 68.9743 5
4 3 4.9296 5
4 5 23.7863 4
1 3 96.3716 0
2 4 63.8344 0
4 3 3.6264 1
0 5 38.6137 2
0 4 52.9073 4
0 5 74.6232 3
3 3 60.7369 0
1 0 76.3116 4
4 0 -4.641 3
1 3 90.9184 1
0 5 10.4061 4
2 5 86.9122 5
2 3 97.9789 2
2 4 33.5282 5
3 1 14.4066 2
3 1 52.2083 0
4 3 77.6868 1
4 5 95.7194 4
5 1 30.8825 4
5 5 36.104 3
0 4 69.0234 1
0 3 70.9389 1
0 0 27.6008 1
4 2 85.6898 1
0 2 42.5504 0
5 3 69.4003 1
2 0 84.1646 3
1 5 56.5626 4
3 3 33.8441 0
0 2 66.1186 2
5 0 98.6828 5
3 3 72.8274 5
4 3 22.0122 2
5 5 93.4153 4
2 5 -6.1112 3
4 4 2.1521 2
5 1 47.4978 2
3 3 67.6169 3
2 5 45.9259 5
5 2 19.8881 5
1 4 51.7893 2
4 4 39.7766 2
1 5 0.7617 3
5 2 79.3121 4
2 5 13.2137 3
0 5 71.4858 1
3 5 27.2681 2
2 4 68.3609 2
4 2 45.1263 0
3 4 5.43 1
2 0 87.2755 1
4 3 62.1514 2
2 0 -0.6539 0
0 0 94.4447 0
5 0 83.8677 4
1 4 96.3328 4
1 0 7.1019 4
3 0 23.5876 5
0 5 20.2155 5
0 2 6.1072 1
2 4 18.8344 5
0 0 57.9222 4
0 1 10.2195 5
4 5 20.859 5
2 1 40.1333 2
2 1 96.6447 1
0 2 35.4018 4
3 3 57.8295 3
1 4 3.2295 1
4 5 33.638 4
5 4 31.9259 3
0 2 16.288 2
0 3 60.6963 5
2 1 76.8464 2
3 5 54.7594 5
1 0 10.7175 1
3 1 67.445 3
3 4 -2.2769 0
4 4 -6.5676 4
3 2 95.0178 5
2 3 92.9958 0
5 4 49.8777 0
0 1 86.2186 4
1 5 65.7511 5
2 4 3.0923 1
5 5 52.1995 1
3 1 85.2813 3
5 5 18.6292 5
5 5 93.3062 3
1 2 23.1802 1
3 4 44.2504 5
3 0 34.9183 3
1 1 41.741 2
1 1 36.4778 0
1 5 45.4759 4
4 4 95.2717 0
5 3 -5.5751 0
2 5 43.0348 5
5 1 22.2241 5
3 2 45.7225 0
5 2 25.2345 4
3 0 3.7358 3
2 4 93.8867 0
2 0 12.3063 5
3 2 63.1777 3
0 4 58.4581 1
5 3 -1.7843 3
1 5 54.4982 1
0 1 36.783 3
4 5 22.636 2
1 3 61.9182 3
2 4 51.925 1
0 2 93.566 0
0 5 79.2653 1
0 0 -3.7976 0
0 0 26.2222 0
2 0 94.5471 0
4 0 50.7392 1
4 2 57.1185 4
5 4 83.6207 0
5 4 73.2843 3
0 3 53.1566 0
4 2 77.0077 1
1 3 47.0861 2
5 2 59.2519 0
3 3 36.1653 5
3 0 25.2391 5
2 0 11.0944 5
4 5 45.7037 0
1 3 89.5263 1
3 5 90.3989 3
2 0 78.0501 1
5 1 -5.1935 4
2 4 73.4054 4
5 1 63.4233 4
2 2 41.3526 3
3 2 36.0629 2
5 3 48.8376 0
4 2 74.6134 3
5 3 -4.4231 2
4 1 39.5428 4
4 0 11.6633 0
3 0 17.0544 1
5 4 11.8658 2
3 5 56.9982 0
2 1 99.8809 1
2 2 97.557 2
2 4 52.3206 0
1 0 87.9283 5
2 0 97.2714 4
4 5 44.9852 2
1 0 -0.8502 4
2 4 -3.556 3
2 5 20.7749 4
5 1 1.4958 2
5 4 30.8086 3
1 0 14.4541 0
0 5 54.986 1
2 3 50.0857 4
4 4 55.7524 4
4 0 49.88 1
3 4 35.6735 2
3 4 49.845 4
5 0 79.6424 2
0 4 -6.7551 5
4 5 -7.3225 1
5 1 18.7188 5
0 1 29.7235 5
3 5 27.2587 0
2 5 38.117 4
2 1 44.8638 0
0 2 74.309 2
1 5 72.3431 3
0 5 73.78 0
0 1 58.3448 5
4 2 12.4467 1
0 4 76.1866 4
4 1 93.9798 5
1 4 37.5287 3
4 2 66.3603 1
1 0 69.1893 4
4 2 39.1113 2
4 3 97.2146 3
0 5 0.3435 0
4 2 49.0588 0
5 5 86.9786 5
4 1 34.7968 5
5 4 16.0304 3
1 3 47.1916 0
2 3 43.5086 1
4 0 70.3345 5
3 2 96.6552 4
5 0 41.1071 5
0 0 -9.7859 5
2 4 17.1297 1
4 2 83.1985 2
1 3 82.6375 1
5 0 20.0333 4
1 1 69.197 1
2 0 57.7035 2
3 5 12.562 0
0 2 92.6742 3
2 5 2.4008 4
5 2 98.2414 3
3 2 48.3667 0
5 5 26.1569 2
3 4 77.4119 3
3 1 11.9136 1
3 2 95.66 3
5 3 34.4298 1
4 2 39.5078 0
5 5 83.1891 2
4 4 14.3155 1
3 3 -0.5426 4
4 2 18.402 0
0 5 3.6561 1
2 4 56.2098 4
5 1 90.9631 1
2 5 11.4872 3
4 4 42.4697 1
1 4 34.1881 4
1 2 -6.6643 4
3 1 27.6501 1
5 0 31.6682 3
5 3 21.5624 1
4 1 -0.1742 2
5 0 64.9975 4
2 5 2.4104 4
4 0 51.5984 0
2 4 -5.4469 4
2 1 21.0741 1
2 0 67.3146 0
2 2 81.9776 1
3 1 88.2511 4
0 1 3.558 4
4 2 44.6201 5
2 4 83.5685 4
5 2 31.1713 4
0 5 91.5288 0
2 0 -1.4274 2
4 4 77.0603 5
1 2 -0.6105 1
0 1 28.1937 1
4 0 12.2772 5
1 0 -6.769 3
5 5 58.4191 4
2 0 71.4834 4
2 0 56.0363 5
2 3 34.969 3
3 4 29.1602 0
4 5 63.9565 0
2 3 61.628 3
5 5 22.9929 1
1 1 33.7 0
2 4 20.7944 4
0 3 72.5823 3
5 0 51.2977 5
0 1 11.2546 4
4 1 95.1172 2
3 4 69.0616 3
0 0 33.1949 5
3 5 88.2132 2
3 0 39.0528 1
3 5 -7.5957 4
3 1 44.3991 2
0 4 62.2833 1
2 5 80.8215 1
4 2 22.8691 4
2 1 13.7196 5
0 4 60.2579 3
2 4 -9.5822 1
5 2 63.8476 5
3 3 69.9916 1
1 5 12.8985 3
5 5 4.8564 1
4 4 -9.6006 2
1 3 0.6958 1
5 2 68.9329 1
4 1 24.601 3
4 2 76.5454 5
0 5 71.6092 4
2 4 91.3082 5
4 1 15.1966 3
3 0 36.4779 5
5 1 67.7719 0
3 3 60.4767 4
0 2 84.593 0
3 0 30.4145 4
2 2 97.6172 2
2 3 26.3758 2
1 5 25.6852 2
0 1 20.6932 5
0 0 39.2604 0
5 3 83.6484 2
2 3 78.6945 0
5 5 41.1084 5
4 5 96.0131 4
3 3 96.4498 5
0 4 17.935 4
2 4 88.639 0
0 0 63.3377 4
1 3 73.6903 0
3 4 26.8418 1
3 0 -0.8978 0
5 0 94.0449 5
4 0 22.5766 4
0 5 64.3987 4
2 3 39.716 3
0 4 96.478 0
2 2 66.414 4
4 2 24.4026 1
2 4 43.9565 0
4 0 35.2819 3
3 5 99.1693 3
0 3 15.9659 2
4 5 -0.676 5
1 1 52.431 4
4 5 91.6796 1
0 2 23.9156 0
4 3 34.7274 1
5 4 64.1186 2
4 5 57.4893 5
2 0 -6.7896 1
5 3 2.2375 5
4 0 79.3126 0
0 2 16.1442 1
3 5 69.5038 1
1 1 11.3955 1
0 3 34.538 0
4 5 47.7418 3
1 4 96.3085 5
3 0 86.7085 4
2 0 61.79 5
1 3 30.6385 3
5 5 28.7053 3
0 3 25.3977 4
2 4 14.5605 2
1 4 71.0726 4
1 0 -2.7528 3
3 0 -5.6456 1
5 5 60.0465 5
1 3 61.8825 4
3 3 69.2129 4
1 4 61.5446 4
5 2 42.0111 1
4 3 62.2634 4
5 2 -5.4869 2
5 2 37.6158 0
5 1 60.9809 4
1 5 -6.3084 4
2 4 -3.9666 5
4 5 -4.3607 1
3 3 93.6716 3
0 4 51.9707 5
3 0 74.4997 1
3 3 29.37 2
2 0 64.5851 4
1 5 88.8039 3
4 5 2.484 1
3 3 59.1145 3
0 4 57.6048 2
4 4 16.8316 0
4 3 16.843 3
1 2 21.5887 4
3 4 61.4154 2
5 1 42.7436 2
0 5 19.4063 3
2 1 -9.984 1
0 2 24.7416 4
3 3 73.3909 2
0 0 90.0379 1
1 1 -3.2641 1
0 5 99.3831 1
2 1 54.553 5
1 3 91.5741 3
0 4 0.1946 0
5 5 54.013 4
5 0 28.3274 1
2 5 44.3771 2
2 1 39.505 0
0 5 73.9668 2
0 3 91.8407 0
5 4 23.4545 1
5 4 -0.0703 1
2 1 5.1026 4
4 5 67.168 1
2 4 82.8012 1
5 5 54.9183 4
4 1 51.8955 3
1 3 28.5106 4
1 1 90.2622 5
4 3 -0.449 0
1 3 46.7152 4
4 5 39.2914 1
4 3 -3.6622 2
2 1 52.6358 3
5 2 54.28 0
4 3 95.3393 0
1 5 62.1948 2
1 4 87.1257 0
2 3 1.6703 1
5 3 44.0656 2
4 2 94.5838 2
2 0 80.8217 0
2 5 74.8425 0
5 0 71.8119 5
1 1 82.322 3
0 3 84.5019 5
4 3 28.3833 4
5 2 6.7679 2
5 1 40.5627 0
0 1 37.4262 5
3 3 23.1441 1
5 4 5.1682 4
3 1 1.2926 5
2 2 97.9872 1
5 3 46.5524 1
1 0 18.9917 3
3 5 35.7937 3
3 2 12.0652 0
4 5 4.3034 4
0 3 50.4136 1
4 2 14.7256 1
5 0 66.4177 2
1 5 3.3408 4
1 0 5.7106 2
2 2 8.6141 2
5 3 65.1473 3
5 1 67.9833 0
5 1 -7.2201 1
0 1 38.3254 1
3 4 84.6553 1
4 3 57.0088 0
0 1 91.1187 5
1 3 22.7244 3
4 1 89.4126 5
1 1 58.5384 0
4 4 59.7979 0
2 5 22.7813 1
2 3 81.1394 5
5 5 66.5097 0
3 2 23.8679 2
3 3 87.9721 1
0 5 55.3625 0
3 3 10.9119 5
4 4 64.6856 4
2 4 16.9382 5
4 1 60.2176 4
3 1 70.6976 4
0 2 73.1137 3
0 0 15.8724 1
3 0 7.1565 5
0 1 47.9903 3
5 1 46.6316 3
5 4 55.017 4
1 0 51.357 4
5 0 58.3639 5
2 1 74.6338 4
3 5 -8.396 5
4 5 87.8546 5
3 3 42.9178 1
4 3 88.1847 1
5 5 19.8955 5
1 5 -8.0436 4
1 5 70.9325 5
5 5 73.6521 1
1 1 98.9298 0
4 3 -8.4743 0
0 4 45.1798 1
4 1 88.7785 5
5 1 47.8184 4
4 1 18.8559 1
5 5 74.6303 0
1 3 28.2406 2
5 4 56.2414 1
1 0 66.7465 3
2 0 19.8604 5
5 5 36.5099 0
4 2 79.2144 3
2 5 80.7345 1
2 1 -1.8416 5
4 1 -2.9343 4
3 0 29.5844 4
2 5 13.3601 3
4 5 9.6454 4
0 1 -6.1611 4
2 5 73.7757 4
4 1 94.0847 1
3 2 34.3306 4
3 3 45.8972 3
1 4 95.4764 1
0 0 32.5943 4
5 4 88.5668 5
1 3 33.8388 1
2 3 23.9906 1
1 4 40.0574 4
3 4 99.8928 5
1 4 16.4996 2
5 3 26.3036 3
4 1 48.4207 3
4 0 78.6449 5
0 4 40.385 1
0 5 28.2789 1
1 1 94.8419 3
5 5 -7.5079 1
0 4 70.1913 0
1 4 90.2986 5
3 5 68.1001 4
4 5 17.3822 2
3 0 71.4726 3
1 0 -9.9002 1
0 4 28.9156 4
0 3 53.1 1
2 4 70.9524 1
1 5 2.6759 2
3 3 64.1329 2
0 3 -4.5913 4
2 5 52.1252 3
5 2 32.9628 4
3 4 26.7163 4
0 0 94.4807 0
3 5 37.2757 5
1 2 -3.4974 1
3 1 -7.6498 5
5 0 7.8107 3
3 1 56.9096 4
0 3 98.9108 3
0 0 79.0115 5
4 0 84.8617 1
5 0 31.0496 2
3 3 35.7684 5
2 0 86.961 4
3 1 66.4117 4
1 1 41.9957 5
2 3 12.7464 5
0 4 53.1744 2
5 1 66.631 0
4 0 38.8927 2
1 2 82.921 3
4 3 33.8395 1
0 1 76.1344 2
3 2 11.0822 4
4 4 5.1912 0
1 3 93.5685 5
3 5 83.4286 5
2 1 20.2019 0
1 0 42.8979 5
5 5 92.488 3
2 4 62.5762 3
0 5 55.3665 5
1 3 33.7452 5
2 4 93.8931 4
3 1 -9.2869 2
0 4 22.2946 0
5 3 34.8583 0
5 2 -3.1215 3
0 1 5.5662 3
2 3 93.7812 3
5 2 11.3323 1
0 0 46.3987 0
1 4 62.6247 0
1 2 74.6329 3
0 5 72.8121 1
0 2 99.7708 0
1 4 69.0244 4
1 4 44.2879 3
2 2 61.3956 4
3 1 89.5529 4
4 0 -5.3315 4
5 4 -5.9152 2
0 2 0.0563 5
0 4 27.7954 3
3 5 94.8275 5
2 5 -7.3198 4
4 3 90.5288 1
0 4 -0.2748 5
2 2 25.2054 5
0 5 54.8704 2
0 2 81.6399 4
4 5 2.9813 4
2 1 -6.3174 4
4 1 82.4126 0
3 2 48.2861 4
5 3 96.5358 4
4 1 34.1868 1
3 1 -9.8803 3
3 1 33.7074 1
3 0 -6.5049 0
1 3 98.4837 5
3 1 4.0124 0
2 4 53.8205 5
3 2 53.2186 4
1 5 12.0075 4
2 2 21.3855 1
0 0 98.0374 1
2 2 46.673 0
0 5 97.426 0
5 2 97.3938 2
0 1 2.8132 3
4 4 74.3047 2
0 1 -9.4443 1
1 1 17.8941 4
5 5 44.4277 0
2 4 -6.0505 3
3 5 61.4533 0
0 3 57.1236 4
2 2 51.176 0
4 2 96.7617 3
4 1 46.6793 2
4 2 26.6408 5
2 3 51.6227 1
4 4 63.3615 5
4 1 -8.1053 0
5 5 75.2412 2
4 2 40.2559 1
0 3 51.9623 2
3 2 -0.3775 4
0 0 -7.6081 2
5 1 29.5921 3
2 1 75.3044 0
3 4 74.6143 0
3 4 12.8669 4
2 0 48.8267 3
1 2 4.5449 1
3 0 0.5525 1
1 2 27.9577 1
1 1 -7.7449 4
0 5 8.2848 5
1 3 31.2351 5
5 1 29.3024 2
2 3 28.1249 5
4 0 45.7281 1
4 1 97.292 4
2 5 12.6831 0
4 5 -7.9732 1
4 3 44.7432 3
0 3 1.5145 1
1 5 62.1057 5
0 2 92.8169 3
4 4 6.7264 3
0 0 -6.2721 5
4 4 9.7525 4
3 1 93.423 2
2 5 17.506 3
4 3 76.5592 3
5 5 58.8804 5
3 0 43.371 2
1 4 38.6702 3
4 2 22.9306 1
3 4 43.4731 1
0 0 79.5325 0
0 2 3.726 4
1 2 84.9315 2
1 4 68.1412 5
4 5 17.9151 2
4 0 50.2197 3
2 2 2.9062 3
5 3 47.2115 4
2 1 67.2443 3
3 1 15.905 3
1 1 54.8002 0
5 3 2.5858 2
5 0 46.0996 2
2 5 85.8683 0
5 0 31.0063 3
5 2 72.7439 1
0 1 27.7712 2
5 4 30.7078 0
5 1 -2.021 4
3 2 91.7974 2
1 3 94.4628 1
2 1 23.2457 2
0 3 89.5457 5
1 5 40.6715 0
0 1 83.5533 4
0 3 80.4913 5
1 1 85.5292 4
4 2 64.5879 1
3 1 42.2852 5
4 0 62.0463 5
1 3 52.6478 2
0 2 74.5586 2
4 1 56.9789 2
2 5 36.6133 4
0 3 13.6235 0
3 4 -0.047 4
2 2 26.7976 4
5 3 32.6686 1
0 1 90.9947 3
4 3 -6.1224 0
4 5 55.3449 2
0 2 18.7411 2
5 3 96.5225 4
5 1 60.3558 5
5 3 60.827 2
3 1 64.7699 0
1 3 19.2859 0
0 3 35.0816 2
5 0 93.4178 2
2 3 0.6588 2
0 2 1.8802 0
3 3 55.3815 5
3 4 41.7308 2
0 1 -3.0937 2
1 5 -3.0637 1
5 1 10.7656 5
2 4 29.0007 5
5 3 24.0558 3
1 5 30.7781 1
2 4 25.2205 1
0 2 51.8448 0
3 5 61.2183 0
2 3 23.9768 2
0 4 -8.9601 0
2 2 87.4638 4
3 2 36.7694 0
4 5 64.2751 2
1 3 37.5251 4
3 0 72.4396 0
0 1 30.5413 1
5 3 73.8018 3
5 0 41.5987 1
0 5 34.8689 4
3 1 59.5868 4
0 3 -4.9889 4
5 4 77.9581 2
3 1 86.1394 1
2 4 -6.6484 3
5 5 87.8087 0
4 1 -8.4083 2
4 5 87.3199 5
1 5 -4.9498 5
5 5 63.7852 0
3 4 6.8709 0
5 3 -1.226 3
0 2 4.1608 5
4 4 48.2718 4
0 4 69.0625 0
0 3 70.5576 5
2 1 34.5162 3
3 2 79.9481 2
1 5 10.7227 4
4 2 65.1662 1
