0 2 67.3354 3
1 2 99.4567 1
5 5 55.7828 5
5 3 78.651 1
3 5 -2.0193 2
2 3 75.8905 3
0 0 -6.5132 2
2 1 -7.2029 3
0 3 78.3778 5
0 1 29.4881 4
1 4 77.9705 0
4 3 72.7148 5
5 2 6.2306 4
2 0 11.6318 1
4 4 62.4783 5
2 3 1.6917 3
3 2 50.0769 4
1 5 1.0833 2
5 2 81.2366 5
1 4 2.8308 3
0 0 63.3815 1
2 0 18.5192 5
5 0 92.9071 3
5 1 -2.9165 3
2 5 -1.9841 3
2 4 86.8435 4
5 2 65.1773 2
0 4 30.999 4
0 0 49.5214 0
3 1 25.4388 1
3 0 80.3331 5
4 5 56.2747 2
2 5 52.7049 4
4 1 55.4719 1
0 3 86.2275 5
3 0 46.6504 3
3 4 34.8286 1
2 2 5.5789 4
4 4 75.1021 3
5 5 7.5915 2
5 1 21.954 4
4 4 49.6425 0
2 1 38.5801 5
5 1 95.019 2
1 5 63.0941 3
0 0 84.157 2
4 1 85.695 3
5 0 59.0391 1
0 4 -8.6108 1
0 0 62.1194 4
3 4 98.0229 3
3 2 22.4354 5
3 3 29.2965 0
2 0 68.0636 0
3 4 47.3984 1
1 1 83.1721 0
1 2 36.3326 1
4 1 45.1673 1
4 2 12.223 5
5 5 53.3785 3
3 3 25.1143 5
1 1 25.6776 0
4 4 48.2607 3
0 2 68.1449 2
2 3 15.5512 1
3 0 83.7238 4
3 2 96.775 5
5 3 52.0525 0
1 2 28.2044 3
1 4 20.3737 0
2 1 68.8991 2
5 2 53.4442 4
3 3 22.7347 1
3 3 65.3207 3
0 1 61.0083 1
1 1 -8.2908 1
5 0 67.2941 4
0 0 43.3281 1
5 0 41.9174 5
1 0 86.7531 1
1 1 96.9212 1
0 2 17.1151 0
5 5 -2.7292 1
3 4 64.8259 1
1 4 71.1824 2
5 5 29.4832 1
5 4 41.2685 5
0 0 -4.8365 4
1 4 91.0192 3
5 5 98.6497 0
3 4 8.0381 0
1 2 92.561 1
1 2 92.3446 3
4 0 78.5136 1
4 1 77.6295 3
5 4 27.0839 5
5 3 72.4632 5
2 4 25.8874 1
1 5 18.5384 2
5 0 33.4773 3
0 2 23.2704 2
0 2 41.4663 1
4 2 82.6453 3
4 1 91.9036 0
4 2 82.032 5
3 3 22.5754 2
3 3 79.4898 2
0 0 77.2837 4
5 4 47.8975 1
5 5 64.2919 1
3 0 77.8613 5
1 3 23.5075 1
3 0 55.6601 2
3 1 56.8393 2
3 1 42.7391 5
4 1 57.4083 0
2 5 10.6432 3
1 1 55.2633 4
3 0 31.5498 0
5 1 31.803 5
1 0 96.9209 1
2 4 -5.3329 3
4 3 26.873 2
4 5 -2.6572 2
5 0 27.6292 4
3 1 12.5679 4
2 5 44.9413 1
1 1 19.5795 4
2 2 19.7171 1
3 4 78.0183 3
0 1 30.1937 3
2 4 46.1953 0
0 2 93.6429 0
5 0 89.3316 1
4 0 16.3506 0
3 4 -0.6775 3
3 4 49.1274 1
5 2 25.2324 2
1 3 1.6517 1
5 4 43.3417 4
5 4 2.2752 2
2 0 -9.5533 3
5 5 6.7363 3
4 0 62.5086 2
4 4 -5.5385 2
1 5 27.858 2
2 5 8.7407 3
1 5 0.5346 5
4 3 83.2829 0
2 0 52.2061 2
1 0 23.0699 5
1 4 -3.6274 4
3 3 28.5844 1
4 2 81.9926 4
1 0 56.1222 1
1 1 77.027 5
0 1 31.7959 5
1 4 96.4426 2
3 5 63.3963 1
3 1 83.7694 4
3 5 42.9662 3
3 0 68.7376 5
5 0 9.9107 3
1 3 73.0348 2
3 2 10.4894 5
3 3 8.0659 4
3 1 40.8819 1
4 2 71.5005 3
2 3 6.6442 0
0 0 63.7634 2
0 5 18.3945 0
5 4 57.5803 5
0 5 94.984 4
1 1 8.6959 4
5 4 32.2211 2
4 2 67.1719 5
1 0 17.7624 2
4 1 38.234 4
3 4 24.4109 1
4 3 95.7276 4
0 3 4.5063 4
1 4 93.3335 2
2 4 94.2062 4
5 5 9.156 5
5 0 19.5224 0
1 5 59.6015 2
4 5 -9.0769 1
5 5 99.144 0
4 2 67.4099 2
3 4 11.3546 5
4 0 84.349 0
5 5 67.8911 0
2 1 70.5879 4
0 4 16.4455 5
4 0 15.3781 0
2 2 30.9779 3
2 4 23.9153 2
1 1 9.6653 1
2 4 80.7893 0
2 2 39.6182 3
4 5 35.7011 3
1 4 95.7903 4
0 0 50.1048 3
2 2 99.8111 2
0 0 25.7326 0
1 3 51.5074 4
1 4 79.5567 5
4 0 28.3251 1
3 1 -9.6105 0
4 0 74.1641 0
4 1 77.3133 2
3 2 60.6438 2
0 0 48.9956 2
2 0 33.0544 0
5 0 8.2817 2
5 3 57.8287 0
1 2 95.5733 2
2 2 96.9872 3
0 4 60.0827 5
2 5 55.657 5
3 2 60.842 2
3 2 56.6209 3
1 5 -2.1871 2
1 2 48.1356 1
3 4 66.694 0
1 3 -4.1545 1
5 4 -9.6421 0
3 0 35.902 4
3 1 2.5029 2
4 4 1.9735 2
0 3 -1.2896 1
2 3 35.5471 0
4 5 35.8787 5
2 2 -7.7689 5
1 3 41.5952 3
3 5 61.9653 2
0 5 53.3932 1
3 4 67.9317 1
3 3 78.3591 1
4 4 40.2919 0
2 4 34.9092 2
4 1 29.3014 3
2 0 91.6569 4
1 2 54.0242 5
2 2 96.9169 5
0 3 -0.3809 3
5 2 2.7139 2
4 2 56.9599 4
0 2 64.4882 5
0 2 34.7458 5
1 5 95.0741 4
0 1 69.8705 5
2 0 56.7054 0
0 2 45.3471 0
0 1 42.5216 5
0 0 40.673 0
0 1 41.783 0
3 4 57.6855 0
0 3 23.3421 4
0 1 77.7147 2
1 4 70.9307 4
3 0 8.4174 4
3 4 36.7272 0
3 3 24.2882 0
2 0 82.9663 5
1 1 79.2359 5
5 1 69.9513 2
2 1 51.437 1
2 2 11.1941 2
3 2 41.7343 1
3 5 52.514 2
2 5 27.8047 4
2 1 6.2247 5
2 3 86.1762 2
2 5 78.0373 1
0 0 8.7194 4
2 1 91.0652 3
2 5 9.8731 3
2 5 50.6616 0
2 3 80.3969 0
2 3 16.4955 4
3 4 36.8133 2
5 5 61.7282 3
0 3 85.4811 1
4 4 73.9357 5
3 1 73.2595 3
1 1 2.5624 5
0 1 -6.5508 1
4 4 13.2953 5
5 2 87.667 4
0 1 51.3823 5
0 0 77.4658 2
4 0 95.0909 5
0 1 21.7928 3
2 2 70.4183 4
3 3 39.0439 2
4 5 63.4417 0
3 0 30.944 3
5 4 60.8101 4
3 3 1.6771 0
3 4 42.4511 2
4 4 52.1687 0
0 3 50.3857 0
3 1 81.209 2
3 1 47.9367 1
3 3 79.169 0
2 5 31.2576 5
5 3 66.8695 2
0 4 24.7275 5
2 3 61.0166 1
4 1 62.0061 3
1 1 73.6619 2
0 5 31.6028 4
3 3 -1.4636 5
5 1 7.6721 2
1 5 42.1096 3
4 4 49.1932 3
5 2 50.6629 4
5 1 65.211 5
3 2 57.9161 4
0 5 90.7241 5
2 1 48.6295 1
0 2 2.1333 5
4 0 72.6469 3
5 5 11.7051 0
5 4 1.3422 5
0 5 85.9949 5
5 5 29.3488 1
4 4 72.794 1
1 0 60.9188 3
1 4 -4.006 4
3 2 6.6526 0
5 0 79.7356 0
4 0 57.5372 3
2 5 75.237 4
5 4 10.042 0
4 0 78.0224 3
5 2 90.3153 2
4 0 84.8956 2
5 5 75.8157 3
5 4 98.998 1
1 5 -7.1382 4
0 1 -0.2679 1
5 3 70.1666 5
3 3 36.6665 3
5 5 44.1886 5
3 5 66.1278 0
2 1 47.8196 5
1 5 13.5822 5
1 0 1.2261 2
5 1 8.6615 4
5 4 -2.4332 4
3 4 -3.1807 2
2 2 94.0756 1
2 4 84.1132 1
2 5 56.6953 3
5 2 66.1152 4
1 1 79.1894 0
2 5 24.2875 2
0 4 17.0534 3
3 1 63.9856 5
0 1 78.4108 2
3 0 56.9961 2
4 3 56.4902 0
3 4 93.1498 4
3 2 83.5293 4
4 1 1.0472 2
4 0 40.2984 5
1 2 7.089 5
4 1 27.2831 4
3 1 42.5723 4
4 0 25.8611 3
2 3 78.7883 5
5 3 85.1799 5
3 1 77.9778 4
1 4 2.534 1
4 2 51.0349 5
3 5 28.7228 3
3 1 16.0778 2
5 5 5.4084 1
2 2 90.2953 1
0 5 73.3822 2
2 3 92.7205 4
3 2 41.0785 5
1 3 25.9099 5
0 3 68.6027 4
4 4 -2.2179 0
5 0 -9.5923 1
5 4 21.5172 4
2 5 11.5343 1
3 2 93.1025 5
1 1 70.239 0
2 3 31.4524 0
5 3 29.8926 4
3 5 78.137 1
3 4 24.0427 2
1 5 11.1684 4
2 5 -6.9309 4
0 2 40.4221 0
5 4 1.1557 5
2 4 68.9642 3
3 4 52.496 0
1 1 39.0445 4
4 5 -7.9139 0
3 3 9.1755 1
4 1 16.2316 4
0 1 26.6121 0
3 3 97.7997 4
2 1 73.4563 0
4 3 38.6409 4
5 4 4.5123 2
2 1 69.8806 1
1 5 -8.9445 4
5 0 97.8801 0
5 5 -6.4327 1
3 3 0.4564 1
1 0 78.5728 3
2 1 59.8287 1
3 3 87.4729 3
0 5 -0.4571 4
3 0 -1.5106 0
5 4 40.96 1
4 2 74.9846 2
3 1 62.5443 5
2 5 -2.9491 3
2 1 1.021 2
4 3 32.0031 1
1 0 37.425 3
0 0 -3.4739 2
5 5 66.005 1
0 4 14.5914 4
0 5 91.9939 5
0 0 42.504 3
3 4 77.379 3
2 4 62.1894 1
4 3 95.409 4
2 0 -8.9879 3
2 5 11.487 0
5 5 -9.9695 2
3 0 14.9248 3
4 3 55.148 5
2 3 96.1627 5
4 0 14.4879 1
3 3 64.7507 5
4 3 69.9203 3
0 5 28.9469 2
0 1 86.9441 0
1 1 72.1684 0
3 0 32.0476 4
2 4 91.0349 1
1 4 74.4623 3
3 4 60.7702 0
2 1 44.9026 1
1 1 59.2215 4
0 2 -8.6186 5
3 3 93.3568 4
2 2 72.5655 0
1 4 28.7528 2
1 3 66.1781 5
1 5 -5.7916 5
4 5 68.1389 0
5 0 96.5277 5
2 4 80.1044 4
5 5 49.9915 1
1 1 5.4163 5
4 3 85.2135 3
1 5 79.6198 0
3 0 61.8014 5
5 2 19.3984 2
1 4 3.1044 5
5 4 61.458 1
2 5 46.7733 0
0 5 83.9719 2
4 0 47.4316 4
1 3 97.7998 4
2 2 28.5773 3
2 1 -1.6345 2
2 0 92.9229 0
0 5 10.2231 4
1 0 88.308 0
5 0 13.852 0
4 2 45.8388 3
3 0 55.2763 1
0 0 88.0327 1
2 4 33.3792 1
3 2 43.5813 3
2 5 48.0108 5
4 1 -5.3762 5
0 4 6.9762 3
3 0 57.5668 2
0 2 96.0246 0
5 4 90.9822 5
2 3 17.6791 4
1 5 8.7955 1
1 0 50.601 1
4 3 39.5909 5
1 3 12.2376 5
4 4 58.5973 4
1 0 19.9142 3
2 1 71.4814 0
5 0 72.1657 0
1 0 67.1333 0
1 5 45.3128 3
2 5 96.9374 5
4 4 49.1136 2
4 4 89.9766 2
1 4 59.3358 5
0 4 68.5608 5
1 5 23.6474 1
4 5 55.2542 2
1 1 15.3606 0
1 1 77.4774 4
3 5 41.4464 5
3 2 88.9 1
4 2 93.5509 5
5 3 26.3592 2
1 3 35.2636 0
2 1 -6.569 0
5 2 75.2074 3
4 4 57.8181 3
0 0 31.5856 2
0 1 24.1858 5
0 3 18.358 4
2 2 61.4246 5
4 4 47.039 3
0 4 48.9841 5
4 2 46.1158 0
5 4 21.2641 2
4 1 91.6784 0
4 5 90.3371 3
0 4 61.1461 0
5 5 -7.2983 2
0 2 74.1268 2
5 4 74.3177 2
4 1 97.8579 4
5 1 13.1374 1
1 0 93.6973 3
5 4 72.3876 3
5 2 2.6428 4
5 4 47.2983 3
5 3 66.8468 3
3 3 55.1288 4
5 0 59.9372 5
4 2 62.9696 1
5 0 -0.2515 4
1 2 -0.3311 1
4 5 66.7254 5
3 4 58.8755 0
1 1 18.6174 5
1 1 99.2458 3
3 0 13.6868 2
1 4 86.0114 0
4 5 22.8856 1
3 3 91.3229 3
0 0 81.5086 3
0 4 42.2514 4
3 2 11.5194 3
5 0 49.0218 3
2 4 10.2656 4
0 0 57.5751 5
4 5 74.9837 1
3 4 86.0352 5
0 3 69.8872 3
0 5 65.847 5
4 3 20.4264 5
1 4 72.5941 2
5 0 81.5458 1
1 1 18.1628 4
4 1 87.6821 5
0 0 43.6649 2
0 1 93.9538 5
0 2 94.0484 1
1 1 82.8508 2
2 0 34.8424 5
0 2 74.3472 0
3 4 12.3238 3
0 1 22.004 4
5 1 92.9909 1
5 3 45.3065 0
3 0 -2.8644 4
3 2 53.9787 5
3 4 3.1999 3
4 1 51.2917 4
4 5 12.0719 5
0 1 30.4497 1
4 3 40.0137 2
1 1 93.735 2
3 0 43.9951 4
4 1 1.6582 0
1 0 56.1295 4
3 3 -1.1089 2
5 0 28.1238 1
4 5 -9.1626 2
1 0 42.4309 0
4 4 -3.9893 2
3 5 97.8892 5
5 5 -4.174 1
3 4 45.397 2
4 2 56.7439 5
0 2 -6.9574 0
5 3 81.929 3
5 3 26.586 0
3 1 71.1908 2
2 5 25.0614 1
0 2 11.8222 0
3 2 46.1331 2
5 0 91.4554 0
5 1 61.0129 0
5 0 11.834 0
1 4 3.2147 3
3 2 7.039 0
3 3 85.6062 5
1 3 27.9374 0
5 4 4.8761 1
1 2 99.8314 1
0 4 96.4102 4
3 1 37.8122 2
4 1 31.6939 0
2 0 69.128 1
0 2 -7.6346 4
0 2 94.1405 5
0 0 9.4527 0
3 5 2.2861 3
0 4 3.4379 2
2 5 -9.3246 2
5 1 29.0811 2
1 0 54.3669 4
4 1 11.0858 4
3 4 76.6912 5
2 3 27.0766 3
4 1 0.7405 1
1 3 80.1166 1
5 1 -5.3814 3
0 1 73.9198 2
2 1 44.2418 0
4 2 15.4517 3
0 0 99.2399 1
4 3 91.122 0
4 5 69.0316 3
0 1 74.4075 1
3 1 32.3629 3
1 1 77.0739 1
3 1 69.5571 3
4 4 71.4137 1
3 1 94.1508 0
0 3 89.7129 0
1 3 34.7136 4
2 5 23.8565 1
0 3 43.1249 1
5 5 81.9222 1
0 5 55.6337 4
4 0 67.1062 2
0 3 95.2934 4
2 4 52.9965 2
4 4 9.765 1
0 3 31.7205 4
1 5 77.9388 4
1 3 63.0397 3
5 2 49.1057 2
4 5 51.1751 2
5 2 33.7166 0
1 5 83.0823 0
2 3 30.4046 3
5 5 58.4726 1
0 5 99.1437 5
5 2 28.3735 0
2 3 74.6283 5
4 5 34.81 2
1 5 61.6779 2
2 3 89.3432 1
1 4 52.2437 1
3 4 36.2412 2
4 4 -3.3304 3
0 3 27.4025 2
4 5 70.1296 0
5 0 63.3509 4
1 1 91.165 4
3 5 69.5947 2
0 5 61.223 3
1 1 39.2434 2
0 5 26.2282 0
1 3 38.2739 2
3 1 40.9954 2
3 1 27.6856 4
3 4 23.711 5
2 2 15.1545 0
5 4 8.4651 4
4 3 22.2273 5
4 4 76.1258 5
0 1 73.0073 0
5 2 -5.2964 2
5 4 4.6526 3
4 3 91.7496 1
5 1 81.1031 2
2 2 -9.2107 0
1 5 -6.7996 2
4 3 28.382 5
1 3 81.7063 5
5 3 62.0187 2
4 0 68.039 1
1 1 30.3798 0
0 3 31.3188 2
4 2 43.0421 2
3 0 91.3141 2
4 0 20.9933 1
4 3 37.7129 5
4 2 3.7108 5
4 0 0.7 3
1 2 92.8639 3
3 3 86.6314 2
0 2 73.2747 5
2 4 14.4079 4
0 4 40.3023 2
5 0 31.7581 4
4 0 -6.1366 4
1 3 98.4562 2
0 1 70.6456 0
1 1 86.9891 3
5 3 8.3494 4
5 1 39.6511 3
2 1 76.5006 2
3 1 21.453 5
5 4 10.4026 1
5 1 38.5998 3
3 0 32.8833 4
1 0 14.2563 0
2 5 59.3765 1
1 2 87.824 2
3 0 28.7669 1
4 3 41.556 1
5 1 99.0904 1
5 2 38.54 3
5 1 84.322 2
3 2 82.2067 3
1 4 62.4438 5
2 2 84.3661 3
4 0 22.6091 4
1 3 83.601 4
3 3 82.6674 2
5 0 -9.7337 1
2 5 62.63 3
2 1 50.7787 3
5 0 -5.3013 5
2 3 70.1455 4
5 0 75.776 2
2 5 65.9816 3
5 3 69.2402 3
5 4 -4.1468 5
1 0 84.7723 4
2 5 11.4913 2
2 0 36.9898 4
5 5 62.453 2
5 4 -1.9582 1
2 1 27.6509 2
2 2 83.0191 4
3 3 45.5468 4
4 0 73.0203 3
5 2 50.5562 2
5 1 72.2535 4
3 3 21.2414 2
2 1 91.7951 3
0 1 -1.4813 1
0 4 80.9224 5
3 1 40.1816 5
3 0 84.2334 0
2 4 31.2356 4
5 1 53.9385 2
5 3 23.8753 3
3 1 77.868 3
5 2 72.1505 2
2 1 39.2295 0
5 0 30.8842 4
5 4 67.3236 1
1 1 88.5979 2
3 3 78.3429 5
1 1 19.259 1
4 0 -7.4481 5
1 2 -9.5418 0
2 4 65.8621 3
2 5 32.6763 1
2 3 18.1833 4
1 1 42.2473 1
1 1 86.4859 5
2 2 3.5342 5
1 2 43.562 2
5 4 15.9112 2
2 3 46.7854 1
3 2 79.768 2
4 3 30.1259 0
3 1 39.8596 5
4 5 1.244 3
2 0 87.6466 1
0 5 56.2463 3
5 4 94.9993 2
3 2 71.1372 0
3 4 99.6095 0
4 5 27.4702 5
2 5 51.4987 1
4 5 68.3829 1
0 4 86.8506 5
3 5 59.047 0
0 1 46.4523 4
3 5 28.9949 3
5 3 26.492 0
0 1 65.3451 2
3 3 49.2309 5
0 4 21.6419 4
3 1 48.8148 1
3 2 68.8061 3
2 5 14.5773 5
5 0 82.7513 4
1 4 83.5329 4
0 1 72.8515 3
5 0 39.0377 4
0 5 34.1061 0
4 1 3.6688 1
0 5 -3.779 3
0 1 31.4154 2
2 5 19.8899 1
0 4 15.7802 5
3 0 -5.3119 2
2 1 10.0193 1
3 1 37.2034 2
2 0 13.6072 2
5 5 42.8893 3
3 3 34.1769 0
2 2 86.1977 1
3 1 6.3298 3
2 1 61.0044 4
3 0 79.395 2
5 5 62.6489 0
4 5 57.8223 5
0 2 48.4344 2
4 0 32.5076 4
3 3 54.3227 3
1 5 69.0606 3
3 0 7.2947 3
5 5 55.2408 0
4 1 29.9119 0
0 2 8.5852 4
1 4 93.9936 5
4 5 -9.5539 5
3 3 91.6563 1
3 3 88.8186 2
4 0 20.6958 1
5 5 54.9545 0
3 4 7.5776 3
2 4 39.1872 5
1 2 0.9497 4
4 2 53.3165 3
1 5 79.4562 0
3 4 90.8931 4
0 5 -9.9036 5
3 2 41.8878 5
2 2 55.5428 4
0 2 79.6385 4
2 5 67.7987 3
0 5 27.2141 4
5 1 55.8532 0
3 4 65.854 2
5 0 46.267 1
3 0 34.2094 3
1 0 91.0202 1
3 1 1.1866 5
4 5 24.6992 1
2 2 88.0341 2
3 3 31.0862 2
2 3 23.1282 5
1 5 45.5828 2
5 2 28.7999 4
2 2 99.4254 0
1 0 12.8396 4
2 2 58.0435 3
1 0 91.2361 1
1 4 25.5418 4
1 5 9.4699 1
4 5 74.7379 5
0 0 39.4846 2
5 1 72.1589 1
2 3 83.806 3
2 0 99.7382 2
1 5 2.6284 3
3 4 15.3445 4
4 0 5.2831 2
5 3 54.7237 3
1 5 5.7291 0
5 5 87.7608 2
2 1 83.2873 4
5 3 10.2965 0
2 5 49.8726 1
2 0 30.0834 5
2 1 47.7649 2
4 5 97.0722 5
4 5 29.2971 3
3 3 10.9191 0
1 2 11.5608 5
1 4 0.221 5
3 3 56.5788 4
5 3 -2.263 1
2 5 11.3615 5
3 1 73.3171 1
2 3 90.5112 4
0 0 80.6212 0
5 5 -6.9811 1
1 3 60.7802 2
4 0 77.9159 0
3 5 38.7499 5
4 1 73.8271 4
4 4 43.6803 5
4 0 66.2451 5
0 3 70.1277 4
4 0 13.4588 0
3 5 58.1674 2
4 4 85.2489 4
0 5 90.0994 1
0 2 71.1839 2
2 0 4.922 2
2 2 -8.5653 1
4 1 51.1758 5
0 1 64.2645 1
0 2 63.0415 0
5 0 82.2602 1
3 0 75.162 3
0 1 10.0903 0
5 3 74.7193 0
3 2 -7.3761 1
0 0 13.044 4
0 3 51.9125 4
5 5 71.9903 4
2 1 -1.335 4
5 0 71.0633 1
4 5 95.6679 3
0 4 78.9411 5
1 1 30.0616 2
0 0 81.4788 1
5 0 73.7635 4
4 4 61.8479 5
0 5 69.1357 5
4 1 33.2099 2
0 1 28.2438 4
0 3 -2.1271 2
0 1 3.1426 3
3 1 74.4308 1
0 2 17.8305 3
5 1 97.1122 4
2 1 8.2658 0
2 0 52.3304 1
3 5 5.9903 3
4 4 94.512 3
3 4 96.9051 2
1 3 67.7716 1
4 0 35.9032 2
1 1 52.4454 2
4 3 79.2272 5
5 2 61.4442 5
4 2 -2.8514 3
3 5 28.2534 4
5 3 9.3746 5
2 5 81.7312 0
1 3 56.4129 1
5 1 7.0853 5
3 1 32.6566 2
4 4 -3.5515 5
0 3 4.1675 0
0 1 79.9781 1
1 1 73.5727 5
1 4 17.2565 1
0 3 52.8093 4
3 1 -5.8319 3
2 5 50.7172 1
2 4 22.5006 0
3 4 52.138 5
3 0 55.9552 3
1 4 19.6666 1
2 1 17.9816 4
1 1 45.1217 0
4 5 22.6124 5
5 4 2.1561 5
2 5 70.2002 1
3 1 7.4801 3
5 3 52.2691 2
4 2 85.7676 3
4 3 60.2726 5
4 1 0.9578 5
4 1 -8.507 3
3 0 61.9979 5
3 0 82.0368 5
4 0 75.4609 0
5 0 5.5811 3
5 5 19.7854 4
2 5 17.1065 3
5 3 53.598 0
1 5 -8.716 3
5 2 43.2165 3
4 4 58.9817 4
0 5 25.1976 2
5 5 44.857 0
2 4 98.1846 0
5 1 48.4063 4
0 0 9.3034 3
