1 5 58 1
4 5 63 1
3 2 58 4
4 0 70 4
4 5 47 1
5 3 39 4
1 0 79 5
1 4 53 4
1 5 48 1
3 4 35 3
5 0 17 0
2 3 66 4
3 5 56 3
1 1 30 0
4 1 59 3
1 4 58 5
2 2 60 3
5 4 39 5
4 5 13 1
5 1 56 4
4 1 49 2
4 0 34 3
1 2 -2 4
3 5 18 5
1 1 25 1
5 1 14 3
1 1 56 4
1 0 -1 3
2 1 3 1
0 3 20 2
5 3 36 1
3 1 65 5
5 1 -8 1
3 4 83 5
5 1 18 1
5 3 64 5
3 1 -9 2
3 1 10 3
5 1 68 0
5 0 42 1
2 5 76 5
1 0 66 5
1 1 40 4
3 3 71 0
2 4 5 3
5 1 77 5
0 2 54 2
4 1 92 3
1 0 0 4
1 3 -7 4
3 4 54 1
3 2 20 5
5 1 96 4
0 5 67 0
5 5 13 1
0 5 9 3
1 5 87 1
2 3 20 2
3 1 13 5
1 3 2 5
5 2 28 4
5 5 0 0
5 3 99 0
3 0 99 2
4 5 97 0
3 5 33 3
1 3 70 5
1 2 25 2
5 5 65 1
0 5 12 5
0 0 85 2
2 5 47 1
1 0 -7 1
4 1 16 4
2 5 -10 1
3 4 91 5
4 1 56 5
1 5 34 4
0 4 -7 2
4 0 94 1
2 3 1 3
5 0 37 5
0 3 42 2
0 5 71 2
0 2 84 3
4 5 60 5
1 1 13 1
3 2 49 1
4 0 -1 4
2 4 68 0
3 3 31 0
0 5 42 4
4 2 20 5
5 0 89 1
2 2 11 2
1 3 93 3
5 5 28 1
3 5 30 1
2 2 49 3
3 2 83 4
0 2 76 4
2 1 -6 0
5 4 85 1
1 0 36 3
1 4 88 0
4 4 56 4
3 2 43 4
1 1 80 1
3 5 11 1
5 5 10 2
2 0 73 2
3 1 9 0
5 5 2 5
2 5 97 3
2 0 56 4
4 1 17 5
2 5 72 1
3 3 25 1
1 5 22 0
3 3 28 4
5 5 22 4
2 5 88 1
4 5 38 0
3 0 -7 5
3 2 44 0
0 4 76 1
4 4 9 3
4 4 83 1
2 0 68 3
4 3 77 0
0 2 36 1
0 3 92 3
3 3 -2 3
2 5 -2 1
1 4 43 3
5 0 78 3
4 1 23 3
4 0 68 4
4 3 10 1
1 2 -6 5
3 0 81 5
1 0 16 4
1 5 54 5
2 1 48 3
4 5 85 5
3 5 80 0
1 1 16 4
3 1 47 4
0 5 2 3
5 3 9 3
5 1 17 5
5 1 59 0
5 2 2 2
5 1 -7 1
3 5 64 1
3 0 72 0
1 0 60 5
4 2 26 1
5 3 76 2
2 2 75 1
2 3 11 4
5 3 27 5
3 5 -7 3
3 4 36 1
0 1 24 0
3 5 37 5
5 1 12 4
2 5 40 4
3 1 37 4
3 1 31 4
0 2 75 4
2 5 18 2
3 1 4 4
2 0 97 2
2 2 98 4
2 2 52 3
4 5 100 3
0 2 -9 0
4 5 38 5
4 4 90 2
1 0 92 3
0 4 95 3
3 5 75 2
3 3 51 1
4 3 43 4
2 2 86 1
3 5 11 0
1 2 60 2
2 2 41 5
4 5 85 3
1 5 58 3
1 0 71 2
5 0 29 5
0 0 28 0
0 4 31 0
5 0 84 5
2 1 3 2
1 4 81 2
1 4 46 1
3 4 21 0
3 1 -9 4
2 0 17 4
0 5 -9 3
1 5 -7 3
1 3 90 5
5 0 1 4
1 4 42 1
5 4 52 0
2 4 37 0
5 2 23 4
1 4 72 1
5 2 74 5
4 1 50 1
5 2 52 3
4 2 57 1
2 3 0 1
4 4 89 3
3 2 27 4
4 5 -2 0
4 3 -4 4
5 5 70 3
4 2 25 2
4 5 85 0
0 3 67 1
5 0 33 1
0 0 -1 2
5 5 64 1
5 0 39 0
0 2 86 5
3 3 59 3
0 5 21 4
0 3 38 1
4 0 88 0
1 1 1 4
4 4 -6 0
3 1 43 3
0 0 2 2
3 4 76 0
5 5 81 3
3 0 76 2
1 3 53 2
2 4 75 1
4 0 35 1
3 4 75 5
4 0 47 1
0 5 66 1
2 3 51 4
1 2 74 3
2 1 74 5
3 4 98 4
3 4 93 0
1 4 64 2
3 0 44 2
2 5 57 1
4 1 75 4
2 2 23 4
3 0 62 3
5 4 19 4
4 2 84 2
3 4 76 3
3 5 32 4
3 1 100 5
2 0 -8 5
0 0 61 0
4 5 85 5
1 1 -8 5
5 5 -5 0
3 0 80 1
0 2 41 3
4 1 -7 1
4 1 66 0
5 1 43 4
1 1 9 4
5 2 33 1
1 5 27 2
0 5 97 1
2 4 63 0
3 3 31 1
0 4 33 0
3 3 32 5
5 2 23 4
5 3 88 5
5 0 12 1
4 5 15 5
4 5 11 0
5 2 84 0
0 1 1 2
4 3 44 5
5 2 49 1
1 3 64 0
2 4 25 1
2 2 -9 3
0 2 97 1
1 5 20 0
3 1 80 0
4 1 57 0
4 3 98 4
2 1 62 2
5 3 28 4
4 3 86 0
3 4 37 5
0 3 3 2
0 0 68 0
4 1 22 3
5 3 36 4
5 0 21 4
2 5 85 3
1 0 25 4
4 4 -9 5
0 2 39 3
5 1 1 0
0 3 66 0
0 0 78 4
5 3 46 4
2 1 89 0
5 3 21 4
3 0 62 5
1 3 0 0
0 3 73 3
1 3 55 3
3 5 18 4
1 0 72 5
0 0 20 2
1 3 75 1
5 1 -8 5
1 2 62 5
4 2 76 0
1 3 4 3
3 4 77 1
4 5 67 1
0 2 30 2
3 0 4 2
5 2 64 3
4 1 30 1
5 5 42 5
2 3 89 5
4 0 28 0
5 3 30 0
3 4 27 0
5 3 -7 5
3 1 44 3
5 0 19 3
0 3 20 3
2 4 82 3
3 0 49 3
1 5 -9 4
0 5 83 4
4 3 69 3
1 1 53 3
3 3 27 1
4 4 57 0
5 1 74 4
3 3 65 0
4 4 4 2
1 3 98 0
1 0 67 4
1 4 69 4
0 4 16 0
3 2 9 5
3 1 58 0
5 5 22 5
5 1 95 2
4 5 6 5
2 5 2 3
5 4 -6 0
5 0 67 1
0 5 82 2
2 4 42 1
0 4 69 3
1 2 79 1
3 2 22 3
1 2 18 4
3 2 92 1
3 2 28 0
2 0 70 4
5 1 83 2
2 5 35 3
5 5 83 3
2 0 -1 2
5 4 23 3
4 4 12 1
2 2 64 5
0 5 57 3
0 5 84 5
0 2 74 5
1 4 22 5
0 2 9 5
3 4 76 5
5 3 24 1
3 5 -9 3
3 0 26 0
5 2 25 4
3 2 51 5
2 1 51 1
2 4 62 3
4 2 -9 5
2 0 85 1
0 0 12 5
1 3 53 0
1 2 68 1
0 4 26 3
0 0 5 3
1 1 22 2
2 4 47 3
0 0 62 5
1 5 18 3
5 2 72 5
2 0 27 0
5 5 14 3
0 2 45 3
5 1 -2 2
2 4 -7 3
3 4 52 4
4 5 100 2
0 4 15 0
5 2 44 1
2 4 38 2
4 4 65 3
1 4 55 2
1 3 27 4
2 3 32 2
0 4 66 5
5 2 26 3
5 1 90 2
4 5 72 3
0 1 85 1
4 5 65 1
2 3 17 2
2 4 44 0
1 2 76 4
2 2 53 3
4 5 92 0
2 2 45 5
2 5 38 3
1 2 21 0
2 4 6 2
2 0 47 5
3 5 26 1
0 3 15 0
4 1 37 5
2 2 -4 3
5 4 60 5
2 0 9 5
1 0 36 3
1 2 37 5
3 2 -3 0
5 3 44 5
0 1 -9 2
2 0 87 2
0 5 20 3
2 3 26 5
1 1 -5 0
1 5 63 5
4 1 61 2
2 2 17 2
2 5 61 3
4 2 38 5
4 4 41 2
2 4 -6 2
1 0 12 5
2 4 12 4
4 3 33 2
5 0 23 2
2 1 17 3
2 1 71 4
5 0 92 4
4 0 43 5
1 5 28 1
3 5 11 5
4 4 83 0
1 2 43 3
0 0 89 0
0 2 69 0
5 5 33 3
1 0 10 2
0 5 93 0
5 2 47 3
5 1 16 3
1 5 26 1
1 2 54 5
0 3 19 3
0 3 89 4
1 2 59 0
1 0 50 4
2 5 23 5
0 2 95 1
4 4 16 4
1 4 62 1
5 0 82 1
4 5 1 4
4 1 87 4
0 4 89 2
0 1 29 4
2 0 38 3
2 4 30 4
1 0 -5 5
0 5 54 2
3 2 89 3
2 2 52 1
2 3 36 5
0 0 -8 3
3 2 38 4
5 0 79 2
0 1 17 3
0 1 46 0
0 3 51 0
0 0 98 5
3 5 51 0
1 2 51 5
0 0 -5 0
5 0 98 4
1 4 15 5
5 4 55 4
0 3 91 2
4 3 25 4
1 1 -4 1
0 1 98 5
2 1 25 1
1 5 99 1
3 5 54 0
0 2 -3 5
2 3 86 1
0 3 75 4
0 1 97 2
3 1 5 1
0 4 50 4
2 2 32 3
5 2 62 5
4 3 44 0
3 2 56 4
1 2 54 3
3 3 87 3
2 0 51 2
4 4 30 1
1 0 89 1
0 0 30 5
5 1 66 0
3 3 76 2
4 5 5 4
3 4 46 2
2 3 23 5
1 0 40 3
4 3 97 5
2 4 53 1
2 0 54 5
0 4 16 4
3 1 1 3
5 2 36 1
4 1 17 1
4 0 15 2
0 3 29 0
2 1 39 3
1 3 31 5
0 4 62 1
5 2 54 4
1 4 66 3
2 0 39 4
3 2 72 4
4 4 83 3
2 4 95 2
4 3 21 5
3 2 89 4
4 0 99 1
5 2 48 2
4 1 50 1
1 3 47 1
3 4 67 3
4 2 75 5
5 5 -10 1
3 1 93 5
4 4 48 2
3 2 42 2
3 2 3 1
0 4 9 0
4 5 69 4
3 3 87 0
1 0 63 5
3 4 80 0
5 4 19 2
5 1 56 3
1 5 1 3
2 3 14 2
3 5 42 4
5 0 80 4
1 2 45 5
3 1 97 5
4 2 75 1
5 1 96 3
3 2 98 4
2 3 17 0
3 1 94 4
3 0 -5 2
2 0 14 2
4 5 58 2
2 2 31 1
0 0 26 1
5 5 82 5
3 5 39 4
5 0 83 2
1 0 35 0
1 1 90 1
1 3 68 5
4 3 35 4
1 4 26 4
5 3 41 4
0 3 37 4
3 2 89 2
5 2 65 2
0 3 22 4
5 2 2 3
2 5 15 3
5 3 -1 0
4 1 19 5
1 4 28 2
3 4 18 3
4 4 34 1
5 3 32 0
5 5 76 0
2 4 0 0
3 0 22 0
1 0 23 1
2 2 95 0
4 2 -10 1
0 4 50 1
0 0 5 0
1 2 60 3
1 5 37 4
2 1 1 4
1 4 60 0
0 1 76 0
5 5 19 1
5 5 86 5
3 5 68 2
3 2 39 2
0 2 3 4
2 5 24 1
4 2 5 2
2 0 30 5
0 0 27 0
3 4 86 2
3 1 38 0
4 1 17 5
4 1 84 2
3 1 57 2
2 2 38 4
0 5 57 1
2 5 78 4
1 1 39 0
4 1 66 0
2 1 74 2
2 2 38 0
5 3 14 2
1 2 27 5
4 3 16 1
2 1 -1 5
2 0 -3 3
1 2 63 5
5 0 98 3
5 1 16 2
1 0 13 1
1 3 100 1
0 2 -7 0
2 4 53 3
5 1 -10 2
0 3 99 3
0 2 44 2
2 4 81 1
0 1 74 5
1 1 58 2
2 1 11 5
2 3 48 3
5 1 94 3
0 3 80 5
3 2 70 4
2 4 59 2
5 5 22 5
2 1 62 2
1 5 44 4
2 2 27 2
1 0 16 2
3 2 80 3
3 5 30 2
3 0 15 0
2 5 89 3
0 2 15 3
5 1 57 5
2 0 90 2
5 0 98 1
5 2 58 3
1 1 42 0
5 0 70 3
5 3 85 2
3 1 51 4
2 3 14 3
5 4 18 2
3 0 21 2
3 2 2 0
1 0 83 0
1 1 40 4
0 0 73 2
5 1 18 1
4 3 19 3
5 0 32 1
5 0 18 4
3 2 49 4
1 3 78 1
3 2 52 3
5 5 78 2
0 4 29 0
4 4 11 2
1 4 57 3
2 4 -1 3
1 1 15 3
2 4 52 5
4 5 14 1
2 1 96 4
2 5 29 4
2 2 82 2
5 3 -1 3
5 1 28 5
0 1 32 5
0 0 91 5
0 0 72 2
0 2 95 0
5 5 40 5
5 0 8 5
4 5 -3 5
3 5 66 4
1 2 35 4
0 2 3 5
4 0 60 4
3 4 -6 4
4 5 85 2
5 5 0 1
3 0 22 3
4 5 20 4
4 3 3 5
5 0 53 5
3 3 51 1
2 5 -3 0
1 5 18 5
2 4 61 4
3 5 53 4
1 4 27 3
5 0 7 5
4 1 0 1
0 5 98 1
1 5 92 5
3 3 -4 4
5 2 84 5
5 3 -5 0
5 1 50 2
4 4 73 5
4 2 -7 3
5 3 -5 5
1 0 75 1
3 3 76 2
3 5 39 0
0 2 55 0
4 2 81 1
5 4 89 3
0 5 38 0
1 4 -1 4
2 4 13 3
4 1 30 4
2 5 96 1
5 3 56 2
3 2 85 5
0 5 12 3
1 2 42 3
3 2 6 5
1 2 55 0
5 5 84 2
1 5 83 4
4 3 29 3
0 0 84 2
2 1 57 5
3 1 44 3
2 1 36 0
2 5 17 1
4 4 21 0
2 2 66 2
0 1 35 4
4 1 40 5
1 5 10 2
1 5 25 1
0 5 98 4
1 2 73 2
2 1 71 0
5 4 13 1
4 0 63 1
3 0 77 2
5 1 74 3
2 3 3 2
2 1 61 3
0 4 -5 2
4 0 -9 4
1 4 23 3
4 0 36 3
4 3 64 2
3 3 37 5
1 4 -5 2
5 4 66 4
3 0 86 2
4 2 75 2
4 3 24 1
0 3 33 1
2 4 71 0
0 4 24 0
4 0 51 3
3 2 16 5
3 4 43 3
3 5 99 2
5 5 69 1
5 1 99 5
3 2 44 3
5 1 45 3
2 1 81 1
2 3 29 3
0 2 67 2
2 0 50 1
1 4 55 4
1 5 8 5
5 1 20 2
3 0 43 2
2 3 69 3
2 5 77 4
0 2 77 0
2 4 92 3
5 3 7 5
3 5 61 3
4 3 93 1
0 5 71 3
0 1 67 0
0 1 43 2
5 1 -6 0
2 1 20 0
3 5 42 4
1 5 54 1
4 2 51 4
4 5 9 1
1 3 58 1
5 1 14 4
1 4 47 3
3 1 28 1
1 2 24 3
2 2 39 3
2 0 35 4
4 4 43 3
4 1 6 5
4 1 42 4
3 5 22 5
0 4 45 1
0 0 10 1
4 5 39 4
4 1 18 2
3 1 46 1
1 0 78 2
5 2 17 1
3 2 96 5
2 2 59 5
2 4 34 4
3 5 91 2
5 2 81 3
2 2 80 3
3 0 51 3
5 0 86 2
3 4 53 5
4 4 43 3
4 4 13 1
3 5 15 2
0 4 53 2
3 1 26 2
0 1 65 3
0 5 45 5
3 5 18 5
1 3 16 2
5 5 78 0
5 3 76 2
3 0 87 1
0 5 72 2
5 0 54 4
0 2 79 4
4 5 17 2
2 2 35 3
0 0 -4 3
3 1 51 1
2 3 26 4
3 0 58 4
1 1 69 4
2 1 12 0
3 2 35 2
5 0 -3 4
5 5 27 4
4 4 7 0
0 5 78 2
0 3 0 2
2 5 14 5
1 0 34 1
5 3 -8 5
1 3 53 5
2 1 91 5
2 1 7 4
3 5 36 2
2 5 81 3
3 0 34 4
0 0 25 5
1 5 95 1
2 0 10 3
2 4 47 0
3 5 56 4
1 3 97 4
5 0 76 2
5 1 84 1
0 4 38 5
1 1 1 5
4 4 92 2
4 3 37 5
0 0 48 1
3 2 21 1
3 4 56 4
3 1 94 4
5 0 100 4
5 1 5 2
5 5 41 1
3 5 17 1
5 0 96 4
3 0 64 2
2 5 70 3
0 3 85 2
5 4 11 5
5 5 76 1
0 4 80 5
5 2 99 1
4 3 83 3
2 1 10 2
5 0 28 5
3 0 52 3
5 3 -4 5
2 4 53 3
1 0 35 0
0 2 55 1
4 2 47 2
5 3 -4 4
1 2 -4 4
1 5 57 5
0 2 5 0
3 2 39 3
5 5 57 4
5 4 95 2
0 3 86 5
3 1 45 2
2 0 25 2
0 5 57 4
1 4 85 3
0 3 95 2
2 5 -9 3
1 0 47 3
1 5 69 4
4 5 31 2
1 2 83 0
4 3 8 1
4 5 9 1
2 4 67 1
3 2 85 1
4 2 73 3
0 4 74 0
2 2 95 3
1 2 17 4
4 3 64 0
0 1 95 3
5 4 53 2
0 2 86 5
5 2 64 4
3 3 59 1
1 3 -9 0
2 1 12 2
5 0 41 5
5 1 -8 2
0 1 31 5
0 4 69 0
3 3 84 2
2 2 61 5
0 0 79 5
5 5 60 1
3 1 66 1
1 5 73 4
2 1 25 3
3 5 56 0
2 4 40 4
4 5 95 2
1 1 42 0
1 2 62 0
0 0 22 0
3 4 21 1
4 0 11 4
5 0 20 3
4 0 53 5
3 5 65 5
3 2 83 3
