0 1 35.1105 1
1 3 28.3655 3
4 2 95.7965 4
3 1 99.2003 4
4 2 -9.7712 0
5 5 5.5739 2
1 2 77.2571 3
3 2 25.0892 0
5 3 27.3942 5
2 5 46.1525 1
0 4 25.7315 4
4 4 55.1447 2
0 1 76.4547 0
3 4 63.0327 5
0 5 69.0721 2
1 1 89.49 3
1 4 71.8445 1
3 2 19.7961 4
3 1 65.0906 5
5 3 68.8835 4
3 5 46.925 0
1 3 0.9761 5
0 1 0.3993 2
5 1 54.8883 4
2 5 84.4063 3
1 1 66.2513 1
5 4 33.0898 1
3 0 75.5157 3
4 2 55.3164 5
3 4 66.6533 5
2 0 -5.1138 2
0 3 23.504 2
3 0 41.7641 2
0 3 -3.1731 1
3 5 49.9954 3
0 5 62.7896 1
0 1 11.6436 2
0 5 44.0649 5
1 4 75.7646 3
2 2 5.1205 1
2 2 95.0479 2
2 2 76.6015 4
2 5 21.7274 3
2 3 64.0673 2
5 0 30.4149 2
5 2 66.0334 2
3 4 78.7119 1
5 0 94.0962 0
2 2 -5.9616 1
1 3 81.5223 3
4 0 48.4457 2
0 0 17.4689 0
2 0 47.7649 5
1 2 56.906 2
3 1 14.369 1
4 4 75.6076 5
2 3 37.3804 1
4 5 64.46 2
5 1 47.1394 3
0 3 38.5308 0
1 1 75.0331 1
4 5 33.1337 0
3 0 34.5786 4
4 4 -7.0869 5
3 1 58.6533 3
3 0 4.4173 4
3 3 36.784 0
2 0 46.1598 2
0 3 65.7233 4
4 3 44.1702 2
1 2 -6.3013 5
0 4 51.1266 4
5 0 -0.6637 4
2 0 2.7216 2
5 0 71.9526 0
5 1 -0.2768 5
3 0 6.3503 1
1 4 11.2095 5
0 3 95.8709 4
5 4 57.3644 2
2 3 92.5605 0
2 0 67.6306 1
0 4 65.8622 2
3 2 67.857 0
1 1 34.0099 3
2 4 21.7609 0
5 0 95.5794 2
3 0 35.4203 4
4 5 46.0452 3
5 1 99.0359 3
4 0 44.5143 1
5 1 59.9488 5
1 1 70.0188 2
2 4 72.1525 1
3 3 78.4699 1
5 3 32.2155 0
4 4 67.261 4
5 2 26.8051 4
2 2 67.3635 4
5 2 79.9842 3
1 1 11.2075 1
2 2 72.1437 1
0 0 20.6664 5
3 0 -5.3339 2
1 3 97.0296 2
0 0 4.227 1
1 3 35.3242 3
0 1 37.8416 4
3 5 -7.5835 0
3 2 21.8798 4
4 4 70.0627 0
3 4 87.9397 5
0 5 27.9555 2
0 5 48.121 1
3 1 -5.6218 4
3 4 -4.2248 3
1 2 74.4133 4
0 4 44.8713 0
2 1 30.3564 1
3 0 11.989 2
4 1 68.226 0
2 1 79.5995 2
2 3 98.6398 2
1 3 -2.6585 5
5 5 41.6783 2
0 5 14.6477 4
5 4 22.0727 3
0 1 23.6788 2
2 0 28.3998 1
2 4 38.974 3
4 3 43.5049 4
3 1 44.4212 5
5 5 34.116 2
4 5 44.7539 5
3 1 11.3152 2
2 2 2.1317 5
1 0 65.5401 4
2 4 97.2051 4
1 5 -8.9126 1
3 1 0.7951 1
5 5 0.3812 0
3 5 14.1248 4
5 1 23.8681 1
0 4 56.6455 5
3 2 31.3846 2
2 2 83.2137 4
2 0 86.857 4
3 1 53.2614 0
5 5 14.3613 2
4 2 -7.9647 1
3 4 49.8697 2
4 3 46.6355 2
0 1 89.5083 0
5 0 19.19 3
1 0 19.969 3
3 0 60.2841 1
5 3 41.9868 3
3 3 80.5312 4
5 3 -1.3658 2
1 2 -9.4472 3
5 0 90.0183 2
4 3 12.0437 5
0 3 47.9871 4
2 5 29.9482 5
2 5 46.3784 1
4 1 46.6949 3
1 3 51.0523 4
1 5 -6.3524 2
4 2 31.4734 2
1 2 44.7134 3
5 2 48.3754 0
3 1 46.3536 2
2 5 79.9728 5
1 5 7.4302 0
0 5 86.0105 1
2 0 -6.012 2
3 4 4.6739 3
5 5 81.7597 0
3 4 20.547 5
1 4 79.0884 1
1 4 36.2846 3
0 0 57.0561 4
4 3 71.1097 1
2 0 -6.858 5
2 0 -7.6508 0
0 4 -5.8342 3
0 1 81.0227 1
5 4 16.43 4
4 5 -4.3747 4
5 0 97.0888 2
4 4 63.9649 2
2 3 83.0317 4
0 0 92.9214 3
2 2 81.3965 0
4 4 71.3347 2
1 5 1.9182 2
3 3 8.8296 3
0 5 34.2524 2
0 1 83.1147 0
3 1 59.9577 3
2 0 1.0433 4
3 5 82.2146 4
5 3 22.0013 3
5 3 91.8566 2
3 5 40.9897 3
1 5 49.5792 1
0 5 32.1067 5
5 4 78.223 1
5 3 6.1985 1
2 3 67.751 3
2 2 33.697 1
4 0 99.9006 3
2 5 43.7073 0
3 2 -3.431 5
1 0 50.6975 4
3 3 -8.5693 4
0 4 47.6901 4
4 4 -5.4087 2
1 1 95.7224 1
0 1 35.8139 3
4 5 51.685 0
3 3 4.1555 4
3 0 23.0254 1
3 4 12.1398 0
3 2 15.7979 5
3 5 45.1354 0
4 2 40.3487 5
4 0 83.4022 0
1 2 91.218 4
2 2 93.9206 5
4 4 23.5819 1
5 0 4.9429 2
1 5 57.5542 1
0 2 55.3104 5
0 0 16.1815 4
5 5 0.4033 2
2 5 26.841 5
4 4 26.8539 2
1 1 88.3631 0
0 4 0.9065 0
5 2 36.1174 1
2 0 29.5233 5
0 5 -1.5038 2
1 0 98.0925 5
0 4 66.7675 1
0 2 82.1202 2
4 5 41.5073 2
3 2 47.3457 0
0 1 90.2626 2
1 4 2.1757 0
2 2 33.8706 5
4 2 35.5094 3
0 5 80.0293 5
5 1 96.4471 2
1 5 19.8131 1
3 3 -2.7567 3
3 5 6.9707 0
3 2 47.5329 1
4 5 80.1537 3
2 0 13.7674 4
5 0 61.0895 2
2 5 42.6294 4
1 3 96.6569 1
0 1 54.0019 1
3 3 62.37 2
3 5 69.0862 5
4 0 31.7397 4
2 4 12.3935 5
5 1 78.4501 5
0 2 47.6698 1
1 1 91.956 3
4 4 8.5835 4
3 5 6.5745 5
1 0 55.5814 2
0 1 74.137 1
0 4 91.663 2
3 1 26.322 5
3 2 19.3628 2
5 4 33.9603 5
1 1 66.2416 4
2 3 87.0309 0
4 3 45.5447 5
1 5 27.2897 5
0 2 14.5673 2
1 3 61.3847 4
1 4 29.5335 5
4 3 5.1922 2
2 2 69.83 2
4 1 -3.6805 5
3 5 45.0978 5
2 1 55.9488 3
3 2 11.542 1
5 2 -2.1029 4
1 4 93.0871 4
1 1 46.995 5
5 4 96.4069 3
3 4 83.8939 4
3 4 79.2281 5
1 1 -8.8507 4
1 3 69.9059 0
4 0 25.4329 0
3 2 59.1056 0
2 5 17.5118 1
0 5 67.5902 4
0 0 61.1092 2
5 5 39.7557 0
5 0 63.1156 2
5 4 44.9053 1
1 1 93.6353 0
5 2 55.6784 0
5 1 63.5633 2
2 0 48.0348 1
1 2 37.3533 2
2 2 56.8284 5
5 2 99.904 3
5 4 84.2666 3
5 1 30.6309 4
2 5 -8.8938 3
4 1 44.0154 2
4 1 13.7371 4
0 5 69.0175 5
3 2 -6.7025 5
2 4 72.5329 2
1 1 92.9226 5
5 0 29.1451 4
2 0 75.0032 2
4 5 67.035 5
1 0 75.7851 3
4 2 17.0641 2
5 4 65.9476 3
4 5 59.7633 2
1 2 1.4243 1
1 1 39.8119 3
1 5 49.8883 1
2 2 -1.2843 2
5 1 41.1322 4
2 2 24.0737 0
3 0 48.9933 3
4 5 92.4417 2
3 2 25.0459 4
3 5 96.0322 3
2 5 82.7845 3
4 0 19.7453 5
4 0 21.2407 5
0 5 92.2408 5
2 2 11.1732 5
1 0 52.1593 3
3 3 42.4038 5
5 5 -2.2557 4
4 3 93.9768 0
4 0 93.4578 5
4 0 70.1284 0
4 4 60.0879 1
2 3 33.8449 5
0 4 8.3221 3
4 1 15.7861 2
1 0 8.0021 1
5 5 18.3729 4
2 0 -4.6492 5
1 0 16.6412 2
2 3 70.3965 2
0 2 17.6281 1
2 5 21.4938 1
5 5 19.5398 5
0 5 31.2004 4
5 0 -2.0701 2
0 5 71.8563 3
4 2 81.4091 5
1 5 25.9114 4
3 5 48.4725 4
4 1 95.9172 3
3 4 23.2617 5
1 3 33.7338 4
5 1 17.2832 3
0 2 96.6197 2
1 2 53.7357 3
1 0 93.8278 5
2 0 47.6644 5
2 3 82.6319 0
1 0 42.988 0
2 1 79.9462 3
3 1 63.7965 3
2 3 54.879 4
0 5 17.2397 4
0 3 51.5999 0
1 2 32.3052 2
4 4 13.0123 5
0 4 82.9112 3
3 3 20.3274 5
4 1 27.8669 4
5 0 30.9323 5
2 0 30.6164 4
2 4 56.1294 5
5 5 80.1168 1
2 4 47.0223 2
5 2 24.5734 1
4 5 40.7571 1
2 2 80.055 2
1 2 93.2465 5
2 0 34.1047 1
4 5 78.7286 0
2 3 73.7161 4
5 5 12.5897 3
1 5 62.6978 2
2 3 87.9359 2
5 2 -5.7835 1
0 2 27.546 1
4 1 79.5013 3
5 5 55.7065 2
2 2 98.0447 5
3 3 62.7465 5
4 0 35.7428 0
3 0 80.0986 5
0 1 68.2074 3
3 0 49.716 5
0 2 78.1016 4
2 2 63.3369 2
0 3 18.4809 2
1 3 59.2917 3
1 1 37.1729 2
2 4 89.2697 5
3 5 17.3877 4
5 4 49.3492 2
5 4 90.927 3
5 1 36.986 3
1 5 69.2752 4
1 5 19.5248 3
4 3 28.5669 2
3 0 17.2453 5
5 4 66.6958 4
1 3 34.1064 1
2 2 49.1192 2
2 2 33.7761 5
4 4 50.911 3
2 3 28.6674 4
3 4 29.2057 4
3 4 63.5533 0
0 2 52.4358 5
2 1 41.3512 4
0 3 86.4999 1
1 3 48.3786 4
1 2 97.2895 4
1 0 93.7702 3
1 4 25.6826 4
0 3 2.7175 4
2 3 89.7253 2
5 5 67.4446 5
2 0 75.5062 1
4 3 87.6389 0
4 3 80.8495 5
2 4 29.4889 2
3 5 8.8162 2
2 0 -4.7681 0
3 2 33.7691 0
3 5 -2.0478 2
4 0 18.0205 5
2 0 20.7754 3
3 3 -2.9213 4
0 5 89.4076 4
3 1 41.5626 1
0 2 74.3056 1
1 2 61.1734 1
5 1 27.8639 4
0 3 -3.6603 3
1 2 78.1301 2
4 5 28.3008 4
1 4 -8.925 4
4 4 46.813 4
2 2 91.7785 0
1 0 59.3364 3
4 4 21.7829 4
1 0 6.6641 4
4 3 57.2827 4
0 5 30.9898 5
2 0 -6.7149 1
4 5 70.4703 1
1 5 18.635 0
1 5 14.6811 0
3 2 72.5615 3
0 5 1.8566 1
3 2 28.5634 3
2 2 55.6844 3
2 5 9.109 5
4 0 -3.5761 5
3 3 6.5369 3
1 3 55.9784 3
3 3 15.9166 4
2 2 75.5172 0
1 4 45.2172 2
3 0 36.7865 5
1 5 25.9177 5
1 0 26.521 5
3 4 18.1678 1
5 1 92.202 4
3 4 19.1337 2
4 0 11.3445 4
3 4 69.0343 2
0 3 79.2488 4
0 1 96.9739 3
2 5 64.9289 2
3 2 20.9355 4
2 1 65.446 1
4 5 94.4002 0
2 5 55.3907 1
1 5 31.0311 4
4 2 -2.9235 0
2 5 77.4257 0
2 2 76.9123 5
2 1 30.1927 1
3 3 55.3905 5
2 2 5.6284 3
1 3 17.1731 2
5 3 97.2617 0
0 5 83.3951 4
0 0 48.5566 2
0 2 31.3932 5
1 5 82.608 3
2 2 -8.4684 4
2 2 20.7837 2
0 2 12.7256 2
5 1 74.5064 2
1 3 20.6219 5
3 5 22.8985 0
2 3 29.5575 0
2 1 68.854 5
1 4 69.5525 2
1 4 22.3011 3
0 1 -4.1486 0
3 5 32.9165 0
5 5 94.683 2
1 0 -6.4416 4
0 1 78.4436 2
3 3 24.2169 4
5 0 46.0828 0
3 0 1.0766 4
5 5 -5.6163 3
2 1 6.8159 4
4 0 92.1693 3
1 5 26.9221 4
1 4 30.0394 4
4 1 -5.001 2
3 4 74.3457 2
1 2 41.4142 4
3 3 75.7334 5
0 0 62.7556 4
1 0 18.5854 5
0 2 55.4908 3
3 0 39.1648 1
5 4 28.2901 3
1 0 99.7727 3
3 1 70.3458 0
4 2 16.1402 4
3 1 81.8014 1
2 4 58.3708 3
0 3 3.8094 2
4 4 73.8024 4
0 0 11.352 5
2 5 65.995 0
4 0 62.7587 2
5 1 43.6394 1
0 3 50.1475 0
0 2 55.6544 5
1 1 13.4293 1
5 3 65.8871 1
2 0 81.0517 0
5 5 13.2924 5
1 0 6.5019 3
1 3 49.5811 0
3 5 3.0552 4
4 2 69.0463 3
0 4 92.5128 0
1 2 26.9162 3
0 0 61.6199 3
5 5 34.2254 3
0 5 92.7033 0
1 0 60.3837 5
4 2 63.9309 5
5 0 93.4945 1
0 5 14.9447 5
2 5 5.8695 0
1 0 27.8299 2
0 4 66.713 3
4 5 18.322 2
4 1 96.1781 3
3 0 43.8171 5
0 5 69.1375 3
2 5 33.7893 4
5 1 15.2841 2
0 4 96.9678 0
2 4 44.8118 3
1 3 53.6813 1
0 3 30.8063 0
4 2 36.5106 0
4 3 95.1618 3
1 1 -7.1919 2
4 5 13.228 3
0 5 54.9912 3
5 4 19.6783 5
0 3 7.7107 3
2 2 19.8667 0
3 0 57.0438 3
5 4 95.8113 5
2 2 84.7997 2
3 5 37.5246 1
3 5 14.3564 5
2 0 -5.7003 0
3 2 96.9495 0
5 2 15.2882 2
4 1 72.1501 1
1 0 31.4375 1
2 4 48.2405 4
1 0 17.0407 4
0 3 37.1628 4
4 0 26.5575 0
0 5 28.9813 2
1 0 66.5697 3
1 2 92.3967 2
4 0 29.3236 3
0 2 49.5815 3
2 3 44.1248 2
1 1 92.7526 1
3 1 85.1911 3
3 0 42.1061 1
3 3 92.9478 0
0 3 96.8534 2
1 1 49.5527 0
5 0 95.8122 0
2 1 43.1218 0
4 2 -9.4252 1
1 2 94.3108 1
1 0 32.7391 2
0 5 97.8069 5
4 0 15.9841 5
0 0 58.3433 0
3 1 28.3145 3
3 2 49.3401 4
5 5 30.1042 5
5 2 74.9941 5
4 0 41.9012 1
2 2 14.2388 4
1 5 64.1923 4
4 2 88.5631 1
4 2 86.9638 3
5 1 65.3311 1
4 4 42.9193 1
2 3 1.0231 4
5 5 98.823 3
1 0 50.5444 4
0 3 84.6725 1
3 2 -2.1541 2
1 2 72.9273 2
3 3 77.8701 2
5 5 46.5406 5
5 1 61.9268 0
4 5 15.2047 1
4 4 51.1895 3
0 3 74.9073 5
2 2 85.5044 1
4 3 11.0397 1
1 1 92.258 1
1 2 42.7011 0
2 0 30.2334 0
5 4 44.895 5
1 0 10.1591 0
3 5 81.9462 1
2 2 60.8353 0
2 5 29.012 4
4 5 3.7392 4
4 2 78.2782 2
5 1 24.4579 5
4 5 31.512 2
5 0 28.0167 5
2 1 21.9129 0
4 1 74.0588 0
3 2 63.7647 0
5 2 2.6587 2
1 2 24.4815 2
5 5 85.1401 3
5 2 28.5622 1
5 5 14.6026 5
5 0 9.897 1
4 4 21.598 1
1 0 36.8012 5
5 1 32.9693 1
1 2 26.8545 1
3 1 84.3565 4
2 0 -2.6955 1
1 0 62.8293 3
4 0 99.0754 5
3 1 88.5702 0
0 0 77.8128 3
4 3 67.1483 1
4 2 62.9939 5
0 3 5.7068 5
5 0 70.0319 2
5 5 43.9 1
4 5 51.7651 0
1 3 62.6826 0
4 3 77.7079 2
1 2 8.2024 0
2 4 98.0855 0
1 4 41.7756 2
5 0 18.5743 0
3 5 7.0184 4
5 2 62.7342 1
0 5 21.2347 3
4 2 77.9248 2
2 5 48.219 2
1 0 67.1161 3
5 0 22.131 3
1 3 77.0808 4
2 4 0.1028 5
5 2 15.0855 1
0 1 -9.4474 3
0 3 95.3855 0
0 2 43.9057 3
2 1 -1.3518 0
1 4 0.9911 4
2 5 30.7933 1
2 2 81.591 5
5 2 -3.3826 4
0 3 74.149 2
5 5 4.6169 2
4 2 -3.6438 3
4 4 34.2719 3
2 4 42.5361 2
1 2 88.9603 0
3 1 76.8585 4
3 1 33.5396 0
2 0 52.7299 3
0 5 78.7396 1
4 4 50.6701 3
4 3 43.3362 5
2 2 70.3028 0
3 1 85.7874 4
3 2 22.1965 0
1 3 -5.505 4
5 0 13.624 2
3 3 92.0013 4
3 4 76.5898 2
2 1 88.3058 4
2 5 60.1146 0
0 4 -4.5122 4
0 4 83.0427 4
4 3 66.4033 4
4 3 9.9604 4
5 1 51.408 2
3 4 47.0147 2
5 2 36.0812 5
4 1 -8.1912 0
2 5 39.3423 0
2 0 -8.186 5
5 5 50.357 3
0 4 61.9346 4
0 4 44.8888 0
5 4 68.7467 1
1 2 29.0241 5
4 5 -1.9142 4
2 2 64.1185 5
0 0 55.7549 2
1 3 -0.4476 1
1 2 87.8344 2
1 0 7.1936 5
0 3 -6.4202 0
4 2 34.7012 0
1 2 51.0304 0
4 4 57.608 3
2 2 66.4166 3
4 4 79.3683 0
1 2 89.5244 4
3 4 99.6047 5
5 0 90.2625 0
0 0 96.6694 1
5 5 91.1571 4
5 0 81.7879 4
0 3 1.2361 4
0 0 -6.5436 5
5 0 84.9192 0
3 5 78.1593 3
1 3 25.9009 5
2 2 53.7293 3
3 3 94.6329 0
3 1 70.3961 5
1 1 43.0803 2
1 3 85.3664 5
3 0 14.5333 0
1 5 8.3985 5
0 2 -5.1702 4
3 3 34.3476 4
4 2 91.5527 1
1 4 56.6588 1
3 3 61.6395 2
0 5 56.7026 5
1 5 70.0105 3
0 5 82.6332 0
3 2 30.0255 0
4 4 74.4051 5
4 3 27.0445 3
4 5 64.0768 0
5 3 33.9982 1
2 3 81.4875 5
2 1 24.0995 1
3 2 36.5844 5
4 1 9.2989 0
3 0 -9.6218 2
0 4 62.9606 3
2 5 9.9663 4
4 3 67.3818 3
2 0 75.6568 4
2 1 85.8236 1
2 4 97.2892 4
4 0 32.5924 2
4 4 82.542 2
3 3 21.4091 4
1 5 65.3192 2
3 4 71.417 2
4 0 18.0255 4
5 5 69.0047 5
0 0 70.402 0
5 0 69.4123 5
3 5 -2.3156 0
3 0 20.3921 3
1 4 10.2238 0
4 5 37.0414 0
3 4 28.8674 2
0 4 43.2473 3
3 4 36.9921 1
4 2 89.675 0
1 2 19.6004 5
4 4 9.7935 3
3 1 20.2999 5
2 1 56.2885 1
2 1 73.6179 2
4 4 92.601 1
5 5 68.5989 2
2 1 59.3253 4
2 0 34.7372 3
1 0 42.8927 1
3 0 45.0752 0
0 5 71.6132 5
5 3 96.305 0
3 0 39.6633 1
2 3 33.324 0
1 2 58.601 1
3 4 99.1019 2
3 5 66.2342 3
2 0 12.4148 4
4 0 12.6375 0
3 1 4.6653 3
5 1 8.2621 5
3 4 98.1408 3
5 5 90.6326 2
5 5 2.1177 3
5 5 75.8111 0
2 5 66.5679 2
5 0 83.4571 1
0 2 14.691 5
5 0 23.3915 0
5 1 -3.3731 5
4 2 77.8715 2
3 2 47.9735 5
0 4 26.9019 0
2 0 -1.6075 2
3 3 66.2947 0
1 5 57.5125 0
3 2 20.6721 0
1 4 67.53 3
1 5 25.1957 1
2 2 42.1862 2
5 5 74.3889 1
4 5 41.5691 4
3 5 66.3112 3
5 0 67.2805 2
2 1 18.9395 0
3 0 58.0675 3
1 4 22.2625 0
3 1 4.1015 3
4 1 -2.8675 4
1 0 9.6769 0
1 4 28.4144 4
4 3 98.9109 3
4 0 29.4027 1
3 4 -0.8488 0
0 5 71.4045 2
0 4 27.7291 3
0 1 15.6083 0
2 2 82.3576 3
1 4 85.9666 4
1 2 49.2545 3
3 1 19.1645 3
1 2 25.4246 2
2 3 92.0366 5
4 2 68.3763 3
4 0 8.4909 4
0 0 85.3286 1
5 2 32.4251 0
2 5 80.9754 5
3 4 70.7483 2
5 1 -2.3359 3
0 1 43.6758 0
5 4 43.0181 4
3 1 -5.7269 0
0 4 18.4187 5
3 0 93.2669 0
4 1 18.5615 1
1 2 7.3271 2
1 5 60.7793 4
1 2 41.3644 3
0 2 80.4328 1
3 1 28.6118 2
3 2 35.4318 4
1 4 2.6091 1
2 1 42.7045 3
3 3 3.9544 2
1 0 19.2313 5
2 5 8.2063 0
5 3 5.2459 1
2 1 84.2478 5
2 2 96.9265 3
3 1 7.1197 5
5 0 -8.1961 4
1 0 32.2724 2
0 4 77.0159 4
4 2 11.9718 4
2 5 -4.0846 4
5 1 61.3961 3
4 4 34.8424 1
1 1 66.9742 4
5 3 75.2008 1
3 0 -7.3911 5
4 1 69.1367 1
2 2 68.0815 0
3 4 64.8571 0
0 2 57.9622 2
0 3 55.0589 1
2 0 -7.824 4
4 4 86.1573 1
2 1 72.7728 0
3 1 19.2146 4
3 4 80.0375 5
0 4 57.4311 5
5 0 35.1862 4
2 2 7.5027 0
1 0 70.1721 0
1 2 23.8936 1
0 5 -9.3536 2
4 5 -8.5295 0
4 3 77.1929 5
3 0 7.5207 5
1 0 16.0865 5
5 2 87.3961 1
0 2 43.8651 0
5 3 69.5994 2
5 5 5.6865 2
4 2 45.5197 2
4 2 0.4818 5
1 5 25.028 1
0 0 18.1336 1
2 2 19.4845 1
3 0 38.6223 2
5 4 73.2874 4
4 3 49.1805 4
5 0 34.385 5
4 0 41.2074 4
0 5 93.5711 0
1 3 76.6872 3
5 4 30.7389 3
1 3 50.2501 5
4 2 49.3249 3
1 5 76.4797 5
4 2 19.5112 5
3 1 69.0613 4
1 1 55.2936 2
3 5 33.1866 5
3 2 1.2261 5
3 5 78.6761 2
5 5 41.5904 2
5 3 28.6091 1
5 1 47.7591 3
1 4 73.7083 0
2 0 27.1853 4
1 3 83.4084 1
5 0 54.4079 4
5 2 30.6765 4
0 2 31.3468 4
0 1 4.6356 4
0 0 74.0531 3
3 5 11.1584 2
1 3 92.0219 1
3 1 71.9353 2
0 0 17.5831 4
3 5 40.723 1
3 4 75.0453 4
1 2 98.0705 2
0 5 63.2107 4
2 0 44.4022 1
5 5 5.5346 5
3 0 10.9581 5
2 1 17.3598 2
3 3 92.2078 1
