3 4 51 2
3 0 69 1
2 4 15 3
2 1 100 5
3 5 97 3
4 1 62 5
3 5 12 4
4 5 65 3
2 2 -2 1
0 4 -7 1
5 0 18 3
2 0 41 1
2 3 86 4
1 5 70 0
1 0 72 4
1 2 37 5
5 5 28 4
1 2 31 5
4 0 99 1
3 0 -6 0
0 3 85 1
2 0 54 2
4 5 38 1
0 5 70 5
4 5 44 1
4 3 86 1
2 3 89 0
3 0 36 1
1 1 20 0
5 1 55 3
3 3 90 2
5 0 13 0
2 1 59 5
2 0 59 3
2 0 71 0
0 0 4 0
5 4 69 2
3 5 90 5
3 0 10 4
4 4 16 4
4 3 97 0
4 1 10 1
2 5 84 5
3 1 44 3
5 5 17 1
2 1 86 1
0 5 39 5
4 1 47 0
2 1 30 0
2 1 55 0
0 1 8 0
1 3 33 4
3 0 97 0
5 2 18 4
1 4 62 4
4 2 26 0
2 2 75 2
0 5 4 3
0 0 97 1
3 5 40 4
1 0 16 5
3 0 -2 5
2 1 9 3
3 3 47 5
5 1 27 2
0 3 81 5
0 5 37 1
4 3 17 1
4 5 58 4
2 2 68 0
5 2 8 2
1 3 8 4
3 3 -6 2
2 5 71 0
4 1 63 5
3 5 42 5
4 1 83 0
3 2 79 4
1 0 54 0
2 3 86 3
3 1 13 1
5 5 2 4
0 2 20 2
5 1 -4 3
5 5 48 4
0 3 93 0
5 3 -6 0
3 4 3 0
3 0 40 0
3 4 93 2
0 2 25 3
5 1 46 5
0 2 -5 1
3 5 6 2
5 3 99 2
5 4 96 5
4 4 -9 5
4 4 95 1
1 2 60 1
2 3 85 5
5 2 10 2
3 5 28 3
1 4 52 1
3 2 10 5
0 1 39 4
1 0 54 2
0 2 91 4
0 4 20 5
2 5 43 0
5 5 18 5
0 4 81 5
3 4 60 3
1 3 72 5
4 0 -6 0
4 5 7 5
1 1 -1 0
0 3 60 0
2 0 84 2
1 5 58 0
2 5 83 2
5 1 90 4
5 2 47 5
3 3 82 5
0 0 11 4
1 5 19 1
3 0 20 1
5 4 35 5
5 0 24 4
2 0 28 4
5 0 52 3
0 0 91 1
5 0 10 4
5 0 74 0
1 5 31 0
5 1 24 5
5 1 72 5
1 2 -4 5
2 1 21 4
2 3 15 1
2 1 9 2
2 5 38 0
3 2 54 2
5 4 39 5
5 1 -6 4
3 1 49 1
5 3 28 5
2 1 28 4
4 5 77 0
4 1 18 3
2 0 91 4
5 5 11 1
3 4 26 4
3 5 55 0
2 5 2 2
0 1 36 2
2 5 89 1
2 2 8 4
1 0 38 4
3 4 53 3
5 3 42 1
2 5 31 2
3 5 34 0
1 4 2 3
2 4 34 0
1 4 8 2
4 5 94 1
4 1 4 2
0 0 24 1
2 3 34 3
0 5 6 1
2 2 -1 1
1 3 0 1
1 5 51 2
0 3 8 0
3 4 66 5
1 3 64 3
5 1 74 0
3 1 25 1
3 2 89 5
5 3 56 4
0 2 44 5
4 0 14 4
1 1 31 2
4 0 57 3
0 5 15 3
1 0 13 3
0 2 32 1
3 1 21 3
5 3 -6 3
1 1 34 4
0 3 79 2
5 5 1 3
0 1 25 4
4 3 65 0
3 5 96 3
3 0 23 2
5 5 3 3
4 2 76 5
2 4 97 0
1 3 48 3
5 0 7 2
5 4 18 4
4 5 86 3
0 3 21 0
3 3 30 4
5 2 18 2
5 2 74 0
4 2 10 2
3 0 39 2
5 0 56 2
5 0 48 3
1 1 -1 0
1 5 6 3
3 2 28 3
5 4 17 5
4 4 40 0
2 2 -6 4
5 5 79 0
3 4 98 0
2 5 72 3
3 0 10 5
2 5 62 0
3 0 77 4
2 2 58 4
1 5 78 2
4 3 14 3
2 5 66 1
2 4 64 4
3 1 65 2
0 3 13 3
5 1 20 3
4 5 25 1
1 0 68 1
0 4 22 5
4 3 55 5
4 2 50 3
4 0 28 2
2 3 7 5
3 1 49 1
5 3 18 0
5 4 96 5
3 4 98 0
1 5 98 2
2 2 73 3
5 3 -7 4
4 1 59 4
3 3 100 0
2 4 72 1
3 4 4 4
0 0 34 1
0 4 22 1
5 3 51 2
1 3 89 2
2 2 59 5
5 5 74 2
4 4 49 1
3 3 73 2
3 1 92 1
3 2 -10 2
3 5 9 0
3 4 62 3
3 1 60 4
1 1 57 4
0 4 53 3
0 2 57 1
4 5 42 0
2 0 72 5
3 4 46 1
1 3 31 1
1 3 93 1
2 1 22 0
1 4 41 1
5 4 39 1
1 3 45 0
4 2 86 1
1 3 69 0
0 5 -6 5
3 4 100 3
0 3 95 5
4 0 69 4
5 4 69 3
3 5 -3 3
5 0 30 5
4 5 61 3
0 0 6 2
4 0 69 2
3 5 27 1
3 1 19 2
5 5 -2 5
3 1 73 2
2 5 39 3
5 2 53 4
0 1 6 2
0 1 87 4
2 5 22 5
1 4 60 3
5 3 64 1
5 5 4 4
2 3 18 1
0 1 54 1
4 0 19 5
4 5 86 4
3 3 58 1
2 5 7 4
2 4 31 3
5 1 86 3
1 3 89 0
5 0 28 2
1 1 7 4
5 0 61 2
3 3 53 5
0 5 83 4
1 5 12 5
0 3 59 2
4 0 20 4
5 4 86 0
3 4 48 1
2 5 10 5
1 1 66 3
1 0 98 2
4 2 0 1
5 0 90 1
4 2 -3 1
1 4 74 3
3 0 49 0
2 5 -2 3
0 3 -1 1
0 4 55 4
3 2 53 4
3 0 69 3
5 1 55 5
4 3 99 2
3 4 20 5
1 2 46 4
2 5 23 4
1 2 20 4
4 2 59 0
1 3 -9 4
3 3 8 0
3 5 24 3
2 5 66 1
1 0 74 1
2 4 24 4
3 0 65 4
1 4 64 2
1 1 74 1
1 4 63 2
4 3 62 3
5 2 15 2
3 2 31 2
2 5 29 5
2 3 24 4
3 3 -9 3
0 3 29 1
3 2 -8 5
1 1 63 2
2 2 -7 3
3 2 51 5
1 1 58 3
2 0 -2 1
2 5 43 5
4 3 95 0
5 3 66 5
3 1 21 4
4 3 -3 0
5 2 20 2
3 2 2 1
5 0 26 5
3 1 86 4
2 4 12 0
3 1 26 4
5 2 51 2
5 0 5 0
5 5 71 2
3 5 87 1
2 3 15 2
2 1 65 5
2 2 56 0
1 0 61 3
3 3 78 4
0 4 31 4
3 0 96 2
4 3 21 2
5 0 71 4
0 4 76 4
1 4 83 0
4 3 57 1
0 5 37 2
3 3 88 5
1 5 26 1
5 4 27 4
5 5 80 3
0 3 53 0
4 3 -8 1
2 3 7 1
4 5 74 4
3 5 63 4
2 5 85 1
1 1 13 1
0 0 49 0
1 4 28 0
2 2 92 5
1 1 23 3
2 1 93 1
2 0 5 3
0 3 -7 5
5 1 32 3
3 3 12 3
4 0 0 1
4 4 70 0
1 1 3 3
5 4 29 2
3 1 13 0
4 2 43 4
0 3 -8 3
3 3 96 0
2 2 94 0
3 5 23 5
0 5 61 3
3 0 95 2
5 5 89 0
1 1 10 0
1 4 7 5
3 0 -3 1
5 5 22 4
3 1 36 1
4 1 72 5
1 2 87 0
1 0 45 2
3 5 31 2
4 2 -7 0
2 0 88 0
5 1 90 0
4 3 74 5
4 1 7 0
2 1 0 0
0 3 41 3
4 3 5 4
5 0 24 3
2 1 26 4
2 4 64 0
3 3 72 4
1 1 14 1
1 1 63 5
0 5 34 4
0 1 15 1
5 5 23 5
3 5 55 4
4 2 74 1
2 3 31 1
4 5 93 0
5 3 60 1
1 0 6 0
1 1 34 0
4 3 43 2
1 5 86 4
3 3 99 3
4 2 50 0
5 2 62 4
2 2 100 1
2 2 79 3
4 3 63 5
2 4 19 2
3 5 -7 4
1 0 15 3
0 0 51 2
1 2 24 3
4 0 96 4
1 3 80 4
1 1 82 1
0 1 71 2
4 4 76 4
4 4 -5 4
2 4 15 4
1 2 7 5
1 5 60 4
1 5 7 4
3 1 21 3
2 3 89 3
3 3 25 5
2 0 -2 5
4 5 24 5
4 4 96 0
3 1 6 1
1 3 76 5
3 3 55 1
2 0 15 2
1 3 4 5
4 5 7 3
1 5 20 2
0 5 3 2
4 0 75 4
3 1 63 2
0 4 72 3
1 0 87 5
2 2 94 0
3 2 2 3
3 4 9 5
5 3 73 1
4 0 0 5
4 4 85 1
5 3 82 3
3 0 60 2
5 5 20 2
5 4 26 5
2 2 -1 0
5 3 17 3
1 4 38 2
0 5 44 4
4 3 57 5
3 0 56 4
5 0 53 0
1 2 54 5
4 3 80 5
5 0 28 3
3 4 85 0
3 5 72 3
5 0 14 1
0 5 94 0
2 3 78 5
3 2 29 5
2 2 97 1
2 3 76 2
3 5 99 2
1 1 51 4
5 2 71 2
1 3 84 2
2 4 49 1
2 2 1 5
0 5 35 4
3 5 10 3
1 2 84 3
2 2 79 2
1 1 26 0
1 4 24 4
5 5 52 4
4 1 34 5
0 1 0 5
4 5 35 2
1 5 27 2
3 1 91 0
5 2 57 0
2 1 39 0
1 4 7 2
0 3 15 5
1 1 86 3
5 1 6 2
1 0 84 3
3 3 51 4
1 3 10 4
4 3 59 3
5 2 68 2
2 3 31 1
2 4 29 5
1 2 85 5
1 4 54 0
4 5 42 2
0 4 15 2
5 5 61 4
1 3 20 0
3 4 38 4
3 0 95 1
0 4 39 5
0 2 42 5
1 0 65 0
5 2 53 5
0 5 56 3
5 1 98 1
5 3 24 5
5 2 26 4
4 3 6 4
5 4 25 0
4 0 68 2
4 0 75 0
4 0 48 5
1 5 11 4
1 1 -7 3
5 0 26 0
3 4 67 5
3 3 32 3
1 2 10 2
2 1 68 2
3 0 10 3
1 1 29 5
5 0 27 0
4 2 -8 4
0 4 -3 2
0 1 -10 4
0 0 26 2
0 4 52 0
1 1 60 3
1 4 14 2
0 5 90 4
2 4 9 3
5 1 46 3
0 4 -6 4
0 2 93 0
2 5 10 4
1 0 45 4
1 4 91 3
5 4 81 3
0 5 51 2
1 2 6 3
1 3 -5 0
3 5 68 4
0 4 0 5
2 4 52 5
4 4 33 4
5 1 21 1
3 1 22 5
3 3 38 0
3 0 44 2
4 3 57 2
3 2 75 5
0 4 81 1
0 2 88 5
4 4 9 2
5 0 49 0
2 3 11 4
0 5 86 5
4 4 83 4
2 5 67 1
0 3 94 1
5 2 -2 1
3 1 53 4
0 0 91 1
5 0 92 0
1 5 80 2
1 3 81 2
3 0 7 4
1 4 64 3
5 4 68 5
2 1 93 5
5 2 35 0
3 3 31 1
3 2 56 5
5 3 -5 3
1 5 66 0
5 0 3 3
0 1 49 1
5 2 95 5
5 3 21 2
2 4 19 0
3 1 95 4
3 1 4 0
3 3 2 1
0 3 10 5
0 1 38 2
3 5 6 4
0 5 93 1
1 5 25 4
0 1 28 2
1 2 41 5
0 3 32 2
4 0 15 5
1 2 62 3
0 3 -2 1
4 4 22 1
1 4 96 0
0 5 -3 4
4 0 58 1
5 2 31 1
0 5 16 3
0 4 -4 3
4 0 84 5
0 4 50 0
5 3 93 5
3 2 65 3
3 5 16 3
4 2 28 5
3 3 91 1
3 4 87 1
1 2 60 1
3 2 87 2
5 0 37 2
1 0 41 5
4 1 99 1
5 2 13 3
3 3 41 3
3 3 41 2
2 5 34 5
4 1 17 5
1 4 11 5
5 4 30 3
4 3 31 2
1 3 6 0
4 5 40 4
3 0 12 2
4 1 63 4
3 1 94 0
5 1 32 5
1 2 98 5
4 1 61 4
1 1 35 3
1 5 4 3
2 4 93 4
4 5 59 0
5 0 77 0
0 0 91 0
2 0 24 2
1 5 7 1
2 0 30 2
4 3 42 5
1 2 23 4
1 1 8 0
4 4 35 4
4 5 42 2
5 1 97 5
1 3 1 0
1 3 42 3
1 0 54 2
3 4 53 3
0 3 94 4
2 2 99 2
0 1 5 2
5 3 91 0
5 1 96 2
2 5 77 0
2 4 98 3
0 4 88 3
1 2 84 1
4 2 98 0
3 2 90 0
5 1 67 2
3 3 27 2
5 5 40 0
2 4 -7 4
0 5 53 2
3 1 89 3
3 0 66 2
5 3 27 4
3 3 68 1
2 5 19 1
3 2 19 3
5 0 79 2
4 0 -7 1
0 1 -2 2
0 1 53 1
0 0 -9 0
5 2 86 4
0 1 54 3
5 2 76 0
4 0 -4 1
1 5 92 1
0 5 95 0
3 5 16 0
5 0 33 5
4 1 42 1
5 3 57 1
3 2 70 4
0 3 10 0
0 1 97 2
1 4 53 1
5 0 67 0
1 1 83 1
1 3 60 4
2 4 35 5
2 1 37 2
5 1 48 5
5 2 21 1
0 0 -3 2
5 0 58 3
0 5 74 5
3 0 97 5
0 2 55 2
5 5 57 0
4 2 70 2
3 2 72 3
2 3 23 3
2 4 100 1
1 4 9 5
2 3 41 3
2 3 41 3
3 1 6 3
3 0 86 2
3 5 6 2
0 3 77 5
1 1 55 1
1 0 -8 3
1 2 27 0
3 3 7 4
2 1 11 4
5 3 38 1
3 5 -3 0
0 2 68 4
2 1 16 3
1 3 44 2
5 1 27 2
5 4 37 0
4 1 48 2
5 2 79 1
2 4 97 0
0 3 31 1
1 2 66 2
5 3 77 4
2 4 77 5
1 1 96 5
4 1 68 4
1 1 44 3
0 2 46 0
3 1 59 0
4 3 41 5
2 0 39 1
2 5 6 0
3 1 15 0
2 2 81 3
4 1 76 2
3 2 57 4
1 5 11 4
4 0 23 0
5 1 48 4
2 1 77 3
5 0 23 1
1 2 -7 5
5 3 -1 3
1 3 59 4
1 4 39 2
0 2 40 1
5 4 40 1
4 1 26 0
0 0 85 4
3 2 6 5
3 4 -7 3
5 2 34 2
4 0 61 2
4 4 -6 4
0 5 69 1
3 0 92 1
1 0 48 5
1 0 73 2
2 0 35 0
3 3 50 4
3 5 77 5
1 4 81 1
3 1 3 2
1 1 -4 5
4 0 -4 5
1 3 -5 1
1 1 95 1
4 2 26 5
5 3 -8 2
3 0 64 5
3 4 -3 1
4 0 13 4
3 0 28 0
4 2 46 1
3 1 7 0
5 5 59 2
4 2 46 1
1 4 18 1
2 2 33 5
2 3 -7 4
5 5 46 3
1 1 2 3
0 5 93 1
1 4 71 2
5 5 14 4
2 2 41 5
5 1 52 2
1 4 -7 0
1 1 85 1
3 5 33 2
3 3 56 1
3 3 52 2
5 1 -1 0
0 0 58 0
2 0 23 3
5 4 96 0
0 2 14 1
3 5 86 0
2 3 62 2
0 0 23 2
3 1 3 5
5 5 77 3
1 0 2 5
1 3 86 4
5 4 20 0
5 4 43 5
5 1 14 3
5 3 -7 3
3 3 35 0
4 0 62 2
5 2 69 1
2 0 64 1
1 5 39 0
5 0 86 3
4 5 44 1
5 5 -5 2
0 4 30 3
4 1 31 2
5 4 49 2
5 5 28 1
4 3 31 2
2 1 80 3
5 4 35 3
0 4 18 1
2 2 61 3
4 5 8 0
2 4 91 5
1 4 28 5
5 1 84 4
1 1 81 3
0 3 87 4
4 0 47 4
0 2 93 5
1 5 15 5
2 3 3 5
2 4 93 4
5 3 14 2
5 3 66 0
1 5 61 1
5 1 69 4
0 3 6 0
5 2 17 3
2 1 50 0
1 0 -8 2
0 1 10 5
0 0 18 0
3 2 63 0
5 4 23 3
2 1 23 4
4 3 60 4
0 5 44 0
3 2 29 2
5 3 85 3
4 0 36 4
4 2 94 5
3 0 32 3
0 3 18 0
0 1 70 5
5 0 40 5
2 1 56 3
0 2 24 5
3 1 58 0
0 5 4 5
0 4 39 4
1 3 20 4
3 4 62 0
2 4 3 4
3 1 89 2
1 0 22 2
3 0 66 0
1 3 43 0
3 5 79 1
3 0 23 1
2 5 54 3
1 5 39 5
0 0 8 1
5 4 52 3
3 2 77 3
0 5 48 5
2 5 50 3
3 0 21 4
5 3 -3 0
2 5 29 3
4 1 90 1
0 0 8 4
1 5 12 5
4 2 51 3
0 5 10 3
0 4 -6 1
1 2 5 5
3 0 31 4
0 0 48 2
4 4 -9 1
2 1 85 1
1 5 42 3
1 0 9 4
5 5 50 0
1 5 4 4
1 0 43 0
4 1 17 3
5 2 93 2
3 0 73 0
2 3 -7 5
5 2 33 4
1 5 90 3
4 4 88 5
5 1 17 4
2 3 75 3
4 0 36 4
0 5 88 1
5 0 31 3
2 3 62 2
2 4 57 2
3 4 44 5
4 5 52 5
4 4 63 4
1 3 27 5
3 2 49 4
5 0 18 2
2 2 55 1
2 2 90 4
1 2 97 1
2 4 64 2
2 4 37 5
1 4 88 1
5 2 11 5
2 5 50 2
1 3 54 1
