0 4 71.2199 1
2 5 49.8372 2
2 5 68.9538 4
1 5 66.484 1
3 1 59.7002 5
1 3 78.9927 3
0 2 0.018 2
5 0 86.0192 2
2 2 30.7347 2
3 5 17.3653 4
3 5 10.3234 3
4 2 6.8733 1
0 0 26.2819 0
3 0 83.5203 1
2 0 96.2794 3
0 5 49.4714 4
3 1 3.2916 3
4 5 -1.2625 3
2 3 -3.8559 2
5 2 66.3093 1
1 4 19.3493 1
0 3 98.4654 0
0 5 44.6503 4
0 2 12.1274 5
5 1 3.3914 3
1 2 55.2709 1
0 4 58.2607 1
3 0 55.4206 5
2 5 67.2891 3
4 1 85.0064 0
5 3 8.365 4
4 3 32.3257 5
0 2 81.168 1
4 4 36.8076 3
0 4 71.9146 4
2 5 -6.6701 2
5 4 74.1755 1
0 3 -5.4671 0
2 4 90.6978 4
5 5 25.0349 2
5 0 52.6615 0
4 1 62.8724 1
2 3 -2.0604 0
2 1 79.8919 0
4 0 6.2861 5
0 5 62.2842 2
0 4 64.6859 3
5 0 99.3841 1
5 5 39.5025 3
0 4 36.5363 5
4 4 76.8356 2
4 3 22.1695 5
1 5 7.9866 0
0 4 20.4291 3
2 1 71.8376 2
4 5 65.2311 4
4 5 43.6552 5
1 4 83.7566 0
5 5 -1.8506 1
3 3 25.6245 0
5 3 41.8713 5
5 0 94.7164 4
0 2 29.0185 2
4 5 -4.752 4
3 3 60.4486 2
1 4 45.3271 1
5 4 95.0251 3
0 3 99.7306 3
1 5 92.9188 4
1 4 70.7983 3
2 4 1.135 5
5 2 60.0055 3
4 0 32.7967 5
3 5 92.6235 0
5 1 53.0462 1
4 2 6.4755 2
1 1 85.6007 5
3 4 75.4063 5
5 3 69.2701 0
0 5 10.313 0
0 2 87.0413 3
3 4 78.9318 5
1 4 26.236 5
0 1 41.0998 2
5 3 93.5687 4
5 1 89.3984 1
3 3 83.487 3
2 2 7.6991 4
1 0 86.6586 2
1 1 1.3231 4
2 1 58.6379 5
2 4 -7.8171 0
3 1 85.6461 0
4 2 60.1398 2
4 2 56.0633 3
1 3 59.4316 4
1 0 46.1637 3
3 3 25.5441 5
1 0 4.0624 0
1 0 97.3796 1
3 5 68.7166 2
2 2 35.7378 0
1 3 91.5964 0
5 3 27.2178 0
2 4 88.3885 3
0 3 36.142 1
3 2 37.9145 3
4 4 89.0941 4
4 3 -4.0395 5
5 2 -5.5512 4
4 5 -6.2944 0
5 0 55.4137 1
4 2 8.1556 2
5 4 80.5429 0
1 4 60.9151 0
3 4 -6.9499 4
1 3 99.7429 3
2 3 97.148 2
1 1 99.169 1
5 4 96.9062 4
2 3 58.2298 1
3 3 84.9559 2
0 0 70.4382 3
4 4 62.4911 2
4 5 11.9606 3
5 5 77.5767 3
3 3 35.6569 5
2 4 88.4811 2
3 0 54.1695 3
0 0 51.191 0
2 1 26.441 1
5 0 89.3893 5
2 2 44.3345 1
2 2 54.0305 0
4 1 85.5965 4
1 4 15.2581 0
4 0 27.2463 0
1 5 -5.9879 4
3 1 88.3677 4
4 3 74.4377 1
5 2 -3.8428 1
4 2 75.6916 1
1 2 99.5135 1
1 4 31.7783 4
0 5 8.0311 4
4 1 -5.9636 1
2 2 53.8707 5
5 5 35.6985 4
3 0 32.7849 5
2 4 70.4001 4
1 1 69.2888 5
5 4 22.7145 1
3 0 51.1924 2
5 1 15.7971 0
1 1 86.6004 1
3 4 98.8105 3
1 3 16.3729 4
5 3 -6.0045 1
2 0 31.2711 5
2 0 -8.4403 0
0 1 7.4798 2
5 3 76.3112 1
3 5 4.5969 2
2 4 51.946 0
2 2 38.1088 4
1 1 66.1827 2
1 1 14.005 1
3 0 29.3951 4
3 4 31.2728 2
0 3 72.2625 2
4 3 3.4441 1
1 1 38.1274 4
0 2 93.5964 1
1 3 48.4548 2
1 5 79.5253 1
2 2 2.8769 2
2 0 7.985 2
2 4 33.2458 2
2 1 -8.349 0
2 5 62.5584 4
1 5 33.8325 3
2 0 50.7571 2
3 3 -2.2972 3
5 0 43.0834 5
1 4 99.8669 2
1 1 88.4778 4
5 0 36.0279 5
0 3 68.5444 3
1 4 -1.0525 1
4 4 25.2802 0
1 2 80.9985 3
3 1 35.563 4
1 2 20.3032 2
1 5 49.4569 2
3 2 79.4455 1
3 2 14.7026 2
5 2 63.3614 2
1 1 61.3076 3
1 2 78.1891 2
4 5 5.8915 0
1 0 47.0423 2
2 5 16.4066 2
2 3 39.6003 2
4 3 64.691 5
1 0 13.9258 0
0 0 7.6551 3
2 3 72.8706 3
2 0 46.8536 1
0 1 4.2133 5
3 4 59.5131 3
5 1 59.0028 2
5 3 -7.5137 0
4 1 19.6508 0
4 5 30.6345 1
5 1 95.0829 2
5 0 -0.5938 3
5 5 2.8398 2
5 4 31.9948 5
0 2 45.5063 2
3 4 79.6319 2
1 1 41.7256 1
2 3 22.0747 3
5 1 60.8709 4
0 4 62.9889 3
0 2 67.9736 5
1 2 81.8092 2
0 3 65.042 3
1 4 8.1232 5
1 4 60.0733 2
5 1 76.1486 1
1 0 83.0217 3
5 5 48.1036 1
0 5 23.2679 4
2 3 61.4897 5
3 4 71.6219 0
5 3 68.5942 0
3 0 78.0532 1
3 1 68.367 2
3 2 57.8662 3
3 2 32.723 1
1 3 -2.2145 2
3 2 43.3225 1
3 2 38.0581 2
3 5 4.9961 1
4 4 72.1718 3
2 4 36.3462 0
1 4 7.6544 2
5 1 1.3838 5
3 3 28.963 0
4 0 88.754 0
3 2 45.2671 4
5 1 36.2082 4
3 1 -8.3858 0
2 0 -9.8599 3
2 3 41.5498 1
4 0 63.7095 1
3 2 92.7086 5
3 1 50.0963 5
0 5 33.8761 4
2 2 41.2527 2
3 1 21.1721 1
3 0 52.6106 4
2 5 -7.9424 2
2 0 35.999 0
1 3 21.8431 1
4 5 72.9903 4
1 2 64.3935 5
2 2 -3.0652 4
2 5 18.9798 5
1 0 23.3002 4
5 1 68.7799 4
1 5 -7.3106 5
3 2 82.7125 3
5 3 22.9937 0
3 5 15.216 3
4 3 -1.3539 0
1 3 74.3331 0
4 5 70.5027 1
2 5 94.0185 5
1 0 38.4578 3
5 0 56.0511 5
5 5 89.7579 2
3 1 23.4554 2
0 2 56.3579 3
1 5 -0.4326 0
1 1 71.2583 2
3 2 82.3409 5
1 0 97.6557 0
0 5 34.6807 2
3 3 57.0567 1
3 5 26.5167 4
5 3 29.7301 0
2 2 50.9365 5
4 4 96.4334 4
3 0 47.5266 3
5 0 86.1587 0
0 1 11.4824 3
5 4 70.2025 5
1 5 54.2576 3
2 2 7.1908 3
1 5 9.7215 4
3 2 55.5977 1
4 2 89.3546 2
4 0 -3.5658 3
1 0 -1.3624 4
5 4 39.1958 5
3 2 17.8757 4
0 5 32.2847 3
1 4 83.3862 4
4 3 91.1032 3
3 3 15.3627 1
0 0 57.6249 5
2 2 15.3548 2
5 1 -3.6805 5
3 5 73.6839 0
0 3 29.0822 1
3 2 32.6275 4
1 0 85.0282 4
5 4 -7.0581 1
5 4 96.8505 3
3 5 55.2982 3
5 4 -1.2742 4
2 0 64.0321 2
1 2 96.2656 0
3 1 60.2247 4
3 5 91.179 2
0 3 63.3987 1
5 5 25.7101 2
5 4 41.2053 3
5 3 78.3097 3
5 0 62.6555 3
4 5 87.5708 2
1 2 34.7512 2
1 0 29.2888 4
3 2 86.6045 5
5 2 40.1797 2
1 1 34.2956 4
0 4 48.4864 4
1 2 58.2465 1
5 3 73.7393 4
2 0 66.3723 4
3 1 62.8121 0
3 0 99.9598 2
2 4 36.5571 2
5 5 23.675 4
2 4 23.8686 4
1 0 -9.0888 0
1 0 66.5275 0
5 1 42.1761 3
1 0 20.7289 0
0 3 63.668 4
3 3 94.377 2
2 3 88.1631 0
4 5 22.3478 1
4 2 47.8163 2
3 2 75.6996 5
2 0 24.4023 3
2 5 66.9844 0
3 0 34.6549 1
4 0 -1.6047 3
2 4 87.4878 0
5 3 34.8235 0
4 1 64.7926 3
0 1 92.7959 0
2 0 67.2518 5
2 1 20.0137 4
3 3 17.8856 0
5 2 31.4663 0
0 4 64.0237 0
4 2 67.8423 3
5 3 18.2245 5
3 0 16.9943 5
3 2 91.6019 4
0 2 2.4796 5
0 4 93.3715 5
2 0 52.7711 4
4 2 15.5108 0
5 1 77.1939 3
0 4 46.9559 5
3 1 90.2219 4
2 1 92.3343 4
4 3 9.1702 4
3 2 63.981 1
5 4 21.3209 3
0 1 14.9163 1
1 5 82.1989 5
4 3 88.341 5
0 3 7.9921 4
4 2 65.1928 1
4 2 86.4061 0
3 0 30.6137 4
1 5 78.8156 1
4 1 66.4643 5
1 3 97.8467 2
5 2 25.8896 1
4 4 38.0784 2
5 3 37.4916 5
3 5 95.627 4
5 3 2.8838 0
1 4 12.0169 2
2 2 7.3055 5
2 0 -1.5163 0
1 2 92.0402 0
2 5 26.0959 4
4 1 34.6596 3
3 0 34.1103 2
2 3 85.0203 2
4 1 62.4196 4
1 4 84.8551 0
5 0 70.2563 4
0 4 88.6173 4
3 3 43.5288 2
0 0 89.3978 0
0 0 96.5882 4
1 3 61.568 4
0 0 -9.6584 0
2 3 54.5562 3
2 0 37.8243 4
4 2 41.995 2
5 4 18.2809 0
1 5 22.8249 0
0 4 40.4303 1
1 4 63.6235 3
2 5 12.9743 0
0 0 46.0439 5
4 0 56.432 3
4 4 38.8058 2
4 1 9.2091 4
1 1 70.1556 3
0 3 -9.8954 4
0 3 14.1069 4
2 3 15.3055 1
2 0 24.2558 3
5 2 26.3479 1
3 0 72.345 3
0 4 98.8627 1
1 0 64.9174 2
3 2 0.2719 1
4 2 98.6237 0
3 5 85.8709 1
5 0 26.0696 2
0 5 71.2383 3
2 4 -1.2552 3
2 2 75.0676 4
4 0 34.6075 0
1 0 90.5806 3
3 1 12.961 5
3 0 45.657 3
1 0 3.4466 2
5 0 60.5214 1
5 3 55.8741 1
0 3 96.429 4
4 0 47.6819 2
2 5 78.0764 2
5 4 8.2717 2
4 3 82.708 4
0 4 34.8492 1
5 5 -4.3033 4
0 4 56.2543 5
5 1 55.8372 1
0 4 98.9213 1
3 4 17.5542 4
5 2 77.0064 1
1 4 96.6975 1
3 0 76.7119 4
1 0 16.9599 5
0 2 48.5814 5
4 0 57.202 0
4 0 -7.1163 1
2 1 15.7498 4
0 4 76.6074 3
1 5 19.2543 1
2 2 -6.1868 3
5 5 21.1683 3
3 5 0.2762 0
0 5 34.6798 0
5 0 20.6939 2
1 0 1.9659 0
5 4 66.5994 2
1 3 11.0836 2
5 0 -0.2499 2
3 4 10.789 3
2 5 -6.0505 5
4 5 96.4207 3
4 1 56.782 5
3 0 99.9362 4
4 4 40.1246 5
0 3 4.7008 1
1 0 67.0452 3
2 5 62.5153 5
1 5 -4.3961 4
4 3 49.5747 5
1 3 29.9557 4
3 0 89.818 4
3 3 -5.6993 1
3 5 99.5854 2
4 4 28.0983 2
2 3 5.2509 3
4 2 79.2845 5
1 5 13.2641 3
0 5 23.3491 3
2 2 -5.5715 4
0 0 46.8922 4
4 1 32.2395 5
1 5 23.1884 0
0 4 41.4501 4
0 3 -8.0845 3
2 5 70.68 0
3 4 70.1863 3
0 3 8.327 1
4 4 57.7109 5
4 0 9.1378 3
4 2 55.0468 4
2 0 83.7231 4
4 2 49.268 2
0 1 91.8631 1
5 3 74.7976 4
2 5 52.1363 2
1 5 75.7998 1
1 4 99.4835 5
5 0 85.5831 0
3 0 75.3129 5
1 1 6.4436 1
1 3 54.8785 2
1 4 49.3805 4
2 3 40.3819 5
1 1 48.4943 2
2 3 69.927 1
1 0 67.6263 1
0 4 -2.2567 3
3 0 59.6768 1
0 3 12.8826 5
3 2 -6.4671 3
3 3 68.0823 0
4 4 51.5495 4
4 1 61.6646 2
1 5 32.9478 4
2 5 24.339 2
2 1 67.0156 5
0 4 19.94 0
2 5 26.5267 0
2 5 83.0847 3
1 1 35.216 1
1 5 50.5641 1
0 1 64.5267 1
3 4 76.7265 0
4 3 36.6491 5
1 2 6.2388 4
2 1 72.6051 3
5 5 10.2248 2
4 2 47.8007 5
1 0 94.1065 3
2 1 8.0066 5
2 2 50.3186 3
4 5 92.3349 3
5 1 37.2502 5
1 2 3.2647 2
4 5 63.3236 4
0 1 50.758 5
2 2 -6.5557 4
0 0 5.4557 5
3 4 6.9781 2
4 0 84.5744 2
1 5 23.8954 3
4 5 -3.3027 4
1 5 87.4754 1
3 1 46.464 3
0 1 -6.8687 2
4 5 38.4265 0
4 4 1.3533 2
0 1 83.6989 3
5 5 31.9484 2
3 1 64.187 0
5 0 86.7145 5
1 0 88.3023 0
4 2 42.029 4
5 0 76.1218 0
5 5 13.7548 4
5 4 39.7305 1
4 0 52.8859 0
3 5 19.128 1
4 4 58.6417 3
0 2 58.8323 5
3 3 17.3422 5
5 4 77.7651 0
2 1 23.43 0
3 2 25.7512 3
2 4 9.6139 4
3 4 90.4295 3
3 3 42.9977 0
4 4 41.639 3
0 2 28.5777 4
5 5 74.6763 5
5 1 63.0902 5
1 0 53.09 0
3 4 65.9258 3
3 3 64.6763 1
3 4 4.0281 3
3 2 7.1546 2
2 3 -3.9059 0
0 1 98.3765 5
0 2 73.3601 1
1 2 38.9407 0
0 4 23.4851 5
2 0 52.4523 5
4 3 -6.8369 0
1 5 2.1932 5
1 1 19.7261 2
0 5 66.8201 5
1 4 3.2789 1
4 0 23.6858 4
3 1 55.2899 3
1 4 -6.3594 4
4 4 -9.0783 2
4 2 4.4947 1
3 0 38.4948 2
1 4 90.1116 5
2 2 45.7801 2
0 0 52.5783 4
4 2 5.5965 3
5 2 10.6624 0
2 4 49.7195 3
4 3 75.2935 1
0 5 26.8479 2
2 5 31.6316 5
4 2 12.5457 0
2 5 64.809 0
0 2 16.4907 5
5 4 88.3902 4
4 4 94.2661 0
3 2 5.2185 4
5 1 26.2689 3
2 5 -6.8684 4
0 0 83.4399 4
5 5 50.4999 0
1 3 -2.3073 5
4 2 19.6556 4
1 3 74.6464 4
5 4 38.8154 5
4 5 -6.1131 1
1 3 39.2422 3
5 5 68.1637 0
3 4 73.6399 5
1 1 -8.446 1
4 2 69.0029 3
0 5 3.2117 5
0 3 11.8081 0
5 5 15.2059 1
5 2 78.2174 1
2 4 6.068 4
2 2 34.5005 3
2 4 48.7587 0
3 4 97.3492 0
5 5 74.6249 4
2 5 76.0025 1
1 3 64.5974 4
0 5 3.9693 1
4 0 10.8417 2
3 2 79.3496 5
0 0 8.7929 3
2 1 27.2135 4
4 2 37.8862 1
2 1 -1.8229 3
5 0 44.8045 4
0 2 91.2888 4
1 0 59.4563 2
2 5 3.5976 4
5 1 67.5638 5
3 2 26.0402 2
1 0 37.6494 5
2 0 -3.1992 3
1 4 16.5553 2
3 0 34.9226 1
5 2 11.3461 2
2 4 9.3404 4
5 5 -4.651 2
4 0 15.9793 1
4 1 17.7452 5
4 4 23.1229 1
1 4 38.1362 0
5 0 53.7411 5
1 4 58.6039 0
0 4 53.1535 0
5 1 -2.4198 5
5 3 16.5649 5
1 2 81.0247 2
3 2 89.8412 5
5 0 0.8857 3
4 3 52.1821 0
0 3 59.0233 1
2 4 67.3946 5
0 0 50.6833 3
2 4 39.5179 1
4 4 60.7605 1
4 2 7.0121 4
1 0 28.9866 3
3 4 37.576 2
3 3 42.3419 4
5 5 82.967 4
0 0 22.2499 0
4 0 64.5746 0
2 5 76.1543 1
5 1 68.3234 1
5 2 -1.92 2
3 5 56.1894 3
4 0 53.8997 5
1 2 74.2862 0
1 2 89.6709 3
5 0 45.4278 5
4 5 70.603 0
2 4 33.9878 5
0 1 14.4302 1
2 0 57.7913 5
0 3 83.8907 1
2 2 -5.7566 2
4 2 43.2983 3
4 1 64.6623 4
2 1 48.5153 3
4 5 14.6636 5
0 3 18.4031 3
5 1 16.376 1
3 3 35.9084 2
2 0 77.9527 1
2 0 56.3966 2
0 0 33.6702 3
4 1 84.1275 3
4 1 23.2102 3
2 1 17.6814 2
0 5 45.5035 0
2 5 65.5084 2
4 4 -8.3467 4
3 0 98.1188 3
5 5 -1.534 4
4 4 80.2426 4
3 2 -7.4914 4
4 3 19.8515 5
0 0 -1.0634 3
2 1 68.9628 2
1 1 58.1459 4
2 4 76.4668 5
3 2 45.6121 0
3 2 11.2903 2
0 3 99.7727 5
0 2 94.1645 4
4 2 46.4325 4
0 0 41.7168 1
0 3 70.801 0
5 4 38.4908 1
3 0 73.4687 4
2 0 12.2997 1
1 0 98.6609 4
2 5 62.2208 0
4 1 77.9093 0
1 2 31.047 5
0 3 73.6752 4
5 2 5.4546 4
3 2 6.7371 5
3 4 14.9693 1
3 1 31.0252 4
1 3 32.9548 3
3 2 44.4298 4
0 3 29.928 5
2 1 10.1214 4
1 5 75.7216 2
5 2 90.4566 0
5 4 30.9707 0
4 2 29.228 0
0 2 -1.4998 0
3 0 82.7171 0
4 3 55.7557 4
2 3 29.6474 0
4 2 41.4771 0
1 5 18.1199 2
3 5 29.3415 0
4 4 8.0277 3
0 4 53.9443 1
3 0 36.3342 4
2 4 70.0932 4
2 2 87.7709 2
1 4 25.2765 4
1 3 91.3241 0
0 2 78.8276 2
4 5 67.9728 2
2 2 77.4512 5
3 1 14.5799 5
3 2 94.2392 0
1 5 42.6456 2
1 4 50.469 2
2 2 77.9656 2
0 4 59.1276 0
5 2 14.5859 2
1 1 29.8567 1
2 3 92.7649 5
0 4 32.3554 5
4 2 21.7076 2
1 3 37.2395 2
2 2 94.3168 0
3 3 53.1562 5
3 0 88.0726 1
3 5 87.0068 5
1 0 25.2938 2
0 4 78.9598 1
2 5 78.1914 3
1 3 23.5502 5
4 4 80.6595 3
0 3 0.6399 4
2 1 28.7205 1
3 3 27.8195 4
4 5 63.7038 1
5 2 72.9464 0
0 4 88.0543 1
3 4 69.4199 3
5 1 -6.7352 3
4 2 41.1864 2
3 3 -2.5353 3
1 0 46.0759 3
1 2 40.0216 5
3 1 84.2721 1
2 4 65.4212 0
2 5 74.4966 2
2 3 17.992 3
0 2 63.3489 2
1 1 33.1446 3
3 0 5.1377 1
0 0 94.5044 3
4 3 38.4908 5
3 2 70.3987 4
1 4 44.5375 2
1 1 86.636 3
2 2 53.7884 1
3 5 74.1424 4
3 3 23.368 5
3 1 82.7026 0
3 4 94.5144 0
1 0 -2.5252 5
0 3 71.6155 4
1 4 50.6576 3
2 5 55.9705 5
0 1 37.4003 0
1 3 25.6871 4
3 1 15.7895 4
4 2 40.9427 3
3 0 97.1594 5
1 0 38.3064 1
2 2 -1.9078 4
3 1 45.5197 2
4 0 20.6311 2
5 2 41.1687 3
4 0 83.7791 1
2 0 87.9092 1
5 3 62.1254 4
2 4 41.69 3
3 1 44.7183 5
4 2 92.8276 3
4 5 44.9615 4
2 5 34.722 2
0 1 4.3992 1
2 2 97.8565 1
4 1 50.5748 1
1 1 0.1346 2
4 1 -4.7316 5
2 2 42.2065 2
0 3 95.2872 4
5 4 14.0556 4
3 2 -5.7758 4
2 4 9.2971 4
3 4 15.0141 2
3 3 59.3193 5
2 1 18.2216 3
1 2 33.9701 5
1 5 -3.7651 1
0 5 46.7073 2
2 4 39.5223 3
1 5 95.3131 0
3 0 35.0231 1
2 3 17.8428 3
1 5 34.4204 5
1 4 70.9046 0
0 1 65.5512 1
1 1 77.3747 5
4 4 90.4328 0
4 3 15.9372 1
5 5 66.2197 3
1 5 15.5347 3
3 5 55.5732 3
2 5 40.4927 0
3 4 39.3465 0
2 4 13.6747 4
2 2 10.9571 4
2 1 72.014 3
3 2 16.2238 4
4 2 41.2919 1
4 2 -2.3137 5
4 1 45.4552 0
2 2 9.7333 3
4 2 3.1944 2
5 4 87.656 4
3 4 43.1363 1
5 4 72.9035 0
5 5 55.0968 2
5 1 1.2486 5
0 0 43.1064 4
4 0 39.5633 1
2 1 11.5199 5
3 4 9.189 0
5 4 15.1963 2
3 4 53.2588 4
0 1 27.1394 3
4 1 9.9431 5
0 1 30.1125 3
5 1 99.0778 4
3 5 51.9574 5
4 1 55.0989 0
1 4 -1.0724 4
5 4 55.2007 2
1 0 92.9316 4
5 3 5.7264 5
1 4 22.773 3
5 4 -7.9105 1
4 0 82.9275 0
2 2 58.5905 2
4 2 51.5371 5
0 5 -3.8314 0
2 2 15.49 4
2 2 55.0637 0
3 3 21.7359 5
3 5 17.603 3
2 1 18.0892 4
1 1 -6.4126 1
2 3 78.2861 5
4 2 74.9632 4
3 3 9.6384 5
5 2 52.543 2
4 2 37.5927 0
0 3 80.2896 0
5 5 76.7016 2
3 3 52.0045 5
3 5 93.7484 3
4 5 36.3121 2
1 4 60.2312 4
4 0 -5.5799 3
2 3 -3.6569 3
4 0 76.7575 1
2 4 41.3725 1
3 0 12.895 1
2 5 41.8447 3
5 1 1.2844 5
1 3 92.2006 3
5 5 38.1746 1
1 2 38.5278 3
3 4 64.1972 4
1 3 38.8482 0
2 2 58.7597 5
5 5 40.5534 4
0 0 8.595 4
0 3 90.2558 2
0 2 36.5345 3
5 1 19.9111 0
2 2 65.7824 2
4 5 6.9339 1
4 3 81.3628 1
2 0 63.1197 2
4 5 41.1019 5
4 3 64.2282 0
3 1 7.2514 5
5 4 68.9513 4
2 3 39.5898 3
4 0 33.6734 4
1 4 12.2317 5
2 1 -9.6517 1
5 2 24.5551 4
0 5 87.9421 1
2 5 27.0135 0
0 0 29.8846 2
1 1 84.4266 4
3 2 85.3778 3
1 5 70.972 2
2 1 86.6935 1
0 2 21.7631 5
3 3 -5.4969 5
4 1 88.5489 5
1 3 75.636 3
5 4 96.0423 2
0 3 37.1019 5
1 2 9.0729 0
2 3 17.4809 5
1 4 60.2892 2
4 3 45.1665 1
1 4 94.5035 5
5 1 46.2314 2
2 2 16.703 2
2 3 46.0149 4
4 2 -0.9095 4
4 5 83.8368 5
0 4 5.0994 5
1 0 94.1943 4
5 3 1.5755 1
1 3 95.1118 4
2 5 73.7306 1
0 4 55.6726 1
