4 0 53.587 3
1 5 9.279 3
1 1 64.5056 5
3 0 71.6329 2
4 1 29.4568 3
3 0 35.8674 2
3 3 46.7496 0
5 0 23.1961 1
1 5 13.7416 3
1 3 -3.5643 3
1 5 97.6017 4
5 5 5.661 1
1 3 60.1491 0
4 5 30.4414 0
1 3 87.506 2
3 3 34.8384 4
2 5 -5.9955 5
0 3 64.7682 1
3 5 7.5092 1
0 4 54.8465 2
3 2 78.4342 4
0 3 84.3251 0
5 2 36.8256 1
5 1 81.8079 3
3 3 79.2679 4
5 4 94.7 4
1 2 68.0245 0
2 4 67.9555 2
5 4 53.6958 2
3 4 3.4578 4
1 1 57.6837 3
4 2 70.1445 2
4 4 85.9341 3
5 0 24.112 4
1 4 -6.294 0
0 5 86.4157 1
2 3 2.4202 1
5 4 85.7869 2
2 0 77.5912 0
1 5 11.5114 1
0 3 82.4017 3
3 4 87.9883 1
3 3 69.0251 0
0 4 28.6137 5
0 5 91.9998 2
4 4 2.5458 1
1 4 35.6445 2
2 3 47.7171 0
1 1 99.933 3
1 5 54.38 5
0 5 19.8223 1
2 4 12.756 1
4 2 -2.8885 2
4 3 -7.3741 0
5 2 36.1725 5
3 5 69.0412 5
5 2 91.6019 0
3 5 9.1268 3
4 4 88.3135 1
2 0 61.1702 4
4 2 38.8816 3
1 4 35.1988 0
3 4 16.8786 4
5 3 15.8644 2
0 5 5.1384 2
1 3 86.668 1
5 4 80.8621 0
5 0 23.8605 4
3 3 35.8317 0
4 0 14.0266 4
1 2 23.9696 5
1 5 75.3404 3
5 5 18.7215 1
0 5 73.8715 0
1 0 12.1395 2
5 2 67.6125 4
5 3 10.2015 0
1 5 73.9528 4
3 0 4.8664 5
3 5 21.0574 5
0 5 58.7913 2
0 0 9.3008 0
4 0 54.8186 5
3 3 98.4462 0
4 4 47.9082 3
5 2 52.0566 2
5 1 54.8803 1
4 5 68.8124 2
1 2 -0.3995 0
2 4 54.1515 3
1 2 37.0264 4
5 0 8.2969 1
1 1 47.2555 3
3 1 55.0976 5
2 2 34.4748 5
5 3 -7.1142 5
4 0 64.8131 0
0 1 79.8817 2
4 5 42.4022 4
4 0 90.1883 3
2 1 17.7463 4
3 5 39.7587 1
5 3 62.4019 0
4 3 26.9073 5
2 1 32.043 0
4 1 25.9912 5
4 2 64.0942 1
0 0 98.8363 4
2 4 51.1899 3
4 5 46.1965 4
1 4 13.7139 0
0 5 91.924 1
5 1 64.638 0
5 2 58.12 3
5 2 99.7507 3
5 5 93.7306 0
5 1 46.5838 2
4 2 58.7604 4
2 1 -4.9317 0
4 2 47.3981 3
5 2 88.7096 2
4 3 48.0569 0
1 5 76.2349 2
3 5 -5.398 1
4 5 4.2228 0
3 2 45.5115 2
3 4 54.2817 0
2 0 83.2417 0
1 3 11.0192 1
0 0 39.5867 5
3 4 86.913 4
4 1 2.2488 0
1 4 24.1962 2
1 4 57.5409 2
1 4 69.1859 3
0 4 64.1124 1
0 3 80.076 3
2 4 94.1281 1
2 1 24.9061 2
4 2 44.2056 3
0 5 39.0567 4
0 2 74.9664 3
1 1 28.8136 0
5 0 -0.2284 0
0 5 73.2515 5
3 1 65.2369 1
1 0 57.8433 0
1 0 70.75 4
3 1 82.1075 1
3 1 41.0093 1
3 1 89.3412 2
5 4 -9.3182 4
4 3 16.6176 2
0 3 28.3629 0
5 2 19.6476 1
3 0 71.0269 1
1 3 27.783 3
5 3 -3.8456 2
5 3 2.2238 4
2 5 98.1144 4
4 3 32.0837 2
5 1 -8.3578 3
4 0 59.9917 3
1 2 -5.8424 3
3 3 77.7908 3
4 0 70.4308 5
0 0 77.3856 2
4 3 82.1121 4
5 0 82.4427 3
5 3 45.4816 3
2 1 39.6472 4
0 2 85.0315 0
3 4 -6.9422 4
3 2 25.502 3
0 1 88.7138 5
5 2 90.7081 2
4 1 43.2598 1
1 3 8.4546 5
0 5 -9.1871 0
0 2 1.408 4
1 0 0.8688 1
3 4 50.8248 5
3 0 -9.3693 4
0 0 -8.0708 5
1 4 50.3461 0
0 3 45.3428 1
1 0 62.821 5
5 4 10.9853 2
3 5 62.274 1
1 1 36.2373 5
4 1 96.9744 0
0 2 -6.0401 5
3 2 94.8391 2
0 4 64.5039 5
1 3 -7.271 5
2 0 9.4515 1
1 4 43.962 2
3 0 67.1748 2
4 0 86.7959 3
2 5 62.32 5
4 3 -8.1144 3
2 0 -4.0535 0
4 2 22.399 3
3 2 46.841 1
3 2 24.3887 3
1 2 25.324 0
3 0 47.9901 0
3 4 58.7208 1
3 5 31.0536 1
3 1 55.7221 2
1 2 95.1779 2
4 0 58.0205 0
2 3 97.7316 2
4 5 96.6272 0
4 2 -3.622 1
0 3 27.014 1
1 5 38.7571 0
2 2 23.6012 5
4 2 45.6499 4
4 0 75.9957 3
4 3 -7.4771 2
2 0 1.6814 2
2 4 20.5358 0
0 1 86.9751 2
2 1 87.1871 2
2 4 24.3137 2
1 2 33.9286 1
1 2 34.7928 0
5 4 33.6055 4
5 0 67.403 0
4 1 2.8077 2
0 2 5.1819 2
2 1 47.7143 4
2 3 85.0104 1
1 3 -0.919 0
1 3 97.151 1
3 2 20.1679 3
1 4 11.4715 5
1 1 68.3029 5
4 2 12.4594 3
5 0 87.8023 0
1 1 65.5006 5
3 4 74.555 2
3 5 48.1247 4
0 5 79.8886 1
5 1 41.1549 2
4 1 45.6552 0
5 3 64.9277 0
4 3 34.0387 3
2 3 0.7059 0
1 4 44.8463 5
2 2 79.0567 3
3 2 39.5635 0
4 0 51.7485 1
3 3 32.8543 3
3 4 21.0728 1
2 1 64.6769 0
3 4 28.8572 5
4 1 0.0045 2
2 0 72.7952 2
4 4 10.5436 3
5 2 -4.1555 4
5 0 67.7561 3
4 5 46.5854 0
5 4 64.9193 3
0 3 98.6503 2
2 0 74.6457 1
5 2 93.0052 0
0 4 34.1675 3
2 0 -6.033 2
5 3 42.1108 0
2 5 22.5608 5
1 2 83.3309 3
3 1 12.4125 2
3 3 12.5548 2
0 0 75.5656 3
1 5 78.3455 5
2 3 26.7531 4
1 0 41.73 5
0 1 57.7831 4
4 0 32.2258 4
0 3 32.5084 0
5 3 29.0706 2
2 2 0.4707 5
2 1 33.2106 4
0 2 42.3689 0
4 4 71.8758 3
4 3 39.861 4
1 3 47.3748 1
3 3 74.3351 2
5 2 82.393 3
0 2 63.7175 4
1 2 13.3569 4
2 3 48.2528 2
5 3 98.7278 4
2 4 46.6828 0
4 1 91.4054 5
0 0 37.3573 4
4 2 23.7766 4
5 1 22.405 3
4 1 46.6001 4
5 0 -0.7532 3
0 1 69.163 0
2 4 2.1513 3
3 1 11.2991 3
5 1 3.4625 5
4 3 6.1103 4
3 1 -3.9602 0
2 0 46.068 4
0 0 69.0073 5
5 3 31.9697 1
2 0 67.1007 4
4 3 -6.4204 0
5 1 15.1218 5
1 3 88.0028 0
5 2 1.0543 3
4 0 32.4828 4
2 5 40.4542 4
2 4 43.0866 4
4 3 61.2642 3
2 5 87.6695 3
2 3 95.4526 0
3 1 85.9384 0
1 4 36.8035 5
4 0 40.9431 5
3 3 82.0169 4
2 3 68.3602 1
0 1 84.8123 3
2 5 57.6154 0
5 0 14.324 0
4 1 21.6964 3
0 0 32.5541 3
2 5 43.6475 2
1 3 31.5392 3
3 5 -8.8975 0
5 1 93.6612 4
0 0 12.3928 4
2 3 -8.7857 4
4 3 89.1807 1
2 1 -2.2231 3
2 0 84.0121 1
1 5 24.7324 2
3 5 -3.0056 0
3 3 31.5431 5
4 5 64.3132 4
2 2 74.4983 2
4 3 84.7368 0
1 0 70.4841 2
2 5 36.9095 3
5 0 85.2799 5
3 5 79.9552 5
3 5 68.9855 3
2 1 17.6157 5
4 1 7.1765 0
5 3 -0.2691 3
3 2 33.7433 2
3 4 15.8131 1
1 4 72.1222 1
5 4 72.4863 0
0 3 8.0235 2
5 1 41.0602 3
5 5 93.3938 3
3 2 -4.4713 0
4 5 87.1146 4
0 4 12.2472 1
5 1 84.4832 0
4 4 -3.1004 0
4 1 55.4103 1
2 1 -8.431 5
3 3 64.372 4
0 2 49.3098 0
4 5 53.8251 1
3 2 45.1599 2
2 2 16.4069 3
1 1 4.7859 0
5 4 2.6633 0
2 1 40.2204 2
0 3 64.9517 2
3 3 43.1097 2
3 2 82.9642 2
5 1 31.6756 5
1 0 87.6048 4
2 2 11.9628 0
4 4 77.5493 5
3 5 65.9603 4
0 0 36.297 4
4 4 86.0608 4
3 5 51.1287 1
5 5 76.4139 5
1 4 34.52 4
1 4 0.5489 2
2 4 30.7377 3
3 4 43.9194 0
1 3 48.934 3
0 5 36.6838 4
3 3 -6.3801 3
4 3 90.61 1
3 3 97.2869 5
4 3 77.048 0
4 4 1.1407 2
5 5 50.755 3
1 0 44.175 1
4 1 31.847 0
3 5 41.7106 3
2 1 82.3686 4
3 5 16.4381 0
3 5 12.7261 5
5 4 69.6762 2
2 2 51.0423 4
5 0 46.2296 3
2 3 61.9611 1
0 4 84.2833 4
4 1 -2.2661 4
1 4 71.7861 2
3 2 -9.8148 3
2 3 58.6917 0
4 1 89.989 5
2 0 23.1016 2
4 2 9.1802 3
0 0 48.4406 1
5 0 19.2322 2
5 1 82.1895 1
3 1 42.3574 4
5 5 47.9716 1
1 2 74.309 4
3 3 39.8983 4
2 5 33.2262 4
5 0 14.233 4
4 0 42.0781 0
3 4 -0.7585 4
5 0 -8.1297 1
3 4 38.3971 2
3 0 -6.3739 4
1 4 92.5809 0
2 0 29.9129 1
2 0 42.4139 4
0 2 31.3021 3
3 3 51.9532 5
0 4 52.1533 3
5 1 83.266 3
4 2 39.0159 5
4 4 5.3574 1
3 0 46.2007 3
5 4 25.5314 0
5 0 -3.6826 0
4 4 97.3281 3
5 3 96.7124 5
4 0 98.9048 3
2 2 24.103 1
1 5 -4.0869 1
2 0 72.8888 0
0 4 4.2487 4
4 0 84.4611 1
4 3 94.7738 1
1 0 80.8013 2
0 1 25.7226 0
2 1 64.139 4
0 0 -1.0899 4
5 5 57.0769 3
1 2 65.6729 0
1 3 15.7999 2
3 2 74.2915 2
4 4 89.2503 2
2 4 9.531 2
2 5 80.3843 4
5 2 70.5236 4
4 4 38.8908 4
5 5 77.553 0
0 3 19.8085 4
0 4 90.9395 2
0 0 -8.0547 1
0 1 92.8079 1
5 2 19.4015 0
5 0 6.0126 5
2 2 28.9651 0
5 0 52.0076 4
2 3 10.5296 4
0 0 50.7758 3
0 2 53.6187 5
4 2 48.2453 3
5 2 3.5162 1
5 0 61.8601 4
5 1 90.7661 1
4 5 4.6418 4
1 3 28.1962 2
1 3 -1.8356 2
2 1 27.4331 1
5 4 78.6928 3
5 2 69.7214 3
2 4 33.2011 5
1 0 33.2658 5
5 4 64.4098 4
3 3 66.1947 0
2 4 77.1033 2
0 3 48.9582 5
2 1 23.3062 2
1 3 0.1739 4
0 4 -8.122 5
5 2 63.3646 2
0 3 40.2851 3
2 1 25.8005 1
2 2 7.2021 0
1 1 0.4703 3
2 5 -8.1324 0
3 4 59.4471 1
0 3 45.3133 1
3 1 73.7321 5
2 0 62.427 1
0 4 86.1052 5
5 5 46.0085 5
1 1 22.0334 2
1 3 71.5819 1
3 0 50.0965 1
1 1 86.4683 1
0 2 11.6635 4
3 1 27.3475 2
5 5 72.6356 1
0 2 13.6796 2
3 1 67.6693 3
2 0 88.1451 2
5 0 4.5623 5
2 0 -8.9756 0
2 0 38.8437 2
4 4 64.0674 3
1 0 72.3739 3
0 2 30.1979 2
4 3 54.3072 0
2 0 83.2744 4
4 1 41.3244 2
0 5 90.8962 1
0 1 86.1956 3
0 3 50.9392 0
4 1 67.9656 3
1 1 92.3014 5
2 5 97.6902 1
4 5 42.1986 3
4 5 87.3073 1
1 1 -3.8992 4
5 3 54.083 5
3 2 23.1311 2
0 1 88.3212 0
1 3 4.8419 4
3 5 -5.4213 3
5 4 48.4168 2
1 3 50.6688 1
5 1 18.0018 3
1 4 19.3546 4
2 4 27.4513 1
3 3 57.5851 1
2 1 -3.916 0
0 2 46.1518 4
4 2 78.9982 1
0 3 0.1843 3
3 1 34.0051 5
4 3 34.1472 1
2 3 1.9482 0
5 3 26.281 1
2 4 37.9582 3
2 3 25.205 4
2 4 17.4296 4
1 1 67.6345 1
3 2 80.0932 3
2 3 29.9269 5
2 5 90.6257 0
5 4 90.3219 1
4 0 74.2976 5
2 2 55.4444 0
4 3 48.6596 3
4 2 13.4658 0
2 2 32.4611 0
0 0 42.3614 1
5 0 46.0723 3
3 4 8.9222 3
0 1 -8.0522 3
3 1 63.9213 5
4 2 49.9932 0
4 5 50.1969 4
3 1 58.7138 0
4 5 -8.9711 2
2 1 13.458 2
0 5 28.5651 3
4 0 60.5639 4
2 1 60.3468 5
1 3 14.1775 5
1 1 12.5274 3
1 4 89.1175 4
1 5 84.61 4
5 0 4.6905 2
3 1 61.8261 3
0 0 13.8766 3
0 1 38.0252 0
3 4 -7.1859 5
2 4 14.7088 1
1 5 97.0176 2
0 5 5.374 1
0 2 90.8378 1
0 2 30.5993 0
5 0 6.1265 0
3 5 14.8424 3
2 5 9.3388 0
3 4 4.2851 4
4 2 17.1788 5
0 4 -5.6871 2
5 2 26.2109 3
1 2 24.5499 5
2 4 95.3334 2
0 0 92.9249 4
0 1 39.0456 1
1 0 28.0664 2
3 3 35.6703 3
2 1 -0.4446 5
0 5 59.0053 1
2 4 34.5177 4
5 5 51.7763 5
5 2 95.2401 4
0 2 -8.6391 3
0 4 65.7236 5
1 0 55.0473 2
4 4 51.7482 1
1 3 40.3173 1
3 4 24.9355 5
5 2 73.4175 2
2 3 49.8876 0
0 3 86.0597 1
2 4 98.1449 3
2 2 99.7441 1
4 0 18.012 2
1 3 53.6353 5
0 3 43.335 0
2 2 88.8866 2
0 3 -9.3752 2
1 1 36.9004 3
5 0 -0.0415 0
3 1 50.0586 4
2 4 47.5869 4
3 4 49.0617 0
1 3 10.2918 3
5 3 64.0294 4
2 1 94.9123 2
5 1 80.9596 0
2 2 47.3748 5
5 2 47.9124 4
3 0 84.7928 1
0 1 0.9645 3
4 1 -2.9807 2
1 2 24.2575 0
2 0 47.7945 4
2 1 57.5912 2
4 3 57.7119 5
2 2 26.618 5
3 0 55.7954 4
3 5 5.5246 5
1 5 73.7129 3
3 1 -2.219 5
4 2 50.5565 5
5 0 78.3453 0
5 2 9.7777 5
1 0 72.6406 5
4 4 87.5511 2
3 1 7.6456 5
3 3 57.4335 1
3 0 79.5739 4
0 4 71.3164 5
2 2 85.8297 3
3 2 75.5187 1
2 2 82.1595 0
0 3 27.361 1
3 4 97.9739 2
1 1 -4.215 3
2 3 98.4742 3
3 3 51.4263 1
1 0 43.2926 0
1 1 -7.0066 5
2 2 97.1122 2
3 2 -7.9591 1
0 2 -2.8374 0
2 2 39.8965 4
5 1 -1.7407 3
2 4 51.9967 2
2 4 48.7116 5
4 2 -7.9756 1
1 1 59.2257 4
2 4 80.6058 4
5 1 3.306 5
5 2 88.5804 2
2 5 0.6876 2
0 3 92.8828 4
5 4 70.6253 1
1 4 74.8776 4
5 0 24.7142 3
5 2 38.4933 0
0 0 86.4525 4
4 1 76.8922 0
5 3 39.5511 2
3 0 50.3066 1
4 4 91.3731 0
3 3 53.7682 2
3 1 13.524 4
5 2 94.9482 2
1 5 18.0297 5
4 3 52.5795 2
3 2 87.1201 1
5 1 6.5069 3
1 3 16.8966 5
1 5 61.488 3
5 4 -3.7774 1
3 1 24.6242 5
3 5 50.59 2
1 0 96.3833 0
1 3 58.3357 2
0 3 37.3537 4
2 2 -3.8533 2
0 5 67.3212 1
5 3 36.5687 4
4 3 59.3818 2
0 1 8.1954 2
3 5 91.1883 4
5 2 6.0345 3
3 3 56.6727 4
2 1 3.3531 4
0 1 85.0629 3
2 0 28.5116 0
3 2 99.7642 1
5 5 72.3708 0
2 4 33.1507 0
5 2 62.2106 5
2 4 62.6575 4
3 1 -5.9683 4
2 0 32.3491 3
1 3 40.5533 0
4 3 20.2677 5
5 4 24.0964 1
4 5 86.1459 2
1 5 35.1058 2
2 1 86.5314 0
0 3 51.4715 3
3 1 21.3143 3
0 3 17.4984 0
1 2 47.9377 0
3 3 92.1249 3
3 3 25.9437 5
5 0 97.7804 5
4 3 31.0652 2
1 0 90.0219 0
3 5 19.6454 2
2 3 30.8888 0
5 4 88.0408 2
0 0 29.1299 4
0 4 26.3407 3
3 4 63.7318 3
5 5 7.9962 0
0 5 36.7632 2
3 3 11.9885 1
3 1 64.2432 2
1 2 99.3395 4
1 1 83.8221 0
2 4 28.0921 5
0 3 47.3294 3
4 3 62.2949 2
4 1 30.3107 0
0 1 82.4927 3
0 4 1.5682 0
3 3 68.022 4
5 4 85.7371 1
4 3 27.5316 5
1 3 10.0133 5
2 3 50.953 4
5 5 68.8827 5
2 0 16.5408 5
3 5 65.4316 4
4 5 33.6984 3
4 0 20.8831 3
4 0 10.6086 1
4 3 31.7999 0
4 1 17.8436 4
3 5 20.4502 5
5 4 32.9045 4
5 4 67.4596 4
5 2 7.385 1
2 2 71.6723 3
1 5 47.5135 0
5 4 64.7064 0
4 1 -0.4329 3
2 5 94.7272 4
1 4 89.9684 0
1 0 41.2354 5
0 2 41.0801 1
5 4 84.2126 4
0 3 19.0976 5
4 3 -5.5585 5
3 5 79.7818 1
1 3 55.8494 1
4 3 73.0159 1
0 1 36.0068 3
2 0 42.3027 4
3 2 16.9791 1
4 0 88.2665 5
2 0 52.2823 4
1 2 28.5496 4
2 2 30.4007 1
1 2 71.5102 2
2 4 81.3586 2
4 4 77.7991 4
2 2 83.4843 4
5 2 18.317 2
5 2 56.9816 0
0 4 16.2861 2
4 1 -7.9786 4
3 4 8.4771 1
4 5 93.8084 2
1 4 27.277 3
5 0 -1.5351 5
3 4 88.7128 1
3 2 95.7012 3
0 4 -6.1449 1
2 3 71.36 0
3 2 18.1592 1
3 2 51.4238 1
3 0 10.4974 4
2 1 69.5502 2
3 2 85.4569 2
2 3 -8.1362 4
5 0 96.7161 1
2 2 -0.9386 5
5 2 32.4892 3
3 1 81.8867 1
3 5 39.3684 2
4 4 53.8572 2
3 4 93.67 1
5 0 67.0345 5
5 3 42.7306 2
0 2 89.2463 3
3 1 54.1212 0
2 2 -1.6946 2
3 5 3.9676 5
1 3 3.4059 1
1 3 65.3195 1
0 4 60.4893 5
3 1 51.0768 4
1 1 56.1296 5
5 5 31.5717 3
1 3 96.2528 1
0 4 99.835 2
2 0 31.9874 1
0 0 1.5984 3
5 0 26.9835 5
1 0 41.9404 0
0 1 74.8611 5
3 0 75.7746 0
3 2 49.2982 1
4 3 95.881 2
4 4 2.869 2
3 0 97.5885 5
4 3 86.4142 1
1 1 89.6679 0
0 3 65.6763 5
3 5 52.396 2
0 1 3.112 1
4 2 90.3774 2
4 5 94.3624 2
4 3 89.6263 5
2 2 88.4078 3
0 1 -6.3087 0
3 2 44.5181 5
5 4 53.3238 3
3 0 -5.9483 1
0 4 32.0118 1
4 0 97.3588 3
0 3 43.4675 0
1 0 25.566 4
1 0 25.9113 4
0 1 70.3604 4
5 1 67.8842 2
3 5 32.7431 3
0 5 2.5467 0
1 4 3.8512 1
5 3 88.1901 1
4 1 54.1502 0
2 2 61.541 0
3 0 42.3875 3
4 5 73.3208 0
4 2 63.9681 5
3 1 57.6951 3
1 1 83.7008 1
1 5 66.9333 4
4 2 7.3768 2
3 5 45.4276 2
4 5 32.0801 0
5 1 68.9249 4
4 2 8.1102 1
1 0 22.395 2
2 1 89.3054 0
2 5 61.6826 3
5 0 66.7632 1
4 5 72.5732 3
0 0 84.423 1
3 4 76.5112 4
4 1 64.8298 5
5 0 17.2325 0
1 3 -8.7092 5
5 2 11.561 1
4 0 18.6426 0
5 1 8.7693 5
4 2 91.69 2
2 2 95.6482 4
2 0 19.1825 2
4 2 22.9509 5
1 2 16.6169 5
0 3 36.8981 1
0 4 87.5219 1
1 2 25.9579 0
5 2 85.0003 5
0 2 77.5192 0
2 4 4.5712 3
5 0 60.8256 1
4 0 74.8213 1
4 3 25.5437 4
4 0 35.1697 4
0 1 91.3545 2
0 3 95.6113 1
2 0 -6.9657 3
1 1 93.5896 3
3 2 85.7286 1
5 3 93.3335 2
0 5 25.1194 0
4 5 72.0953 1
0 0 26.8865 3
4 5 89.4238 3
0 0 2.2675 4
5 2 60.1945 0
0 4 8.8457 1
3 1 -1.1093 5
2 5 -9.266 2
2 2 19.0996 3
0 2 95.1436 4
0 0 25.3732 5
4 4 18.5079 2
5 0 21.183 0
4 2 -0.5588 5
4 5 59.4122 1
3 3 90.8867 4
0 5 26.4001 5
1 3 50.2489 3
1 2 48.347 2
5 3 45.1064 5
4 1 70.9064 1
2 2 65.2452 0
3 1 38.6733 3
0 3 85.358 0
5 5 40.4832 1
2 4 -0.4779 1
3 0 69.6118 1
1 2 -6.1397 0
3 5 -8.6997 5
4 4 7.0349 0
5 3 16.6301 3
1 5 -5.4837 5
0 4 74.4407 5
3 3 13.5957 2
1 0 32.3796 0
5 3 -4.3337 5
2 1 72.1787 3
3 4 73.7897 3
1 5 74.4543 1
4 2 63.0302 0
5 2 68.1381 4
3 2 75.7858 2
0 0 31.1259 3
5 0 22.318 1
5 0 -8.9231 5
5 1 75.6961 5
0 4 22.1733 3
5 2 -3.8345 1
5 1 82.7237 2
5 3 13.1028 2
0 0 -1.2907 2
2 5 35.5764 4
5 1 11.5459 2
3 5 83.0436 5
0 4 30.9137 2
2 5 91.2157 3
5 1 5.9325 1
4 4 67.6344 3
0 2 23.1121 1
0 4 57.2753 5
3 5 96.9799 0
3 1 65.8799 5
5 5 10.1727 5
4 4 12.1092 2
3 2 -3.8162 3
3 4 84.3481 1
1 0 58.5716 1
4 3 18.1442 3
2 4 39.5822 2
4 4 31.9142 2
2 3 60.5672 3
2 5 91.2493 4
3 4 86.3412 0
3 0 40.4938 0
2 2 67.7297 1
