4 1 55.6698 2
0 5 30.3206 1
3 5 70.7242 4
1 0 23.3721 5
1 4 33.7578 5
5 1 74.8798 2
3 0 32.5864 0
4 5 39.6662 0
4 4 90.3141 2
2 4 -5.6798 2
3 3 97.5108 5
2 3 -2.0913 0
4 0 -8.534 3
3 2 30.2259 4
1 0 63.3182 4
2 3 1.3001 2
4 5 1.1385 1
0 3 59.3881 0
2 5 91.521 0
5 2 17.6176 5
4 4 83.5226 3
4 4 16.7031 1
5 1 67.4651 2
2 3 72.0089 3
2 0 89.1861 0
4 4 63.8859 3
5 5 8.8139 0
3 1 35.3598 4
1 0 57.512 0
2 0 8.0848 5
3 5 78.6247 3
2 5 -2.1856 4
0 5 96.2367 5
4 0 39.5052 2
1 1 52.1591 0
0 5 45.8982 2
0 0 10.1892 2
5 2 79.6491 0
4 4 77.3633 3
4 5 61.6424 0
2 1 68.9214 3
5 0 13.0351 5
5 0 89.9909 0
0 0 92.2498 1
2 3 20.1816 2
0 2 1.7437 2
3 5 29.9521 3
5 4 89.4252 4
4 5 81.1838 1
2 2 4.3584 3
2 1 23.2336 0
4 1 25.8901 2
1 1 28.6252 5
0 1 66.9752 2
3 5 28.2667 1
0 0 16.6223 3
5 0 95.2714 5
0 0 73.6452 3
3 5 9.2348 5
3 2 -8.9515 3
4 1 22.5008 5
5 2 76.979 4
1 4 8.3856 5
3 1 50.3783 2
2 1 0.4106 3
0 4 99.7372 2
3 3 90.4519 1
0 0 93.4234 4
2 5 8.5744 2
0 5 44.3448 5
2 2 36.8077 5
5 3 84.5223 3
4 5 -3.4517 3
0 1 78.3334 0
3 4 -0.7424 3
5 4 84.8085 1
2 2 -8.3527 3
2 5 28.6843 5
2 5 36.8864 0
1 0 70.1224 2
2 2 40.4306 2
1 5 49.8483 4
2 3 57.1504 1
1 1 65.6075 5
1 5 29.7841 2
2 1 21.9549 3
0 5 -4.7177 0
2 1 0.0971 1
4 4 83.1756 2
0 5 -1.7443 5
4 3 62.3394 1
4 5 58.6818 5
0 5 23.3954 2
1 2 77.7354 0
3 5 60.013 3
4 0 -3.8287 0
3 2 -6.5284 0
2 3 30.0425 0
5 0 57.1602 5
5 0 69.239 1
3 1 34.6699 0
1 4 74.4874 4
2 3 90.9234 1
5 0 -5.8461 3
2 5 60.7937 0
0 4 98.5703 3
5 4 88.3595 0
2 2 25.4973 3
0 4 38.756 0
4 0 38.7784 3
3 3 52.0875 3
1 2 42.7507 3
1 0 17.4027 4
1 1 -5.5335 3
4 1 22.3936 4
1 0 -4.3656 4
5 4 53.3709 0
2 0 98.8776 1
0 3 6.4314 4
4 0 -8.9424 0
4 0 58.1885 3
4 1 34.1195 2
3 0 86.817 3
4 2 80.5939 3
5 0 23.5147 1
4 2 72.9678 3
4 4 59.8154 0
3 1 -8.964 5
1 4 78.9698 2
3 2 79.2215 4
3 1 63.7892 2
1 2 30.2215 4
3 2 51.7708 3
3 3 -6.3896 0
1 5 69.2655 3
1 4 54.8152 5
3 5 16.2541 2
5 0 68.0639 4
5 4 6.3687 1
0 2 39.822 2
2 4 -2.9127 4
0 1 67.5428 5
4 5 0.0425 5
5 3 52.0336 3
4 3 7.874 0
4 5 72.4021 1
1 2 72.6969 3
3 2 -6.8502 5
3 1 86.6629 0
1 3 20.622 4
4 3 37.4508 2
2 5 20.6031 3
0 4 51.81 4
0 3 51.3681 0
1 4 53.7136 0
2 5 25.3338 1
2 5 76.4905 1
1 1 7.7077 5
4 4 17.8513 3
5 4 5.5045 4
4 5 69.4057 4
4 5 77.9445 1
4 4 73.2289 4
3 3 41.3702 4
2 3 35.9338 3
0 1 87.1985 5
1 4 14.4663 5
0 3 13.4379 3
3 2 7.9785 2
4 4 -4.2172 5
2 5 98.2074 0
3 4 57.9655 4
5 4 54.2176 2
5 2 47.4486 2
0 1 20.8002 0
1 3 -3.7968 3
5 5 61.8293 4
4 4 84.2557 5
2 2 -2.4958 3
1 1 30.2996 5
2 1 -4.9225 4
4 5 7.0948 2
0 4 74.0966 0
5 3 74.3279 4
4 4 56.9244 5
3 4 62.6447 4
2 5 31.8281 5
3 0 39.1737 0
2 3 5.8266 1
4 5 69.826 2
3 2 58.5519 1
0 5 90.4007 5
2 5 9.8286 1
0 1 78.7965 0
3 0 58.0136 0
3 0 68.1807 5
3 2 1.5153 0
1 2 85.5404 4
2 0 69.6954 4
4 5 16.7753 4
2 0 4.8312 0
3 5 44.5989 3
5 4 42.8007 5
4 2 96.0849 0
2 4 6.2482 4
2 0 -5.8053 2
2 3 -1.1703 5
0 4 86.8708 5
5 2 62.775 4
3 3 78.0801 5
0 1 77.692 2
1 0 91.6178 0
1 2 65.8396 0
3 0 66.2967 4
5 4 79.6802 3
1 3 50.3779 4
2 0 20.865 0
3 5 51.5331 4
0 5 31.6899 3
1 4 48.3355 1
2 1 49.9445 4
3 1 7.5929 2
5 4 52.306 3
2 5 77.0498 5
0 5 89.8193 5
0 5 25.4258 0
4 5 28.9603 1
0 1 -7.4715 2
3 1 93.0605 0
1 1 4.5118 4
0 3 18.6475 1
0 2 78.1797 1
0 5 81.8138 0
5 2 62.5788 5
4 0 48.696 2
5 0 49.218 4
2 3 79.1881 4
0 2 35.7702 4
3 2 54.5158 2
2 5 44.1609 3
0 0 92.8158 4
1 4 80.4304 3
1 2 43.4527 1
2 3 98.6382 4
0 0 51.3105 1
4 0 14.9344 0
5 2 95.3821 3
2 0 36.561 3
5 4 95.6838 1
0 4 80.8796 2
5 3 59.5418 1
2 3 -4.0722 3
3 5 18.3615 5
3 3 82.8968 3
3 1 4.1031 1
0 4 54.3749 0
2 0 23.1599 3
5 1 37.7349 5
3 2 7.5404 2
0 4 29.0143 5
2 2 88.7292 4
0 0 3.9182 2
2 2 75.3156 0
1 3 43.9239 3
2 2 83.4809 4
1 5 49.8542 2
3 4 34.6865 0
2 5 60.5559 5
0 3 3.588 5
4 2 20.7307 3
2 4 34.1941 5
2 2 94.4726 5
0 2 62.7859 1
3 1 31.3044 0
0 2 29.8495 3
0 5 46.6987 4
4 1 4.5219 5
0 3 25.4893 2
1 2 68.9272 5
4 1 61.2554 4
2 1 91.5563 4
1 5 86.2131 2
3 0 66.4577 1
3 3 97.012 2
0 5 70.1393 4
1 5 37.5368 5
3 1 16.6968 4
0 0 64.4557 2
1 3 19.6795 2
3 0 11.1117 3
5 2 66.0821 0
2 2 -5.474 1
1 0 66.9955 0
2 3 1.3521 1
3 0 39.3984 5
4 4 36.8345 1
1 1 54.3062 2
4 1 43.6678 1
4 2 24.4024 3
5 1 66.59 5
4 3 24.9635 3
1 0 15.078 0
3 1 0.9933 1
4 3 60.7993 2
1 3 86.798 2
1 0 51.7968 2
3 3 40.5613 0
2 0 69.9401 0
4 3 13.6838 3
3 5 10.2545 5
4 0 46.435 5
4 4 76.247 1
3 4 45.1901 2
3 2 84.7148 3
1 2 22.1819 4
5 2 3.8277 2
3 4 -4.7233 2
5 2 38.2104 5
5 4 38.9171 3
5 0 67.7593 1
4 2 81.0675 2
5 1 95.1532 2
1 0 21.1781 5
5 0 80.4355 1
0 1 99.3023 4
1 1 44.9167 3
4 3 71.372 5
0 5 3.8938 1
0 4 61.9073 1
1 5 43.5776 3
2 1 64.2235 4
1 3 49.536 5
0 1 -5.9945 2
1 4 53.5387 2
1 1 81.5859 3
1 4 -1.1597 4
0 2 21.8994 3
0 5 79.6461 3
5 4 7.3467 2
4 4 90.5835 2
0 4 38.8385 5
5 4 75.1059 0
3 2 49.745 2
1 2 45.3091 5
0 4 6.3828 5
0 5 41.802 2
1 0 -1.4738 5
3 1 -9.959 1
2 3 5.8424 3
3 1 -9.5386 3
1 0 78.208 3
3 2 89.9443 3
3 1 53.8219 3
3 1 64.8899 4
3 5 86.786 5
0 0 40.9404 0
0 3 2.516 0
5 4 -8.2959 5
2 2 70.7377 3
3 2 38.7485 0
1 4 49.6258 3
2 2 29.5952 2
4 4 24.8871 3
1 4 10.1391 3
1 1 16.5958 4
4 1 32.194 1
1 3 46.9743 0
5 5 86.566 4
5 1 -7.4501 5
2 3 -0.5381 0
3 5 87.4906 1
1 2 18.5805 1
3 2 98.2331 3
4 1 17.451 3
0 5 96.8917 0
0 2 99.3375 1
5 4 68.1816 0
3 4 36.0095 0
5 1 27.7364 1
2 2 13.4288 4
4 0 52.4502 1
3 3 59.7509 0
0 3 66.9049 5
4 0 19.3448 2
5 3 8.0093 0
2 2 49.8617 1
0 2 -0.9854 2
0 2 79.2646 5
0 5 11.6594 1
1 4 44.6457 2
3 3 13.6021 0
1 2 93.1764 3
1 4 0.6705 2
2 4 46.127 5
0 5 79.224 0
0 0 61.1018 1
0 5 25.5445 1
2 1 1.3121 3
4 5 42.3787 2
3 2 52.5005 4
2 3 7.2612 1
1 0 99.3833 4
5 4 92.8847 0
3 1 93.6949 4
1 4 39.5388 2
0 5 62.7791 5
3 3 33.9922 0
3 4 37.6307 3
1 1 23.8345 2
4 3 4.2651 1
2 4 25.8516 4
3 4 2.4328 3
0 2 15.9872 0
1 2 15.9132 0
5 3 76.8924 2
1 4 47.6744 5
3 3 65.2545 0
0 3 9.1912 3
2 1 71.6322 2
4 1 94.5364 0
2 4 86.0219 0
3 2 70.9575 4
1 0 77.5527 0
3 3 12.7717 3
1 3 96.3477 3
1 3 -4.1189 3
1 4 24.4847 3
4 5 13.7106 4
0 4 88.8719 2
4 3 46.3581 3
0 1 22.9714 0
1 5 74.4353 3
0 4 69.7699 3
1 0 22.8404 1
1 5 52.549 0
2 5 64.1589 1
2 0 31.6038 4
0 2 34.7906 2
5 3 53.6374 5
3 2 10.7637 0
4 1 0.9022 4
3 5 30.7062 3
0 2 -1.673 5
3 1 14.0246 3
4 1 9.9727 4
5 1 29.5556 2
5 4 80.4433 4
0 2 -9.3651 2
5 4 24.0673 5
2 4 12.9634 2
2 0 67.522 5
0 0 96.6224 0
4 5 91.5147 1
0 4 8.646 0
4 5 98.5573 1
5 3 61.148 0
0 2 60.0713 5
5 2 14.2604 5
0 0 78.5664 0
0 2 97.6683 5
0 5 82.8686 5
4 1 22.1729 2
5 2 14.7267 5
1 1 53.985 1
1 5 92.512 1
3 5 -1.2429 0
2 4 44.3561 5
4 5 72.603 1
0 5 -2.3966 2
4 0 41.59 1
0 2 73.193 3
4 4 35.6281 3
4 4 3.7673 4
5 5 83.3032 4
5 1 7.7881 4
3 5 11.9926 3
2 3 24.3621 1
2 2 6.5393 2
1 4 44.8068 2
2 4 28.183 3
3 3 29.3197 2
1 4 47.2179 4
0 4 48.8827 5
5 4 62.8901 1
3 5 97.0321 1
3 4 37.1394 1
1 1 91.1543 4
2 1 85.4341 4
1 1 1.8022 0
4 4 79.4555 4
2 2 55.1917 3
5 1 23.8492 2
5 0 15.9959 5
2 0 99.4198 4
3 1 80.6902 0
4 2 -3.1567 0
4 4 24.3948 4
3 3 8.9979 5
3 0 80.5836 2
4 2 36.9219 0
5 2 45.6953 1
2 3 -1.3265 5
4 0 85.1594 4
3 5 33.9456 1
2 3 50.6398 0
0 3 85.5299 5
1 5 62.9188 0
1 4 57.0701 1
3 0 8.7504 1
0 1 45.8201 0
4 0 53.3906 2
2 4 82.5017 2
5 5 30.3037 2
1 3 93.0612 4
4 3 36.4588 4
4 2 54.6619 1
2 0 11.089 2
0 3 7.0247 0
5 4 34.3904 2
1 5 31.3184 5
0 4 59.7313 1
3 0 39.0607 0
1 2 65.8642 2
1 1 92.5246 2
0 3 72.6915 3
2 2 18.037 5
5 1 70.6168 4
3 1 13.3093 0
5 1 8.5492 2
5 3 9.4319 1
4 5 10.2024 0
2 2 95.3636 2
5 2 4.1909 4
0 2 64.2648 5
4 3 81.5645 1
4 0 95.4149 3
1 3 30.9318 2
0 5 8.2722 2
4 3 23.813 0
2 5 35.789 4
2 3 32.8847 0
0 3 37.6013 5
1 3 78.8508 0
2 3 -5.1956 0
4 0 48.7833 0
3 3 6.3972 3
0 2 51.683 4
0 5 40.6358 5
3 4 98.1296 3
3 4 53.3712 5
0 1 21.7673 0
3 2 1.8012 5
2 4 78.591 3
3 2 35.3316 2
3 4 84.5916 4
2 2 43.5297 2
1 3 87.8676 5
0 2 58.752 3
1 2 99.5649 0
0 3 -3.1973 1
3 2 37.0528 2
5 2 82.1811 1
0 2 22.5227 2
0 3 18.2271 0
5 5 68.4398 4
3 0 79.4844 5
3 5 27.22 4
0 1 71.0605 0
3 0 92.0112 3
3 2 37.6776 2
3 3 24.0827 1
5 3 76.6532 3
0 4 12.787 2
0 4 68.1564 3
3 1 63.5792 5
0 4 14.9282 5
4 4 27.4652 3
5 1 61.3691 4
3 1 34.5316 2
1 0 89.2756 0
0 5 82.794 4
2 4 37.4261 5
1 4 51.3081 4
5 3 8.9349 3
4 0 -9.5217 0
5 5 19.0878 3
1 0 84.3411 5
3 0 82.1115 3
0 5 21.6314 0
1 2 53.6236 4
4 4 88.8216 1
0 3 99.4414 5
4 1 51.0846 0
4 4 76.708 3
1 0 67.3511 3
3 0 -3.6564 3
3 1 39.3022 1
4 2 76.7583 0
3 5 41.5687 1
3 5 79.3609 5
4 4 38.7152 3
3 4 89.5587 0
4 1 99.532 4
2 1 64.0585 5
0 2 43.2391 3
2 3 38.7434 5
1 3 29.0376 0
5 2 -4.299 3
0 4 30.8112 1
5 5 83.9172 3
1 4 83.4211 0
5 5 9.7434 2
5 0 97.7426 3
4 2 96.5791 0
3 4 57.2558 2
5 5 84.2797 5
0 2 38.4077 2
2 5 78.3959 0
2 3 35.0742 0
3 4 3.4353 2
2 2 68.4425 4
1 4 77.2789 3
4 4 52.4568 0
3 5 63.0748 3
3 4 49.9764 4
2 4 41.2721 5
1 3 80.6306 3
5 4 -5.6669 0
0 1 10.0535 2
5 3 32.5011 1
2 1 46.3751 1
0 4 72.4969 5
2 4 99.2539 1
0 1 27.7939 0
0 4 24.3136 0
2 0 21.4197 0
5 5 31.7961 0
3 1 50.9606 3
5 3 -2.0785 3
2 0 -0.3245 1
0 2 93.4205 3
5 4 -2.9913 1
4 1 13.2377 1
2 3 68.4894 3
0 1 -2.0222 5
4 4 42.3544 4
5 5 74.2926 0
1 3 65.1915 3
1 1 76.9524 4
5 3 45.2843 1
0 0 48.724 0
3 5 45.9597 3
3 4 51.8447 3
4 3 73.0894 2
4 1 37.3232 0
3 2 60.8733 1
1 4 88.217 3
0 0 28.3255 2
2 5 29.8102 1
3 5 60.9657 4
4 4 31.2603 1
1 3 51.5874 5
0 0 80.669 2
1 3 10.8173 2
2 5 -9.8062 4
5 1 26.6374 3
2 5 12.8291 2
2 4 71.2902 4
0 0 99.5199 1
2 1 2.2245 2
0 0 7.1615 1
2 0 19.4524 0
2 3 2.9838 0
0 5 88.5574 1
5 4 91.8697 2
4 5 34.5127 0
5 2 68.7813 2
1 4 69.3397 5
0 3 32.6497 0
3 1 8.5579 1
1 1 62.744 4
4 1 -5.8007 4
4 4 6.7943 2
4 3 90.2798 3
5 3 96.2776 2
0 0 10.0816 2
1 4 -8.8583 1
3 0 78.7572 5
0 4 29.6242 5
5 5 50.379 0
4 2 52.8172 1
2 2 74.025 2
1 4 69.4502 1
4 5 79.6225 5
4 3 -6.2187 1
4 2 1.2461 5
3 1 21.4866 4
2 0 84.7052 0
1 2 91.4582 1
1 0 66.7662 5
2 1 23.2518 2
0 1 95.1255 5
0 4 61.8663 3
5 2 46.8914 4
3 5 68.9651 4
0 1 -1.2082 5
3 1 16.1347 4
2 5 20.1089 0
1 2 17.2993 4
0 4 15.2318 3
1 5 11.463 1
4 5 6.1718 3
0 1 52.298 2
2 2 76.7278 5
0 0 35.5262 0
2 3 59.64 3
3 1 64.6481 0
1 2 21.262 4
5 5 91.8627 0
4 2 21.7129 2
4 3 92.0624 5
4 0 16.7461 2
4 1 2.0471 5
1 5 27.6365 3
3 1 15.7351 3
5 4 63.8649 4
4 5 22.1122 0
3 5 53.4621 1
4 5 74.8152 4
2 1 51.7525 2
4 3 98.6171 5
1 5 66.4203 3
5 1 52.7076 2
4 1 75.1154 2
0 1 91.0951 0
0 4 92.5954 1
1 1 39.6898 2
2 4 31.3459 2
0 1 46.1604 5
1 2 87.845 0
5 2 74.7281 0
2 4 77.9635 5
3 2 43.0755 2
5 1 63.8013 4
0 5 -2.2482 0
0 0 65.4178 5
5 2 75.4668 4
3 2 94.1779 5
3 0 43.8299 2
1 0 -6.6907 3
5 0 7.981 3
2 2 39.6909 2
0 5 22.9116 3
2 5 6.0154 4
1 5 41.6187 5
1 1 43.0811 3
5 3 -1.2505 1
5 2 43.4886 1
2 4 7.8345 4
5 3 32.7293 2
0 3 85.8223 3
0 1 50.51 0
5 1 65.0375 0
5 4 66.0085 1
2 4 81.1403 0
2 2 -9.5968 2
0 5 18.4313 2
0 5 9.0184 1
0 5 36.8226 5
0 2 21.0991 3
5 5 38.7584 4
5 0 95.7467 1
1 3 90.4457 3
5 2 4.8076 0
2 0 31.4949 3
1 5 81.6364 5
5 3 25.3833 2
3 2 27.6709 1
3 1 20.0103 2
0 5 32.1344 5
3 4 -2.1676 1
0 2 62.6604 4
1 2 10.0869 3
2 1 9.876 0
5 3 38.2653 0
4 1 39.0151 2
1 0 -7.9199 1
2 0 44.2889 1
5 1 68.4171 0
5 0 45.694 1
2 3 36.7802 1
4 1 -5.0783 0
0 1 31.4732 5
5 3 17.8088 2
1 3 9.5055 1
3 2 65.4372 2
5 4 48.8913 0
1 2 48.0733 1
3 2 56.2406 0
5 2 3.3468 0
1 4 32.3525 0
3 1 78.6822 2
4 2 72.8395 3
5 5 73.5842 4
4 3 48.5411 4
4 1 42.9962 4
4 0 46.4964 0
1 1 -6.9576 3
2 5 36.6964 1
3 4 96.7949 0
4 1 -3.7037 5
3 3 51.0612 2
1 0 56.5318 2
2 5 70.118 1
4 5 91.943 2
0 5 51.2079 0
2 3 21.8892 2
0 3 85.2579 2
4 3 20.8697 5
3 0 71.6422 5
5 4 49.5591 0
2 3 84.892 3
0 3 67.6476 2
4 5 19.162 5
1 3 20.3134 3
0 0 66.7807 0
4 2 5.2824 3
4 0 84.7755 1
3 3 66.8725 1
2 1 22.6989 2
3 1 92.1912 0
1 2 77.4815 0
2 2 3.5806 1
2 4 -3.2079 2
4 3 65.6624 5
1 4 25.8026 0
1 5 90.8822 5
2 5 92.4347 2
0 5 33.3232 1
5 4 95.4414 2
4 0 10.0495 2
0 0 75.6033 2
0 5 13.071 3
2 4 62.9102 4
0 2 79.6716 2
3 5 65.7257 4
1 3 3.7878 0
2 4 86.0601 3
0 0 93.2221 5
2 5 66.7581 4
1 5 85.6664 2
1 1 63.6155 3
2 3 92.4892 5
5 4 92.1906 2
4 2 16.9481 0
4 4 47.8651 5
0 4 -0.4291 2
4 4 56.449 4
5 0 87.6932 3
5 0 98.8855 3
2 3 61.4937 0
4 4 94.1148 1
3 0 75.6334 4
0 5 84.1 5
2 2 86.3017 3
2 3 84.5375 5
4 1 11.8762 0
3 1 70.9105 0
4 0 92.0398 2
0 1 22.5111 4
0 2 52.6768 1
1 0 88.491 1
3 0 67.2286 2
5 3 92.2902 5
0 4 32.2125 0
5 4 10.3289 5
2 1 -5.6892 5
3 1 74.8505 2
4 0 89.1477 5
4 3 90.7725 4
0 0 94.6998 1
1 5 13.3556 2
2 2 40.2195 5
1 4 11.9333 1
0 2 23.6881 1
4 4 -9.1799 3
2 0 27.4088 3
2 5 90.6483 3
0 5 84.1821 4
3 5 59.0011 5
0 4 20.1604 2
1 3 4.7891 5
1 2 98.4531 3
2 3 47.9336 3
3 2 41.9626 0
4 3 78.538 0
1 5 18.4758 1
5 3 4.4604 2
2 3 69.6704 4
2 4 44.8258 2
0 1 35.0103 1
1 3 6.2998 1
5 4 47.2028 2
4 3 1.7703 5
1 3 47.2602 0
4 1 39.4011 5
1 3 10.7108 1
5 1 62.9528 3
0 1 99.1723 0
1 4 59.3392 2
5 2 48.1196 1
1 3 22.5418 4
1 3 95.4212 2
4 1 7.1718 1
0 1 -4.8625 5
0 0 63.7796 4
2 3 37.2311 1
0 5 18.2023 2
2 4 64.0856 0
2 4 47.9862 2
1 1 -4.5227 2
1 5 31.7139 1
2 1 -9.0284 0
2 3 90.8062 4
1 3 78.2855 4
5 5 56.2558 1
2 5 70.9296 3
3 5 21.5761 1
0 5 11.671 3
5 3 93.5478 5
5 3 18.9642 5
3 1 24.4058 1
1 2 53.7246 5
1 5 78.4199 5
4 5 28.9505 4
2 0 3.7537 2
3 3 -4.5961 0
1 4 9.9987 5
5 3 42.1856 5
2 2 30.7691 0
1 1 73.2981 5
2 5 78.5867 2
0 0 -3.5839 0
4 3 93.6977 0
3 2 6.3411 5
0 1 51.0197 5
3 4 89.165 5
2 0 30.6765 1
3 2 70.136 5
2 5 84.4464 5
4 5 10.2513 1
3 2 34.4402 2
4 2 60.8146 1
1 0 27.2082 1
4 3 -9.5703 3
0 4 29.6817 0
2 2 40.2635 5
3 4 63.1336 3
3 4 9.1665 4
1 0 90.6998 3
5 1 1.091 0
0 1 -2.9153 5
2 3 84.1257 5
4 0 -6.8968 0
1 2 76.5969 5
5 0 39.6868 5
2 4 2.5326 3
1 1 74.9162 3
4 1 51.5802 4
3 4 1.0704 0
2 1 33.1785 2
3 0 91.2567 3
3 0 16.5418 0
2 0 33.5207 0
0 1 15.4053 3
2 2 4.3224 4
5 4 53.9742 3
0 0 -8.5821 5
4 4 43.2127 0
2 0 90.7047 0
5 0 58.4338 1
0 0 73.0745 4
4 0 63.9124 1
1 3 15.2276 5
1 0 58.8203 4
2 4 79.4934 0
4 5 17.5277 1
3 4 15.1183 1
0 3 9.1003 3
2 5 89.505 1
4 3 86.5103 2
0 5 71.22 1
4 1 98.9841 4
3 1 41.0431 5
0 0 10.3216 1
5 1 74.8055 5
1 4 56.3777 5
2 4 20.98 4
2 0 53.8582 0
1 4 41.2512 3
