0 2 38 1
3 2 18 4
0 5 85 3
1 3 47 5
0 5 30 1
3 5 68 5
4 0 48 3
1 2 -7 0
5 1 67 4
1 5 25 3
2 1 22 1
2 5 86 3
0 2 0 2
0 4 3 3
4 3 -4 3
4 5 1 4
3 2 43 2
2 5 96 1
0 2 79 0
2 3 89 4
5 3 27 4
4 5 9 2
2 0 28 2
0 0 34 1
1 4 64 5
1 5 1 3
0 4 1 5
3 4 81 4
1 0 95 0
3 5 0 4
3 2 14 0
2 3 67 2
3 0 28 1
3 1 64 5
1 4 17 0
0 0 55 0
4 4 8 2
5 4 78 3
3 1 66 0
2 2 24 2
2 0 67 3
5 3 47 2
4 5 0 1
1 5 88 3
4 2 30 4
1 4 35 5
0 3 4 2
5 2 69 1
1 4 8 4
2 5 68 2
1 2 23 3
5 3 98 4
5 3 95 5
4 3 53 5
5 4 36 0
4 0 88 4
4 4 39 0
5 5 5 3
2 2 87 2
5 1 37 0
3 0 86 2
3 2 22 0
0 4 -6 4
2 4 98 4
1 5 -8 2
0 4 51 4
2 5 21 1
2 5 33 1
2 2 87 4
3 5 89 5
4 4 -5 5
5 1 -6 2
5 1 84 1
1 0 63 2
4 1 17 2
3 0 48 4
1 0 60 4
3 0 95 4
1 2 60 3
2 4 12 1
1 4 12 3
1 2 49 1
0 5 40 1
5 0 -8 3
4 0 86 4
3 3 3 2
0 4 94 2
0 5 87 0
1 3 98 2
0 2 73 2
0 4 5 0
5 3 44 3
2 3 3 0
3 1 54 0
3 3 68 4
2 4 56 0
4 4 36 4
1 2 -8 4
3 4 17 1
1 5 19 2
2 4 25 4
4 3 96 5
5 5 80 2
3 5 21 5
3 5 99 1
2 3 14 0
1 4 65 4
4 4 58 1
2 0 8 5
2 4 51 0
3 5 -1 5
1 3 24 3
4 0 -1 3
4 4 43 5
0 3 57 3
2 2 -5 2
5 1 56 0
0 2 95 5
3 3 37 1
3 5 48 4
1 0 0 4
0 3 -1 5
5 1 66 0
3 4 90 2
4 1 65 5
2 1 99 1
3 2 48 3
4 0 30 0
0 0 91 5
2 4 21 1
3 1 91 4
1 0 5 3
1 4 25 4
0 2 62 0
2 3 14 5
4 2 55 3
3 2 5 4
4 2 -5 2
4 3 63 0
1 5 84 5
5 0 2 3
1 5 30 3
1 2 7 0
2 5 0 2
3 2 92 3
2 2 23 5
5 5 69 2
2 4 87 4
2 5 84 0
5 5 84 0
2 4 93 5
0 5 63 1
2 5 42 2
3 5 24 2
4 2 10 5
0 5 36 3
0 5 25 5
1 0 75 0
2 0 15 4
5 3 15 1
2 2 44 2
0 2 14 5
0 5 95 1
1 4 61 5
5 3 67 5
2 1 68 4
5 4 4 5
4 1 42 1
1 4 27 3
5 1 45 2
0 5 76 0
2 5 -6 4
2 1 90 3
5 0 98 3
2 5 35 0
4 5 21 3
4 1 76 5
3 5 35 4
3 2 18 5
1 0 46 3
5 5 68 3
2 3 77 4
2 0 71 1
5 5 72 3
2 3 16 5
3 3 1 2
2 3 92 4
5 4 17 3
2 1 66 4
5 5 46 4
0 2 75 4
5 3 21 5
4 3 87 2
3 5 23 4
4 3 -3 3
2 3 1 2
1 2 44 1
3 1 52 2
4 2 84 5
0 1 43 3
1 3 30 5
1 5 3 5
0 3 85 0
5 5 34 4
3 3 52 1
0 1 66 3
5 1 67 1
4 0 44 0
5 1 79 1
2 5 97 0
3 1 57 3
1 5 82 4
0 2 13 1
1 3 78 2
0 0 61 4
1 2 3 0
1 3 70 3
0 3 85 0
4 4 78 2
4 3 97 2
1 2 47 3
3 0 16 0
1 4 93 2
5 4 68 2
1 3 94 3
1 0 59 4
1 5 -2 2
3 5 -3 3
0 4 -5 5
0 5 62 3
4 4 -5 3
4 2 87 3
2 1 92 1
0 3 46 2
3 4 -7 0
4 1 55 1
4 1 97 5
4 1 99 0
4 0 95 4
3 4 82 2
2 0 77 3
0 5 81 0
1 3 93 2
5 5 29 4
1 2 71 0
4 1 32 4
1 0 54 0
0 4 54 2
4 3 77 1
4 2 58 1
0 5 47 2
1 4 10 2
5 5 31 0
5 3 11 0
2 4 80 1
2 1 83 3
4 5 68 2
1 1 87 0
4 2 2 4
2 2 97 4
2 1 99 3
3 0 20 5
0 3 -2 4
3 4 72 0
0 2 57 0
0 5 95 5
3 2 8 5
2 1 -6 4
3 1 66 5
2 3 34 3
4 1 1 5
1 2 66 1
5 5 52 4
5 2 30 0
1 2 6 4
0 5 43 5
1 0 -5 5
5 0 54 0
3 1 54 3
3 4 -8 4
2 5 45 5
2 0 93 2
2 5 42 0
1 4 29 1
2 0 68 4
1 3 -5 5
2 0 86 5
5 1 48 3
3 2 6 4
3 5 1 4
3 3 33 4
0 2 35 4
2 3 20 4
1 2 23 1
2 5 4 4
3 3 40 5
5 0 24 1
1 2 57 1
0 2 88 5
0 5 45 0
2 5 83 4
4 1 70 5
3 4 12 4
2 2 -9 4
0 4 8 1
0 5 50 4
2 5 53 4
1 0 81 0
1 4 64 5
3 4 90 2
3 2 89 1
2 5 34 3
1 5 22 2
1 4 82 0
1 1 44 4
3 5 23 3
4 4 -6 0
3 4 51 4
2 5 64 3
5 5 97 1
1 1 93 3
2 1 96 0
3 5 -2 4
5 2 63 2
5 4 18 4
4 0 -4 4
4 3 3 4
3 3 23 3
2 1 5 2
5 3 26 0
2 4 53 1
2 0 23 1
3 2 25 2
1 4 54 5
4 4 10 2
3 3 28 4
1 1 31 0
0 5 58 2
0 3 9 0
1 2 58 1
1 3 88 0
3 4 17 3
0 3 -3 5
4 5 62 4
4 4 -6 0
4 3 11 5
1 4 35 3
1 5 26 0
1 1 47 3
3 1 57 2
0 5 -3 2
5 3 94 5
0 5 29 2
2 5 6 1
2 0 78 0
5 5 57 0
1 2 36 2
4 4 50 5
0 4 61 5
1 3 77 5
2 2 0 4
4 5 83 3
4 2 13 5
3 5 88 4
2 5 67 2
2 5 49 1
3 5 80 3
5 2 87 4
4 0 50 3
1 3 23 3
0 0 10 0
2 5 16 0
1 0 34 0
1 1 -1 0
3 2 73 0
5 0 37 2
1 0 9 1
3 5 -7 4
0 5 53 2
2 2 29 0
4 4 30 1
3 1 6 0
5 3 81 3
1 4 -4 5
0 3 67 1
2 1 10 3
5 3 96 1
5 4 9 4
5 4 17 5
3 2 41 1
0 4 39 2
0 4 98 0
5 3 -8 1
5 0 71 2
2 4 98 0
3 0 59 1
0 2 74 1
4 4 80 3
0 0 45 5
5 1 88 2
4 5 33 4
3 1 84 5
4 4 98 3
2 1 86 3
1 2 21 2
1 4 15 3
5 3 17 5
5 5 51 0
4 1 24 4
5 1 61 5
3 3 48 1
4 2 73 5
4 4 9 3
3 2 34 5
0 2 22 3
5 5 31 4
2 0 -5 3
3 2 70 4
3 4 42 2
5 3 6 5
5 4 79 5
4 0 32 2
3 1 76 3
4 5 50 3
5 4 82 4
3 0 9 2
1 4 12 3
5 5 -4 1
3 4 11 3
5 5 58 0
4 0 -1 0
2 3 88 1
1 2 96 3
4 2 71 2
0 5 95 0
1 1 90 2
3 2 -3 0
1 1 68 5
3 4 53 4
1 5 20 0
2 1 55 1
5 1 73 4
5 0 73 4
1 2 58 1
0 4 31 2
3 5 60 2
4 3 71 5
5 2 82 1
4 5 25 2
0 2 76 0
0 5 12 5
0 2 14 3
5 1 59 1
2 4 96 3
5 4 52 2
4 1 63 4
4 5 59 5
5 5 87 4
3 4 57 4
4 4 31 1
1 2 4 5
3 1 -5 5
2 4 89 3
1 4 99 1
4 4 31 2
3 0 34 2
5 2 28 5
3 3 2 3
0 4 0 4
0 1 59 1
2 1 61 0
3 4 55 3
2 4 99 1
3 3 59 1
5 3 94 3
1 0 57 2
1 0 27 0
4 2 27 5
3 3 39 0
0 5 53 4
1 0 38 1
3 4 62 4
1 2 44 5
5 4 77 3
4 4 -1 5
4 5 15 3
2 2 -5 0
4 0 28 5
1 4 -2 1
3 1 94 4
4 0 86 0
2 1 60 3
2 0 48 4
1 3 52 0
4 3 90 2
4 0 35 0
4 1 -7 1
3 3 38 4
0 1 58 5
4 2 51 5
3 2 35 4
3 5 -1 1
0 5 22 0
2 0 98 5
1 2 48 1
0 0 8 1
0 4 69 2
0 4 72 3
3 5 19 5
4 4 83 2
3 5 38 2
5 1 18 3
5 3 15 3
3 5 18 0
3 2 69 0
0 4 80 3
5 3 79 0
3 1 62 2
2 0 14 0
2 0 79 3
1 3 61 2
1 0 92 2
5 0 34 4
2 4 45 5
2 5 100 4
1 4 25 2
3 5 26 1
1 5 44 1
5 2 84 5
0 4 -5 0
4 0 34 4
0 0 59 3
0 3 32 0
0 0 45 1
2 4 60 2
1 4 26 0
2 2 98 5
4 4 66 4
0 1 100 1
5 5 64 3
4 4 -2 5
3 3 0 1
5 5 8 4
0 5 52 4
0 5 56 2
1 0 10 2
2 2 56 2
0 3 48 2
2 1 32 5
0 0 58 3
3 2 91 2
0 3 41 1
1 4 6 2
2 0 -6 5
5 5 14 3
1 5 79 5
5 1 89 0
0 2 18 1
3 1 20 3
5 5 66 1
4 0 45 3
1 1 68 3
1 3 19 0
2 5 24 1
4 5 80 3
4 5 23 0
4 4 20 5
3 2 5 1
1 4 91 0
2 3 54 0
3 2 -3 3
3 2 54 0
2 0 77 4
0 4 9 0
5 2 85 1
2 5 91 2
0 5 57 5
0 4 81 3
1 3 70 0
1 2 46 1
1 5 39 4
5 1 9 1
3 4 95 2
5 3 27 3
2 4 38 2
5 5 54 1
4 0 8 4
1 5 98 0
5 1 12 0
3 4 17 1
4 5 1 1
3 3 42 2
1 3 8 0
1 4 83 1
4 5 73 3
5 1 85 0
4 5 65 5
2 3 24 4
5 1 94 0
3 0 57 3
3 2 73 3
1 2 97 3
4 3 97 5
4 5 82 3
0 1 10 3
4 1 -9 2
3 3 29 3
4 2 62 1
5 1 91 2
2 2 68 0
2 4 53 4
5 0 59 1
5 4 53 3
0 3 -8 2
4 4 52 1
2 4 19 5
3 2 85 5
4 3 25 3
2 4 17 3
2 5 75 1
1 2 98 4
5 0 72 5
4 4 85 5
4 1 60 3
4 4 56 5
1 1 -8 4
1 0 38 0
3 3 -2 4
1 2 20 3
1 5 74 2
3 5 9 2
5 2 44 1
4 2 82 1
4 2 31 4
1 4 60 1
5 0 31 0
4 2 -3 2
5 0 99 4
5 4 7 4
0 4 72 1
0 2 70 0
0 1 1 5
3 3 57 2
0 2 61 2
3 3 83 0
0 3 53 4
5 5 8 2
3 2 91 0
1 0 89 1
4 4 28 5
0 2 81 1
5 0 29 2
4 4 1 1
0 0 2 5
3 0 88 0
0 0 97 5
3 2 39 5
4 4 15 5
2 2 6 3
5 4 100 1
1 3 42 0
5 4 98 1
0 2 32 0
0 2 11 2
4 2 17 1
3 4 49 4
1 2 77 2
0 5 10 5
3 1 96 2
0 1 5 4
5 2 3 4
5 3 13 3
2 0 31 2
1 0 59 4
5 5 69 5
5 2 -5 2
0 2 64 3
0 2 54 2
3 0 13 1
2 4 6 1
5 1 51 1
4 5 83 4
0 2 37 0
2 0 -3 3
1 3 63 1
0 1 14 5
0 3 90 2
0 3 93 2
1 4 58 2
5 1 78 3
1 0 44 0
1 3 85 5
2 5 18 2
1 3 70 1
5 4 91 2
4 5 74 5
3 2 93 2
4 5 0 2
3 1 56 2
4 4 60 5
3 4 85 3
4 4 61 3
0 5 -6 4
1 3 2 1
0 3 -7 5
2 1 60 0
3 1 30 3
3 5 46 2
3 4 37 0
4 1 29 0
4 2 33 2
5 2 33 4
4 3 71 5
4 2 97 0
4 2 -7 5
2 0 19 5
5 2 65 3
5 5 37 2
3 4 79 1
1 0 29 5
3 1 35 2
0 2 31 0
1 4 33 4
1 4 98 4
5 3 64 5
2 0 85 1
2 1 60 0
5 5 43 2
4 4 28 0
3 3 71 4
3 0 -7 2
5 2 78 1
4 0 15 0
3 0 24 1
5 1 29 2
0 5 63 4
2 5 93 5
0 5 39 1
3 4 1 4
5 0 -6 4
2 4 45 1
3 5 31 4
4 2 74 4
5 2 78 4
0 1 89 2
1 1 44 2
2 1 2 2
3 2 59 3
3 2 69 2
1 4 58 3
1 2 73 4
5 5 10 0
4 3 27 0
3 1 15 3
4 5 10 5
1 4 28 4
0 4 91 1
2 2 36 4
1 4 91 0
1 4 50 3
1 0 54 2
2 0 45 2
4 3 89 3
5 5 62 0
4 3 -8 3
3 1 41 5
5 1 96 4
5 3 89 4
4 4 8 2
0 4 74 4
2 5 16 4
0 2 62 4
0 2 4 5
2 1 15 3
5 3 15 3
1 4 24 0
5 5 -2 4
0 5 87 5
0 0 52 2
4 3 93 4
2 5 25 2
2 2 78 3
4 3 93 5
0 1 62 4
3 4 8 0
4 0 19 5
4 0 58 4
1 4 94 0
1 2 -6 3
5 2 45 0
1 2 -2 1
1 0 36 4
0 0 92 3
3 2 29 2
5 2 81 2
1 2 75 3
1 0 95 5
1 0 74 0
5 5 29 2
5 0 3 4
5 0 8 3
5 0 42 3
3 2 88 0
2 0 -8 2
3 4 80 0
1 1 30 2
4 5 62 2
4 2 -7 4
3 0 33 5
1 2 11 5
5 5 -8 0
3 2 78 2
0 3 63 1
0 3 45 3
2 5 73 4
1 3 12 0
5 4 -1 4
4 1 -9 0
3 1 21 5
1 2 -9 2
1 3 -10 2
2 5 31 2
5 4 96 5
0 4 33 1
4 1 78 0
4 5 32 2
4 5 50 5
5 2 58 1
0 5 72 1
5 5 55 4
4 4 47 3
1 1 -5 3
2 5 -9 1
5 4 -9 4
3 2 19 5
4 2 28 3
0 2 -10 3
3 4 42 3
4 5 13 2
5 0 70 4
1 4 84 3
0 5 45 1
2 5 61 1
5 2 33 0
0 2 73 1
1 3 84 5
0 1 -2 1
4 1 33 0
4 1 60 3
2 5 83 1
2 3 -1 0
1 0 79 2
4 4 -8 0
5 2 63 4
1 5 91 2
1 0 -5 1
3 4 65 4
2 0 73 4
0 3 22 4
3 1 93 2
2 0 79 4
2 5 53 5
1 2 91 0
0 2 85 4
5 1 83 1
0 3 92 2
0 1 23 4
0 3 45 1
0 4 62 5
0 4 31 5
5 5 95 0
5 0 17 2
5 2 74 1
2 5 28 2
2 1 -5 4
1 1 35 5
1 0 17 1
4 0 25 4
1 3 20 2
3 5 -1 4
5 5 47 2
0 4 35 1
2 3 6 0
4 5 66 2
3 3 79 3
4 0 80 5
2 2 -2 0
4 5 80 3
5 4 79 0
3 2 -5 1
3 5 22 2
4 4 73 5
1 3 11 5
2 0 64 3
4 2 51 5
0 3 48 1
5 4 25 2
2 3 18 1
2 2 99 5
0 0 87 0
0 5 78 3
1 3 -4 3
2 1 20 0
1 3 26 5
4 3 37 2
1 1 -3 1
1 4 2 5
3 2 85 0
2 1 99 4
1 0 43 1
0 2 50 4
0 2 22 2
5 2 74 2
5 1 41 1
2 1 22 1
5 5 47 3
5 1 94 3
0 3 39 3
3 3 75 5
4 0 -6 3
5 5 27 4
4 2 86 1
5 4 52 3
1 1 40 4
0 1 -2 1
4 4 2 0
3 0 3 5
3 4 -3 4
4 0 53 2
1 2 72 2
0 0 13 1
1 2 30 1
3 2 44 3
3 1 53 3
5 4 48 4
5 3 62 3
0 5 71 0
3 2 25 1
0 1 8 5
1 5 68 4
1 1 63 5
2 0 91 3
0 1 -3 4
1 0 13 5
4 0 35 5
1 1 10 4
2 1 27 0
4 4 84 3
0 3 12 5
4 0 69 4
2 3 10 4
2 5 98 3
4 4 38 1
5 0 6 4
5 4 79 3
1 4 41 2
0 5 69 2
1 0 34 4
4 4 -7 4
1 0 27 1
5 3 -5 3
2 3 34 1
5 3 40 2
1 1 -5 0
3 5 12 0
5 0 55 1
3 0 -2 4
1 3 68 5
5 3 51 3
1 0 30 0
3 1 93 4
3 1 15 4
1 5 61 2
3 2 -9 5
0 2 88 5
0 2 28 4
4 4 21 1
5 2 6 4
0 4 70 5
1 5 -5 3
0 4 51 5
0 3 -9 5
5 1 16 0
3 4 -4 0
3 2 42 1
4 0 63 0
4 2 66 1
3 1 34 1
1 5 47 0
2 0 24 3
5 4 59 0
1 5 76 2
5 5 80 1
5 4 2 4
3 4 72 5
0 3 10 5
4 0 96 4
1 4 33 2
0 5 17 4
5 3 30 3
