4 5 64.8209 3
1 3 21.4082 2
2 0 0.7748 1
4 4 12.7633 4
4 0 42.2691 0
5 2 47.2863 0
0 3 75.735 5
0 2 4.7937 0
3 3 77.6717 1
5 2 87.1259 0
2 5 19.5058 2
0 0 72.4809 4
1 2 71.1185 2
0 1 23.3363 1
1 0 99.8264 1
1 2 98.4673 5
4 0 77.1446 5
1 1 58.1821 2
1 1 -1.7056 2
1 2 99.2007 1
1 0 71.6027 4
4 3 58.9985 4
5 5 36.2566 2
3 0 62.9302 4
0 5 77.6414 1
5 4 74.4492 0
4 0 41.3777 4
1 1 25.5061 4
3 3 79.8496 3
0 5 25.849 3
1 4 68.1242 5
2 4 20.2148 5
0 4 18.5698 1
3 2 44.9528 5
0 0 77.71 1
5 3 64.0373 4
0 2 22.7495 1
2 0 37.0122 3
2 3 86.9355 3
2 5 71.1295 1
5 5 15.4745 3
1 4 2.3119 5
5 4 38.7804 1
1 0 74.0242 5
2 3 43.083 1
4 4 33.3888 4
0 2 68.3491 3
5 0 83.0415 5
4 3 20.5811 3
4 3 99.8776 3
2 4 77.8842 0
4 4 19.9614 1
2 1 36.1298 3
3 4 88.3389 3
2 1 39.1821 1
0 4 26.9187 4
5 2 84.6848 3
4 5 15.9071 4
5 3 35.1147 0
5 5 49.5218 0
0 5 -4.6145 3
2 3 61.9564 5
5 5 93.8187 2
2 4 81.9484 3
0 2 -7.5096 2
1 1 67.633 0
3 0 77.5397 1
0 2 27.9891 2
0 5 30.3578 3
5 0 13.1058 1
2 1 23.4607 3
0 3 47.3771 5
4 0 6.9472 2
4 5 12.8544 0
3 5 -4.1815 5
4 2 27.3738 4
0 5 80.4054 0
4 4 14.3351 3
1 3 33.5553 0
1 1 70.1584 2
5 1 57.6744 1
5 4 27.3768 1
4 0 55.0248 5
0 3 0.224 1
2 2 28.6205 2
4 5 97.6378 2
0 4 47.7659 5
5 3 79.586 2
0 4 47.2849 2
3 0 81.5516 2
5 3 72.8686 3
4 4 12.7431 1
1 0 4.1744 3
0 5 79.8384 3
1 0 19.9656 1
0 4 71.4066 3
3 2 60.3781 0
5 0 1.0087 0
2 1 59.3516 2
5 5 21.8756 3
0 3 29.6764 3
2 5 90.3458 3
3 3 94.274 4
4 4 5.5916 3
0 0 13.8337 4
4 0 52.1815 5
4 4 30.6422 4
2 0 73.2852 0
5 2 46.763 0
0 2 80.1192 2
5 3 14.4762 5
0 4 46.972 3
1 5 98.4204 4
3 5 96.0342 2
0 0 78.3941 5
4 1 -0.7049 4
3 0 35.7044 2
3 5 17.6061 2
0 5 6.8863 0
3 1 93.6024 3
3 4 50.1139 3
5 4 96.329 2
2 1 16.8637 5
2 4 23.2996 4
0 1 91.0521 2
5 3 34.5998 1
3 4 94.8136 3
0 0 8.2927 0
5 1 -8.6436 4
0 0 99.189 5
4 3 38.5168 0
5 5 32.9959 1
4 4 29.5282 2
0 3 31.5127 2
0 1 90.5637 2
5 3 89.7349 1
5 3 22.6985 0
1 5 44.4848 3
1 2 90.4971 3
1 1 15.9889 1
1 3 8.4115 3
4 2 97.3523 2
3 5 47.36 1
3 2 51.0801 3
0 2 77.6209 4
3 1 91.8022 1
5 4 -9.7122 1
1 0 40.8603 1
1 2 49.8231 5
5 2 24.3146 2
4 4 92.6124 5
5 1 25.064 3
1 0 44.717 4
4 1 -0.4755 2
5 3 33.2242 4
4 3 33.0142 4
0 0 49.7726 3
2 1 71.7308 4
3 3 18.4488 4
2 2 92.0041 5
3 5 49.1363 0
3 5 62.4567 1
0 5 53.1773 2
3 0 24.746 1
1 4 20.0675 1
0 1 71.0296 2
3 5 28.0137 0
0 1 51.0176 5
1 4 35.9261 5
0 5 51.1092 3
1 2 -1.007 0
2 2 89.0464 0
1 5 70.8847 3
4 1 -8.0548 3
2 5 61.6138 3
1 3 62.8054 5
3 1 -3.6278 0
1 5 44.59 4
0 4 54.3236 4
2 5 14.8301 1
2 3 13.7381 0
0 3 -4.613 1
5 4 -2.1831 5
2 0 60.2571 5
3 0 64.5036 3
5 3 15.372 3
4 1 46.5917 5
1 3 3.6474 2
4 0 86.4225 2
3 2 76.8567 2
3 1 -7.7398 5
4 4 44.2306 3
0 2 12.976 0
2 4 89.8496 0
5 1 71.8445 1
0 1 28.4064 1
3 3 44.2335 1
5 2 5.2391 4
4 3 18.517 2
5 4 9.2293 4
1 5 71.3303 2
5 1 90.452 4
1 5 63.635 5
4 0 28.905 4
4 5 -9.6748 2
0 3 23.2062 4
5 1 57.8839 0
3 3 51.1248 2
0 1 74.7585 3
4 2 -4.5749 1
5 5 43.4693 2
0 0 24.6449 0
0 5 66.0247 5
3 4 54.9855 2
0 4 95.3092 4
0 5 -4.7837 2
4 4 35.2741 4
5 2 82.8253 3
5 5 68.565 2
3 2 30.9596 0
5 4 32.0658 1
4 2 8.4403 4
4 3 67.2231 4
4 4 55.3014 3
1 0 69.5055 5
3 3 41.3736 4
1 0 88.7869 2
3 4 -4.5506 0
3 3 53.433 2
5 1 93.6448 1
5 1 15.2744 4
2 4 5.3029 3
0 4 31.3632 5
5 5 95.2486 3
4 4 -0.3236 5
2 1 45.616 2
2 2 29.9844 1
5 1 -9.6977 5
0 3 56.8382 3
4 5 60.4666 1
3 1 -1.3789 4
0 3 39.9225 1
5 4 22.1668 1
3 0 6.4097 4
2 0 43.381 1
5 3 61.0454 3
2 4 83.093 3
5 3 -4.2524 4
1 1 60.1586 5
1 0 -6.4476 4
5 2 52.1787 5
0 4 50.1452 3
3 0 37.4131 5
4 2 42.6815 3
0 4 11.3989 0
3 2 83.6635 2
4 5 -4.7238 5
2 0 16.1283 4
2 1 96.5596 0
2 2 2.2048 3
4 4 59.2237 1
1 0 47.2796 5
0 5 12.7156 1
4 5 16.7058 4
4 3 29.8377 1
4 2 18.6821 0
0 1 -5.5767 4
2 0 50.9998 1
4 0 39.1693 0
5 0 74.4434 1
1 2 84.8863 3
2 2 4.6443 3
5 5 87.552 3
5 0 -7.5635 4
0 1 74.8051 2
5 2 98.1275 3
1 4 98.8348 1
1 1 90.7162 4
2 5 91.0415 2
0 4 11.5895 1
3 5 60.095 4
4 0 17.6058 2
1 2 -3.7125 4
0 5 23.5945 4
2 5 51.2246 3
3 3 86.9823 0
2 0 63.1241 0
4 1 -2.1106 2
2 2 99.6787 1
4 1 6.9407 4
3 2 16.781 4
1 4 94.6691 2
1 5 21.8518 5
2 2 82.4434 3
3 1 -9.0085 4
2 2 54.1409 5
1 0 62.8661 4
0 4 82.0434 3
0 5 47.5917 2
5 4 49.6343 2
0 1 86.8383 0
0 0 23.3586 4
1 3 79.5836 1
2 0 74.3124 3
3 0 56.7933 1
0 0 13.1454 3
2 0 60.8265 1
2 1 11.698 2
0 2 31.063 2
1 0 28.5594 3
5 5 59.3087 3
2 3 67.7387 0
2 2 78.2465 1
0 4 90.3556 5
5 0 18.893 3
1 3 35.6043 5
1 1 86.6353 0
4 5 94.4023 1
3 2 63.4366 4
1 5 54.9393 1
0 0 8.5336 2
4 3 74.5782 1
2 5 74.6677 3
3 2 28.9587 5
5 2 75.4436 3
1 0 91.4582 5
4 2 77.4166 3
2 1 4.6795 1
5 4 -8.9879 2
0 2 69.5032 2
1 3 17.6607 1
4 5 24.6579 1
2 1 63.4718 4
1 5 15.7178 1
2 5 45.0822 5
2 5 32.932 2
1 1 69.2926 2
1 1 38.4056 1
0 3 93.5068 1
5 3 6.1097 2
5 5 70.1578 0
3 2 89.826 3
4 3 40.9826 5
5 4 95.9027 2
3 0 30.4153 3
4 0 16.7163 4
1 3 79.8778 4
0 2 -8.5119 1
4 1 56.3422 5
0 0 80.7096 2
2 2 99.1609 2
5 2 62.4978 3
4 5 43.2261 4
2 1 90.1739 5
1 2 -6.8379 3
0 3 13.3087 3
0 5 62.5253 3
5 2 52.5452 1
2 5 98.2797 5
5 1 80.7162 2
5 3 47.1966 5
1 3 6.1304 5
5 4 -3.1752 0
3 3 54.2964 2
4 1 59.402 5
2 2 42.0721 4
4 3 20.3338 1
4 2 22.3661 4
5 5 68.9414 4
0 2 52.5507 2
0 1 39.0502 4
4 4 22.9632 3
4 0 27.0777 1
1 4 -0.8369 2
5 2 25.2932 1
4 1 37.136 5
3 5 38.5556 5
3 5 73.1649 5
3 1 62.914 3
2 3 20.2367 0
3 0 55.8343 0
5 3 -5.4586 4
2 1 0.8709 1
5 3 47.8942 4
1 1 80.2135 5
4 5 30.5572 1
1 1 55.1875 5
0 3 62.5935 3
4 0 32.0936 1
0 5 34.9375 3
5 5 89.4517 1
5 0 -4.1619 2
1 0 -1.9276 3
5 4 9.4312 5
2 2 69.9196 4
5 2 70.1049 3
3 5 96.013 1
2 5 17.0909 3
3 0 0.8021 1
4 2 88.3764 1
4 1 10.3308 1
4 4 87.8729 5
0 1 15.9459 4
4 4 37.1542 3
5 1 85.3159 0
1 3 62.5582 3
1 5 -5.0459 0
1 0 -3.0574 4
2 2 34.4786 1
2 4 42.0921 4
1 2 -7.5524 0
4 5 -6.4122 0
3 2 -2.6735 4
1 0 66.9825 5
1 0 28.3303 2
0 1 90.6436 2
5 3 84.7464 3
0 0 25.9504 3
4 5 27.0867 3
3 4 39.2385 4
5 4 49.3945 5
3 2 72.7857 0
1 5 -9.0325 5
0 2 -3.151 0
3 0 36.1671 3
4 4 31.2361 3
5 0 22.7821 2
1 5 2.4133 0
0 3 63.1438 4
0 0 98.9753 1
5 0 60.387 2
2 0 74.0941 3
2 1 27.1777 1
2 3 -3.1272 2
1 1 25.9417 3
5 4 90.9963 2
0 4 72.2864 0
1 5 83.6221 5
0 3 -5.7517 1
4 5 27.524 4
5 4 66.7255 5
1 0 36.3978 2
0 0 28.7223 1
2 3 75.7899 2
1 2 80.9511 4
2 4 83.2836 2
0 3 36.9574 2
1 1 52.8478 4
0 4 49.7254 2
5 0 4.3736 5
2 3 52.1991 5
0 1 49.4388 2
0 3 98.5902 5
2 1 10.0491 2
4 0 28.6791 2
1 3 8.138 1
3 0 9.4451 5
1 3 40.1513 5
4 4 43.6909 0
2 4 39.9492 2
3 5 28.474 3
1 5 98.506 3
3 3 66.4857 4
4 5 70.9528 2
0 1 53.1912 0
5 0 55.5508 0
1 2 87.8009 0
0 3 3.9397 3
3 5 48.684 2
0 2 -7.6473 1
1 2 -2.2514 4
2 1 24.3397 2
4 4 63.4845 1
2 3 57.2848 0
5 1 90.5117 5
1 0 -1.0532 0
1 1 66.9939 3
0 1 4.2453 3
0 1 53.327 0
3 3 15.1598 2
2 2 68.6702 3
4 2 77.7023 4
4 4 93.045 3
1 5 76.589 3
4 3 40.999 0
3 4 90.389 2
4 3 78.1613 0
4 0 12.8905 1
4 0 68.5404 0
2 2 78.4509 4
3 3 34.17 1
1 4 42.3046 1
1 1 27.9886 4
3 4 63.1521 1
3 2 20.475 5
2 0 76.4012 1
1 3 -8.1903 0
4 0 73.9466 2
0 4 87.027 1
1 1 68.3222 1
2 2 75.681 1
3 0 66.8992 5
5 4 43.2431 3
4 5 13.2027 1
3 3 86.1375 2
1 1 79.7655 1
2 1 95.006 1
5 0 62.7715 3
5 5 49.4128 0
5 2 84.556 5
4 5 71.5815 0
3 0 91.7121 3
1 2 29.2871 0
4 1 98.0123 2
5 1 75.1073 5
3 2 15.6058 1
3 4 -5.7643 5
0 4 89.146 2
1 5 81.4045 5
1 0 58.1838 1
4 5 -5.8258 5
1 1 7.9693 0
2 3 19.8824 4
5 3 88.7773 0
2 1 50.4488 0
4 5 14.1237 0
4 1 74.3057 1
3 2 90.4374 1
0 3 -8.1193 0
0 3 27.0558 0
5 2 32.1918 4
5 4 22.064 2
3 0 21.6256 5
2 1 35.669 0
3 1 38.7715 2
1 2 89.5924 2
2 0 30.5754 4
5 3 58.9855 2
3 0 34.1446 3
4 5 10.0158 5
2 1 -1.9665 5
2 5 91.1027 3
0 5 84.0132 4
3 2 97.9375 5
1 4 86.8 0
3 1 11.9253 4
1 1 77.5452 3
4 3 78.5429 3
5 4 4.4772 3
1 3 34.9511 2
4 3 40.9235 5
4 4 45.1362 3
3 1 75.0341 0
1 4 -2.016 2
5 5 78.0427 2
4 3 50.4242 3
5 5 15.9805 3
2 3 27.4584 1
5 1 38.3126 2
2 0 -4.0554 4
4 2 59.846 3
1 2 15.319 4
2 3 35.1256 3
1 2 2.8399 4
4 3 65.9137 4
5 2 94.3205 0
3 1 92.8862 0
2 4 76.0654 2
1 5 94.4772 2
5 0 53.4879 1
1 2 -3.5732 3
2 1 44.0774 1
1 4 79.2777 4
5 4 53.7936 5
5 0 46.2148 2
3 5 94.0612 5
0 5 29.5164 0
1 4 81.2698 5
1 2 54.6032 2
4 3 -0.1842 3
0 1 -4.439 1
5 2 98.2035 2
0 5 -7.1175 1
4 3 35.0007 2
4 1 46.0686 3
5 0 67.4657 4
3 1 71.2522 3
4 2 39.6503 1
0 2 38.9363 4
2 2 59.5965 1
5 4 34.8737 0
0 2 39.8924 3
2 4 47.5539 4
5 2 -0.6257 4
1 2 50.0196 2
3 0 -6.9237 1
2 2 24.4214 2
2 4 78.7377 1
1 3 57.8523 1
2 1 46.4135 0
3 5 80.5622 1
0 4 55.6578 4
3 3 34.8873 0
5 3 73.8089 2
3 1 9.9507 3
5 4 89.0382 2
4 2 8.4627 5
2 1 65.2344 2
1 4 62.4186 3
4 2 9.2786 1
4 2 72.2327 0
5 2 -2.0969 0
1 1 83.7126 1
5 0 -6.4881 2
3 1 6.9596 2
1 5 84.8858 5
0 2 27.7611 3
2 3 90.6967 2
0 5 59.3553 2
0 5 66.276 1
4 5 89.9133 1
3 5 94.4459 5
1 1 95.5397 2
2 0 3.0376 3
5 3 35.425 2
1 5 84.7158 3
3 3 40.8907 3
1 0 18.5023 2
4 5 36.421 4
3 0 29.1442 5
1 0 10.5825 0
1 3 16.6518 0
5 3 69.0224 2
1 4 35.1464 3
0 2 77.6918 3
0 4 -5.7828 2
2 0 -3.8903 4
5 1 35.2043 4
4 3 83.5406 2
5 0 75.5402 3
0 4 6.3934 2
1 0 37.0063 0
0 4 -8.7465 3
0 5 7.7498 1
5 1 54.5037 4
0 4 52.325 3
4 5 66.3469 0
3 2 18.0919 1
5 0 43.6093 1
0 0 10.7205 1
4 2 39.3676 5
2 3 76.0508 1
0 4 4.5823 5
5 5 72.1386 5
3 3 23.2949 0
5 4 84.6881 3
0 3 72.4541 0
2 2 36.9167 0
0 5 64.4234 5
0 3 -5.2909 3
1 2 50.0175 4
4 3 82.8253 0
5 2 89.0215 5
0 3 6.5437 3
1 3 79.2398 4
4 4 73.809 2
1 0 58.9136 0
2 1 45.3455 1
3 2 -0.2637 5
0 2 81.5156 2
4 5 74.3044 4
2 3 45.8721 2
4 5 25.4046 3
0 2 -0.4407 1
0 5 68.9784 1
0 4 90.2299 0
5 1 51.3628 2
0 1 19.779 0
0 4 94.8811 0
1 5 94.3607 4
5 3 20.7671 4
1 5 97.0719 3
5 3 83.8502 1
4 5 83.5362 0
3 1 10.298 4
0 3 76.9345 0
3 2 86.3074 5
2 4 63.4076 3
1 4 53.0978 3
0 3 53.4722 3
5 1 43.9151 4
4 0 75.1914 4
3 1 18.7667 0
2 0 29.8213 3
0 0 30.5889 0
3 1 77.0361 5
0 3 41.7071 4
5 5 25.5612 1
2 4 -3.1416 1
5 3 -5.0126 0
5 0 32.9151 4
3 1 31.981 5
0 1 54.3122 1
0 3 57.8238 3
4 3 45.0202 2
1 1 69.9016 1
5 0 97.6378 5
1 3 18.2549 5
3 5 72.0682 5
2 4 47.3245 5
5 3 41.14 4
3 1 43.5519 0
1 3 36.7855 3
2 1 81.0735 0
4 4 90.3223 2
2 2 73.2369 1
1 1 6.0963 1
2 0 91.2576 3
2 5 83.9481 2
5 1 96.9815 5
4 1 48.2112 5
3 4 66.2446 5
1 5 28.1929 0
2 0 59.7818 5
4 5 57.8555 2
1 1 41.7146 5
3 4 76.2551 2
3 1 59.442 5
0 0 28.7517 1
1 5 13.109 0
0 5 45.4298 0
3 2 53.0568 2
3 0 72.7182 4
3 5 -6.6052 3
3 1 43.9118 3
0 0 31.4411 2
2 3 89.4933 2
4 1 25.8006 0
3 4 32.9393 5
3 5 66.1025 3
0 3 -1.1459 3
2 4 50.2624 3
3 1 -8.3698 1
5 4 84.4508 2
5 4 39.4798 1
3 1 92.6199 4
0 1 -4.0519 2
4 1 74.2298 5
4 0 90.6698 3
1 5 76.5559 4
4 0 46.4617 1
4 5 17.5747 1
3 4 48.3906 4
1 5 72.7415 4
4 2 52.7911 3
4 1 6.9695 4
0 4 30.7916 2
1 2 -1.6822 4
4 0 87.2191 3
5 3 67.4006 3
3 2 48.9784 1
1 1 59.9707 2
2 4 48.3777 4
0 2 62.8288 5
2 5 28.1181 0
2 3 38.2455 2
5 5 93.8151 4
2 4 87.1741 1
4 1 33.054 3
4 3 33.2437 5
5 4 31.8347 0
5 3 56.8545 2
1 1 1.9936 2
1 0 2.4389 5
2 4 13.1044 5
5 5 6.2658 3
4 2 56.8529 0
2 0 61.0373 0
4 4 44.3277 1
3 0 23.6635 1
1 5 50.1262 2
5 3 93.9017 1
4 0 29.4092 1
4 5 27.1641 4
4 1 42.8227 4
4 5 89.3996 3
3 1 38.0785 3
4 4 78.51 2
3 5 25.7352 3
3 1 38.7744 5
3 0 29.0249 0
0 1 37.526 1
3 0 67.4275 1
2 2 31.713 0
4 5 3.1279 2
3 4 94.3882 1
1 0 10.3653 4
3 5 66.0777 5
1 1 25.8614 0
5 0 39.5335 2
0 0 2.4863 1
2 0 25.6575 2
1 2 10.2536 2
3 1 22.4499 2
3 3 24.566 3
0 1 91.3381 0
2 2 63.7394 3
2 3 62.7957 0
2 3 46.8637 2
1 5 -8.2108 4
4 2 -6.9265 4
3 4 60.1082 1
4 5 30.1434 3
4 4 74.5732 5
2 1 89.2902 5
0 5 94.2279 4
5 0 75.1524 5
1 1 24.3179 1
0 5 14.9294 2
2 1 37.8976 5
2 1 83.5473 0
0 5 71.5973 5
0 3 87.0435 0
4 5 10.4427 3
3 5 37.6565 4
0 0 0.4539 2
5 4 0.531 5
0 1 90.9059 2
4 2 23.5531 3
3 4 6.1257 0
5 3 18.1391 3
2 0 98.6439 4
0 5 16.3181 3
1 5 45.3893 2
2 5 51.9354 1
4 3 18.5284 1
1 5 97.9847 2
0 4 61.8217 3
4 2 42.5395 2
1 0 93.8581 3
1 3 83.5324 0
3 4 86.263 3
5 3 48.6676 3
2 3 81.1307 0
3 5 47.4357 4
1 3 3.3874 0
3 2 32.3133 5
3 1 15.8378 5
0 4 64.5387 3
0 2 80.3204 3
3 0 37.5394 4
3 3 48.7342 5
2 1 85.9315 0
2 1 19.6114 1
0 1 59.0637 5
1 3 91.6625 0
1 5 81.1207 3
3 1 50.808 4
1 2 99.6661 2
2 2 61.122 4
5 0 26.2842 2
3 1 2.0963 3
4 1 81.5671 1
4 5 76.9119 1
1 4 -3.6974 2
5 1 55.517 2
5 5 91.4458 5
4 0 64.6466 0
4 4 77.8947 0
0 4 51.0622 1
2 3 91.0161 0
1 1 68.2574 0
3 5 -8.2406 5
1 1 18.5484 1
2 5 99.6435 4
3 1 88.1489 4
3 3 35.3845 1
4 1 17.8332 5
4 5 -3.1387 5
0 5 28.2833 0
2 3 38.5916 1
3 1 24.2719 0
4 2 52.1327 5
3 1 29.3462 3
2 3 95.6328 4
1 4 96.8947 1
3 0 17.0912 5
5 2 37.0054 4
4 0 89.0568 5
1 4 20.4607 0
3 3 -4.831 3
2 3 92.4856 0
1 2 26.6133 4
0 5 28.6353 5
2 0 98.505 5
2 2 -2.9323 0
1 1 71.8004 5
1 3 86.3229 0
2 4 36.391 5
4 4 68.7166 0
4 4 62.738 3
5 1 99.1722 1
5 4 23.3208 0
2 3 76.7658 2
2 4 42.6952 3
3 3 30.472 3
4 2 -0.0947 0
5 0 96.3108 2
3 5 54.3837 5
5 2 35.3431 4
2 0 4.568 2
0 3 92.1253 1
3 1 99.3524 5
5 4 26.5046 4
3 3 53.1883 2
2 5 77.2802 3
3 5 64.4904 3
5 4 51.5552 5
0 4 77.772 3
1 4 19.6504 1
0 3 20.8043 0
0 4 54.6387 1
0 1 80.4103 4
5 5 26.9737 5
3 3 39.0705 2
2 1 96.8602 2
2 4 62.2704 3
1 1 40.0468 3
1 0 60.5185 3
1 5 3.7816 5
1 1 38.9541 4
4 3 -7.2086 3
4 4 91.7287 1
1 1 12.4349 0
2 2 79.553 4
3 2 44.2815 1
5 0 79.0817 5
2 5 6.0083 1
3 3 74.2977 1
0 1 89.1895 2
2 4 22.5502 2
1 2 6.1929 0
4 4 42.0911 3
4 0 29.0019 5
2 4 -4.1 2
5 3 0.5318 5
0 3 57.1782 1
1 0 24.4848 2
1 2 95.7934 5
0 2 50.9272 5
3 3 55.7839 3
3 5 44.2989 3
5 4 -9.5712 3
2 1 24.5672 3
0 3 37.2462 4
4 0 87.3962 5
3 3 10.1977 2
1 3 22.5591 4
2 0 1.3226 3
3 5 59.5154 0
0 4 93.9629 5
2 4 48.4413 2
5 2 84.2296 3
0 3 70.7599 1
2 5 -2.0345 1
1 3 4.2062 1
0 3 73.6115 1
4 4 81.9145 1
5 2 94.1421 0
2 1 58.7894 4
5 4 8.9852 3
1 2 20.9582 5
4 3 37.1582 0
5 4 55.9094 3
5 2 1.0862 2
4 3 80.7671 5
2 1 66.0451 0
3 2 37.8089 2
4 4 96.2621 3
4 4 63.7604 1
1 2 52.2923 2
0 2 36.6586 0
1 3 -7.0073 1
3 4 32.9977 5
2 5 24.6215 3
0 2 -8.0905 1
0 0 54.4983 3
5 3 -2.6439 3
0 5 63.8695 2
0 3 12.9572 0
0 1 94.8997 2
3 4 27.7268 5
5 1 19.4887 4
0 2 85.8062 0
5 5 80.1498 3
5 4 60.1531 2
2 1 22.7323 5
4 2 16.8469 5
5 4 66.0983 4
1 4 20.7031 0
