0 1 6 5
2 0 72 2
0 2 91 5
3 4 32 4
3 2 69 3
4 5 -6 2
0 1 46 0
4 3 82 0
3 1 0 5
5 3 11 1
3 1 24 0
0 3 24 2
4 1 16 1
1 1 24 1
3 1 23 1
5 5 36 3
4 4 72 3
5 0 18 5
5 2 23 2
1 0 56 3
3 3 -2 2
4 2 4 1
3 4 37 4
1 5 20 1
5 5 100 3
2 5 29 5
0 0 29 5
1 3 26 4
2 4 35 5
3 1 62 1
1 4 13 5
2 3 54 3
0 5 98 4
0 4 46 1
3 1 61 3
0 3 12 1
4 0 68 1
3 4 42 1
3 0 30 2
0 3 29 4
3 2 -2 1
3 1 -7 4
5 0 62 5
2 5 82 2
0 5 100 4
0 3 49 1
5 0 46 0
0 2 37 0
3 4 91 5
1 2 6 4
4 5 21 4
5 4 62 4
5 0 34 4
0 2 96 4
4 0 65 0
5 5 23 1
1 5 99 0
3 5 76 2
0 0 99 3
0 4 6 3
3 0 27 3
5 0 -2 0
4 4 80 4
0 3 23 5
2 1 74 4
3 5 -7 1
1 2 43 2
3 0 75 2
5 3 55 5
2 5 1 0
4 4 84 5
3 2 19 2
5 3 98 5
2 1 3 4
0 1 26 3
3 4 51 1
5 3 2 2
0 4 15 0
0 5 31 3
4 5 42 2
1 1 16 1
2 3 50 4
2 4 -3 0
2 5 96 4
4 1 -9 5
2 2 98 0
3 2 0 4
5 4 59 1
2 2 22 1
0 2 -8 3
4 1 33 5
1 2 39 1
3 5 85 4
2 2 42 5
3 0 18 0
4 5 23 0
5 4 26 1
5 2 85 1
5 5 22 5
2 1 12 2
2 4 -3 4
0 1 35 2
3 4 69 2
4 3 78 3
2 3 34 2
3 4 70 2
0 5 48 3
3 0 40 2
3 5 43 4
0 4 16 2
1 0 58 0
1 2 66 1
5 5 98 4
5 4 5 4
5 4 84 5
5 1 74 2
2 0 21 1
1 2 26 2
1 4 26 1
1 5 37 0
1 5 28 1
5 3 21 2
2 1 88 5
3 2 95 5
4 0 31 4
2 3 80 1
2 3 50 5
4 1 -1 3
1 5 26 2
1 2 98 1
4 4 13 1
2 5 10 3
4 1 2 0
3 4 90 5
4 5 -5 2
1 4 77 2
3 3 0 0
1 1 38 0
3 2 81 1
0 1 96 0
5 5 55 4
2 5 14 1
0 2 0 4
4 1 25 3
2 5 92 3
1 2 77 3
1 3 7 0
3 5 98 0
4 4 22 4
5 3 80 1
2 3 1 3
2 5 -3 3
0 3 38 0
1 3 2 3
5 5 94 5
0 5 33 3
1 2 29 4
5 1 60 1
1 3 86 2
2 0 53 1
5 4 12 0
3 3 -4 4
1 2 42 0
2 4 51 2
1 1 25 2
4 0 84 3
0 3 51 2
5 1 34 5
4 3 69 4
0 1 91 0
3 4 12 2
4 3 67 4
4 0 66 2
2 2 76 4
4 4 76 5
5 5 79 1
5 2 11 3
3 5 36 2
1 5 53 3
2 5 61 4
1 1 23 2
4 4 11 2
3 0 20 1
5 5 66 1
1 5 32 0
0 4 -5 1
4 1 37 1
0 2 13 1
5 2 9 2
3 1 56 0
3 5 -2 1
4 2 81 4
2 5 52 4
4 1 53 5
1 1 90 2
4 3 88 0
4 2 18 0
0 4 54 4
3 4 5 0
0 2 26 3
5 4 80 4
0 3 13 1
5 3 -4 4
1 1 10 3
2 1 31 5
0 0 38 1
5 4 17 3
4 1 94 3
0 4 21 4
0 1 51 3
1 4 49 1
5 5 82 5
2 3 -5 1
0 1 90 3
5 5 45 0
2 1 50 4
1 3 78 0
1 2 76 1
0 0 45 1
5 3 86 0
3 1 88 0
1 5 33 5
4 1 43 3
1 1 8 4
3 4 43 4
5 4 30 0
4 4 70 2
1 5 87 3
0 5 35 3
2 5 6 0
4 0 78 2
4 3 47 2
0 4 91 2
0 5 36 0
5 2 74 0
5 3 63 1
0 1 43 1
1 4 97 3
4 0 76 2
2 3 82 3
1 4 85 0
2 5 48 0
1 2 67 5
3 0 43 5
1 3 1 1
0 0 15 3
1 5 76 0
4 5 39 1
3 3 55 3
4 3 -2 5
1 2 65 5
1 5 29 2
3 2 2 3
2 1 53 2
3 0 39 4
0 1 -6 0
0 2 83 1
0 3 62 4
5 3 2 4
4 0 52 3
4 0 -7 0
4 0 86 1
5 1 77 1
5 0 63 0
2 1 23 5
2 1 43 4
3 3 32 4
2 1 75 3
0 2 76 0
1 3 88 5
4 5 52 5
0 5 27 0
3 2 24 3
4 5 32 0
1 0 2 3
2 2 13 3
0 2 48 1
1 5 9 1
2 5 82 2
4 1 30 5
4 0 87 3
5 5 71 2
4 3 44 5
3 4 45 3
5 1 10 4
3 5 -2 4
5 3 17 5
3 3 63 4
4 5 39 5
1 3 93 4
4 1 1 0
3 2 22 3
2 2 -9 1
2 4 21 0
4 4 2 2
1 5 95 0
2 2 33 3
2 0 91 2
0 2 11 2
2 4 29 4
2 0 16 2
1 3 73 2
3 1 22 0
2 3 26 0
0 5 56 0
3 1 74 5
5 4 54 1
5 5 24 4
4 3 33 3
5 0 7 4
5 1 98 1
4 2 83 1
2 5 94 1
1 2 99 5
3 0 94 2
5 4 58 2
0 5 -7 0
3 5 11 5
0 0 7 4
5 2 65 2
1 2 19 4
2 1 13 4
5 0 29 3
1 2 41 2
5 3 -1 5
5 1 18 5
3 1 55 5
2 0 7 1
2 4 61 4
4 4 95 5
4 5 96 5
1 2 80 3
2 1 45 2
5 1 70 4
1 4 39 1
4 3 21 4
4 4 34 5
0 5 6 0
1 4 -4 2
1 2 3 2
4 0 98 0
5 2 53 4
2 5 77 2
2 2 17 5
1 3 99 4
5 0 -7 3
4 5 15 5
3 2 37 4
3 1 -8 4
4 2 31 0
1 1 -4 3
5 5 41 4
5 0 71 0
5 2 59 0
1 0 1 2
5 1 -7 1
4 0 84 0
2 4 8 3
5 5 94 1
3 2 59 3
5 3 78 1
2 4 61 5
5 1 20 2
1 1 72 2
2 1 58 1
5 2 81 5
4 1 2 0
5 3 27 1
4 1 72 2
4 2 71 5
1 3 70 3
1 0 56 3
0 2 62 0
5 0 8 4
4 4 92 0
5 3 74 4
1 1 13 3
4 0 41 2
0 3 60 4
4 1 63 4
2 0 35 4
3 1 50 2
4 0 92 5
3 2 44 1
2 3 25 4
5 4 -3 3
5 5 -1 4
0 3 53 4
1 4 72 4
4 2 -7 5
4 0 46 5
4 5 35 4
3 2 57 1
2 3 60 3
1 3 75 1
4 2 61 2
1 3 19 5
4 4 7 4
5 4 11 1
2 2 26 3
1 3 14 4
3 4 52 4
0 4 13 4
1 1 64 0
1 5 84 0
2 3 83 4
3 0 21 5
3 2 41 3
3 4 71 3
5 0 55 1
0 1 65 0
0 5 52 5
5 0 58 4
4 4 14 4
5 4 10 1
3 1 98 3
5 2 20 4
0 0 96 5
3 4 79 3
4 4 38 3
2 3 54 2
1 4 32 1
0 4 61 5
0 3 71 5
4 1 18 5
5 5 40 5
2 3 73 4
1 1 79 5
3 3 80 5
1 5 50 2
2 0 40 4
2 3 76 1
1 4 63 2
3 0 40 1
3 0 75 5
1 2 71 5
5 1 0 3
4 5 57 1
3 4 50 1
1 3 96 5
3 0 76 2
3 3 56 5
2 2 5 3
5 1 58 5
4 5 -5 5
4 3 -3 2
3 0 22 3
5 0 57 5
0 5 92 3
5 2 12 3
3 3 67 2
0 1 14 5
5 1 14 5
4 0 58 0
4 1 70 2
2 3 88 2
4 1 35 2
3 5 2 5
0 0 56 1
0 0 12 2
2 1 35 2
0 5 81 3
0 3 30 0
4 2 92 3
4 5 18 0
3 0 82 1
0 2 56 0
3 3 81 3
1 0 54 1
4 5 74 1
1 1 77 1
2 2 -2 5
5 3 34 2
3 4 98 1
3 1 27 3
0 2 24 3
5 3 32 4
1 0 74 3
3 5 43 0
0 4 1 4
4 4 51 2
1 4 4 4
5 3 20 3
5 0 32 0
0 5 10 5
5 5 15 2
5 3 63 3
2 5 83 3
5 0 41 4
0 4 29 0
1 2 54 5
5 1 56 0
4 3 5 0
3 4 3 4
2 4 86 2
3 5 -1 3
1 5 87 0
1 4 98 1
4 3 52 2
0 4 24 5
4 4 71 4
5 0 37 3
2 3 43 0
5 5 62 5
2 5 74 1
0 5 44 4
3 0 59 4
3 0 23 5
4 3 36 1
4 4 11 0
1 1 11 0
5 2 -4 5
2 1 5 3
1 0 15 4
5 2 86 1
2 2 9 2
0 5 65 4
2 2 62 0
0 0 29 3
0 4 84 2
2 3 45 2
2 3 29 3
1 1 -3 4
3 0 63 0
4 1 19 1
2 3 11 2
5 0 49 4
2 2 78 4
0 2 10 5
0 4 76 3
4 1 73 2
4 5 43 1
3 0 44 2
4 1 0 0
1 1 -5 5
4 3 84 3
4 5 92 3
3 2 -10 5
4 1 64 1
1 4 75 4
1 3 71 5
5 4 -7 1
2 1 75 0
4 2 91 3
4 2 8 2
4 4 64 1
4 3 13 0
4 5 56 1
1 4 -1 5
1 4 65 2
2 4 84 2
1 5 41 5
4 3 21 3
1 0 20 1
0 4 67 1
3 0 57 4
4 0 -2 1
3 1 76 2
1 1 74 0
2 3 -5 5
0 4 54 2
0 1 30 0
2 3 19 4
5 2 75 3
5 4 -9 5
4 0 55 5
0 1 44 1
0 5 57 5
5 0 -9 5
4 3 33 3
1 2 17 4
5 1 21 0
0 0 15 0
5 2 50 5
1 5 79 0
5 5 33 5
1 4 78 4
0 4 29 0
1 4 62 0
4 5 57 2
5 5 3 1
3 5 41 3
0 1 43 1
3 4 45 1
1 4 7 5
3 1 47 0
3 2 69 0
4 0 70 2
5 0 -6 3
4 4 93 1
4 2 95 1
1 3 62 1
3 2 45 0
0 2 79 3
0 2 49 4
5 5 15 2
5 5 85 3
0 4 86 5
0 3 41 2
1 5 92 0
0 1 12 5
1 0 80 2
0 4 70 3
2 4 -6 4
0 1 19 2
1 2 36 2
3 0 62 5
1 4 64 3
0 4 61 5
2 4 27 2
3 3 50 5
2 3 64 0
4 0 81 4
2 1 53 3
0 2 7 0
4 4 86 0
2 0 2 3
5 0 86 4
2 3 49 2
3 3 86 4
5 4 1 3
3 2 -5 5
2 3 23 5
5 1 76 3
1 5 56 2
3 3 -6 0
0 2 -9 5
4 1 91 0
3 0 7 5
2 0 66 1
4 1 13 4
4 3 31 4
5 3 94 1
5 5 37 1
0 2 12 1
3 4 39 1
5 3 54 4
2 4 93 1
4 4 84 5
1 2 75 0
3 5 33 1
0 3 43 1
1 0 16 0
0 3 43 4
1 1 -4 1
4 4 62 2
1 5 95 1
0 1 80 4
4 5 87 3
2 2 75 4
2 2 30 2
0 2 39 3
2 4 99 2
2 3 17 0
5 5 32 4
4 1 83 1
1 4 24 5
5 2 5 5
1 5 58 4
1 0 57 2
3 1 36 1
3 2 70 1
1 0 86 3
3 5 49 2
5 2 26 1
5 4 56 3
1 1 42 1
1 1 19 3
4 2 2 1
4 3 -9 3
4 3 83 4
1 5 46 3
1 1 37 5
5 1 9 1
0 3 76 4
2 0 -4 4
0 1 46 1
4 4 57 2
0 1 33 4
5 4 87 3
2 5 64 4
0 0 -2 5
1 1 17 4
1 5 72 3
1 3 90 3
2 1 76 2
3 0 93 1
1 1 -1 3
0 1 13 0
4 1 97 2
3 2 2 5
2 0 60 2
4 5 -7 4
1 1 39 5
1 3 1 1
4 1 22 3
5 3 81 5
0 1 25 5
1 3 -10 3
3 4 43 1
0 5 11 0
2 2 92 4
4 2 8 5
5 2 32 3
4 3 87 0
1 4 18 1
5 4 24 4
3 1 68 3
5 4 39 2
3 1 19 1
0 1 10 2
3 3 71 1
3 4 7 4
3 3 16 0
2 5 44 5
0 2 28 3
5 0 35 4
2 1 41 4
0 2 20 0
5 0 24 2
2 2 73 2
0 5 96 3
4 2 14 1
5 3 4 4
5 4 6 0
3 4 61 3
1 0 78 2
3 4 35 5
1 1 7 2
2 1 1 2
4 3 28 4
0 3 18 0
5 5 51 0
4 0 42 5
4 3 46 5
3 3 78 4
4 3 22 0
3 3 83 4
1 4 73 3
5 2 37 1
4 0 24 1
0 0 64 4
0 5 34 4
2 4 97 3
3 5 77 3
5 4 99 1
4 0 74 2
4 2 91 4
2 5 39 3
0 4 88 5
4 0 29 2
5 3 53 3
2 2 25 3
5 2 18 4
3 2 8 1
4 2 75 4
4 5 93 4
2 3 95 1
5 5 20 2
2 2 98 1
3 1 36 2
0 3 23 0
2 1 89 2
1 3 20 5
4 0 91 2
4 5 79 4
4 3 14 5
3 3 41 2
1 0 83 5
4 5 94 4
5 0 43 2
0 5 78 3
2 5 14 0
2 0 95 0
2 0 79 4
1 3 54 4
1 2 2 3
1 3 13 4
2 0 29 4
4 0 26 5
2 3 27 1
3 2 61 3
1 3 60 1
0 0 23 2
2 2 40 5
3 2 77 3
5 2 76 2
3 1 54 1
1 2 -1 3
5 3 18 3
0 1 83 4
1 2 53 5
3 5 73 3
1 4 20 2
2 1 64 0
2 1 18 0
3 2 44 1
5 3 46 2
0 0 5 5
2 5 37 4
3 0 93 2
0 5 41 2
0 1 88 1
0 0 29 4
5 5 58 1
5 2 -4 5
3 1 54 4
0 3 94 1
5 5 58 5
0 4 -1 0
4 0 -9 5
5 0 61 0
1 2 9 2
1 3 61 2
3 2 42 0
0 1 41 0
2 1 57 4
4 0 88 2
4 3 35 1
5 4 28 4
2 0 35 2
1 5 83 0
4 5 11 2
4 3 15 1
1 1 67 4
1 3 58 0
2 5 35 4
2 1 29 4
5 4 52 3
3 4 62 2
5 2 84 3
1 3 61 4
0 1 64 0
3 2 12 5
3 5 89 2
1 4 33 4
3 3 37 0
5 2 50 1
1 1 19 0
0 0 1 0
2 5 34 3
1 5 82 4
4 5 72 1
0 2 70 4
2 1 32 2
0 2 -2 4
1 1 9 1
0 1 82 0
0 4 0 3
5 2 49 0
1 5 46 0
2 1 94 2
0 2 46 1
2 1 29 2
3 3 7 5
2 5 17 1
1 1 5 0
4 4 53 1
1 0 93 5
3 5 32 3
4 1 19 0
3 5 28 0
2 2 54 0
4 0 -6 1
4 0 24 0
0 5 26 2
1 1 78 3
2 3 38 0
4 3 -8 4
1 1 40 2
4 2 11 5
5 3 95 5
2 0 4 5
0 0 98 0
1 5 21 4
2 5 78 4
3 3 29 3
0 5 13 4
2 0 54 3
3 3 59 0
4 2 39 1
5 3 84 4
3 0 95 2
1 5 90 5
2 5 35 0
3 5 90 2
0 3 7 0
1 2 87 5
5 2 -3 0
4 2 70 3
5 2 -10 5
1 1 23 2
1 5 23 0
4 3 83 3
0 0 31 1
0 0 45 5
4 1 63 4
1 1 66 0
3 5 35 2
0 5 3 2
5 0 7 4
2 1 82 5
3 0 51 5
2 3 85 1
0 0 67 5
4 3 93 1
1 0 59 3
2 4 64 1
3 5 3 4
0 4 26 3
4 4 -4 0
3 0 33 5
2 3 -3 3
3 0 81 4
5 0 18 3
0 2 39 0
5 5 69 5
2 0 59 1
2 3 85 3
4 0 99 2
0 1 0 4
1 1 77 0
0 0 61 0
0 2 82 3
2 3 95 0
1 3 75 3
5 0 15 4
2 2 11 3
3 0 36 5
5 3 -8 5
2 0 96 0
5 4 24 2
3 0 62 2
2 2 88 2
5 1 43 0
5 5 -5 0
5 4 47 5
5 3 72 2
0 4 63 4
0 4 56 5
5 0 80 2
4 5 46 5
1 1 56 1
4 2 44 5
1 3 88 4
3 3 81 2
5 4 7 4
5 0 -8 4
0 4 25 4
4 0 47 2
3 4 90 5
0 5 53 2
1 4 48 3
1 0 24 5
3 1 10 2
4 0 87 3
5 5 72 4
1 3 16 5
3 2 43 4
1 0 43 4
2 0 71 3
5 3 44 0
2 5 85 5
2 0 22 0
0 1 20 5
0 4 54 1
5 2 24 4
4 4 44 0
3 2 21 1
0 1 57 1
1 5 3 1
4 4 70 5
0 4 52 2
5 3 34 5
1 0 84 4
4 5 78 1
4 3 80 0
0 2 79 3
2 3 66 5
3 4 38 4
1 5 63 5
3 2 5 3
2 2 19 4
2 1 55 0
2 3 96 5
2 1 38 5
2 0 45 5
0 5 63 1
4 4 93 4
4 5 12 3
2 1 58 0
4 1 2 4
3 4 71 0
5 2 60 0
3 3 22 3
0 4 29 0
1 1 34 4
4 4 91 2
2 5 75 2
5 5 44 2
