5 3 92.7629 5
5 1 65.7994 4
5 0 61.9761 3
2 5 3.0558 0
1 1 54.1576 0
0 1 95.7975 5
1 4 47.5767 1
5 3 84.703 4
5 5 35.6541 5
4 4 17.377 2
1 4 14.0398 5
4 4 42.2173 2
5 2 89.7428 4
3 4 11.2421 4
2 0 42.9728 1
1 3 46.4097 0
3 2 0.6352 5
5 0 23.6359 5
0 4 74.2753 0
5 3 22.095 4
3 4 58.2887 3
5 3 18.7993 0
1 3 75.6628 2
5 2 85.9924 4
1 4 16.1546 1
1 3 6.9458 0
5 5 31.8069 3
3 2 -0.2096 1
5 0 26.0544 5
5 1 49.0082 3
2 3 91.152 1
2 2 48.2545 4
0 5 57.594 5
5 5 43.5682 1
2 5 59.4257 0
0 4 86.9826 5
5 1 35.1439 2
2 4 69.6867 5
4 2 35.56 2
4 0 33.9695 4
3 2 77.8579 3
1 1 40.4343 3
5 4 50.1171 4
0 0 43.6465 0
2 1 16.6017 3
5 5 31.4299 0
2 5 -8.7091 4
5 4 49.7073 4
0 1 92.7542 4
2 0 72.6216 4
2 5 17.0731 3
0 2 73.3193 4
3 2 11.3675 5
5 4 46.5915 5
4 1 93.7944 0
2 2 63.8987 5
4 2 -0.6633 3
3 3 74.1742 0
5 2 43.4918 1
1 4 74.9189 0
4 1 25.7516 2
5 3 26.1671 0
0 0 61.4669 2
3 5 91.7752 1
3 2 86.7698 5
5 2 0.8365 3
0 2 63.6932 2
1 5 43.0995 5
5 4 25.2429 3
5 4 60.5209 0
5 1 43.9614 1
3 0 97.3226 5
5 5 62.3574 3
0 2 28.8682 5
2 5 88.3673 5
0 5 -6.9366 3
4 1 29.6999 0
2 2 1.7151 2
5 0 80.0274 2
2 5 7.1186 3
2 3 95.1881 1
5 2 54.1634 5
5 4 79.2591 3
2 0 75.4749 2
3 1 27.1423 1
3 5 76.8807 5
5 2 56.3498 2
5 5 97.9686 5
1 5 20.5402 4
0 5 39.2827 4
5 3 52.9289 2
0 1 -4.7246 0
0 2 48.9021 3
1 5 27.2299 2
5 3 -8.764 1
0 5 66.5466 3
1 1 1.4343 5
4 3 30.2353 3
4 1 58.3254 3
0 3 61.7863 4
4 0 39.8275 5
2 1 59.3671 3
1 3 20.2323 5
5 0 23.1345 5
0 4 23.3928 1
5 4 -8.0633 5
4 3 22.9376 4
4 2 -4.7493 5
3 4 31.3432 5
5 2 -7.6898 2
5 4 93.7822 1
3 5 43.8778 4
4 4 9.5693 1
5 3 78.2491 1
2 3 -5.8223 5
0 5 21.7815 2
0 5 62.4347 1
3 5 92.6851 3
5 5 34.4621 5
3 1 -4.8672 3
5 4 24.8486 4
5 3 89.049 1
2 0 56.7896 4
5 3 49.4921 1
5 0 1.2754 5
5 2 -2.8289 4
5 2 80.3052 4
0 3 7.7317 5
2 5 45.7395 2
1 4 9.49 0
2 4 96.6152 4
3 5 87.1187 0
0 2 95.9114 4
1 0 55.4129 0
4 3 53.7946 2
0 5 39.5316 2
0 2 57.9505 4
2 0 4.2491 4
4 0 13.0919 5
2 3 77.4308 3
5 5 66.2701 0
4 4 79.9139 2
3 1 38.0955 2
5 3 -2.3821 3
1 3 81.8077 3
5 4 36.0358 3
3 5 45.0019 5
1 1 87.8748 2
3 0 88.0412 3
0 4 13.4498 4
4 2 35.0164 2
3 4 -1.7448 1
3 2 53.1995 5
1 4 49.1053 1
3 3 45.9703 1
0 2 81.0191 5
2 5 17.5032 4
3 2 47.9288 4
0 0 74.0977 2
1 5 62.6142 4
3 1 4.3779 4
0 1 27.9564 4
1 2 34.764 2
4 3 20.1264 3
1 0 61.4877 5
1 1 10.5408 1
0 2 -1.4954 4
4 1 40.2268 1
1 4 2.5345 0
3 5 38.4232 4
1 5 19.2751 5
4 1 48.1176 5
2 4 75.6665 5
1 0 31.3153 2
2 3 7.6297 0
0 4 0.118 2
0 0 23.6047 5
2 4 1.1594 1
3 4 69.5659 4
4 5 50.9399 3
4 5 13.2012 2
0 5 5.3507 1
4 3 69.8756 4
4 2 96.729 5
5 2 52.3531 3
1 2 32.233 1
3 2 19.1595 0
5 3 27.4721 1
3 3 91.888 3
5 1 23.756 5
1 2 51.4084 4
3 1 90.4115 5
0 5 72.0124 4
2 5 64.9087 0
1 1 8.9757 4
0 5 76.0706 3
1 1 67.6345 4
1 5 90.9488 0
5 5 86.8688 5
0 3 56.8631 2
1 0 73.5696 4
4 0 49.7048 3
5 0 76.9831 3
5 5 -5.0774 4
2 0 14.0221 0
2 3 -7.8185 5
5 2 98.1836 0
3 0 21.2203 1
2 2 -5.332 2
0 1 -1.2679 0
5 0 98.0499 1
1 0 3.2139 3
4 3 -2.45 0
0 0 68.4177 5
1 5 35.1951 4
1 2 58.6847 4
5 2 4.9061 4
5 4 72.1099 5
1 1 89.552 3
1 2 79.2205 3
5 4 56.8963 2
1 4 64.2492 2
4 2 20.9974 2
4 2 3.3238 3
4 0 -2.6504 1
4 4 43.0896 0
4 0 42.843 5
5 1 90.5125 1
3 2 -8.1729 4
0 1 -5.9167 0
2 3 82.6833 0
0 0 54.486 5
4 2 18.4887 1
0 1 68.384 0
0 1 61.7778 3
4 0 5.0428 4
0 1 39.3581 5
5 0 68.9817 2
4 2 1.0608 3
5 5 69.209 3
0 1 32.0589 2
5 2 14.7628 1
4 2 59.3727 0
1 2 66.052 5
1 0 67.5617 4
1 4 55.1408 3
3 3 31.4419 3
3 0 95.5952 3
2 3 69.7053 2
2 5 -2.9756 1
5 2 -4.4508 2
5 3 83.1181 4
4 1 63.6017 0
1 5 -6.351 1
5 4 65.2135 0
0 5 51.4299 5
0 5 38.6225 4
4 3 74.4459 5
3 1 54.5674 4
0 0 71.5531 2
0 2 43.1751 0
5 4 -1.0886 2
3 2 85.1456 5
0 1 15.2993 2
5 1 78.1046 4
2 4 80.7455 0
4 2 40.1826 0
4 2 37.7753 3
5 3 46.855 5
2 0 48.8504 0
1 4 68.1165 5
2 0 20.7772 1
4 1 91.0971 5
2 4 18.3092 0
0 3 87.6567 2
2 2 -4.4653 4
2 0 56.9958 5
2 3 76.4217 0
0 5 8.2141 4
4 3 -3.0295 5
2 0 26.6965 1
2 3 93.9399 3
5 3 43.7596 2
0 3 61.8019 3
3 5 53.99 3
1 4 1.353 3
0 3 55.2554 5
2 5 24.0561 5
2 2 31.2358 1
5 4 47.5865 3
3 2 60.498 4
4 4 72.5206 2
4 4 7.9128 4
3 5 31.0089 1
0 3 22.3707 4
2 0 28.3654 3
2 1 62.6212 5
1 2 38.6909 5
3 3 6.7973 0
4 4 82.9014 2
1 5 -0.7864 0
5 4 46.5791 0
2 1 67.922 1
3 2 -3.1426 1
3 3 60.5932 1
1 4 76.5323 5
4 2 31.6738 1
3 5 11.5331 3
4 5 49.322 4
3 2 68.2724 2
2 1 6.5847 4
5 4 -9.7514 1
3 1 2.2133 2
2 2 50.1941 1
1 2 45.79 0
2 2 46.3833 5
2 3 6.888 5
3 2 10.8794 4
1 5 22.1785 5
1 3 9.4449 0
4 5 50.6255 4
4 0 -4.7674 5
0 4 43.1058 0
1 0 46.0443 0
2 5 74.8806 2
5 5 77.0392 4
1 0 20.2243 3
0 0 36.5759 2
5 3 39.8644 0
5 3 -6.8293 4
2 4 51.496 3
3 2 76.7917 0
4 4 87.3174 3
4 4 28.5137 0
5 3 19.0344 5
2 5 71.8315 5
4 1 14.6356 3
5 4 15.7885 2
2 2 -8.4238 3
1 1 83.5605 3
5 3 63.5064 2
2 1 54.5618 3
4 5 39.8221 4
2 2 84.0024 3
5 1 5.9687 5
3 3 57.9633 2
0 5 22.1882 4
5 4 28.1822 2
3 0 17.846 0
1 5 30.6374 1
0 5 -4.5432 4
3 2 -2.4552 1
2 2 62.2653 0
4 1 11.0453 2
2 1 56.8504 0
1 0 3.3097 4
5 2 31.2144 3
4 5 3.6513 1
0 1 -7.4634 2
4 5 -5.7555 0
2 5 93.8169 5
4 3 64.9052 3
0 5 4.9551 1
5 5 73.5745 2
5 2 0.0346 5
1 3 97.8861 1
2 3 14.4082 5
1 5 60.7008 0
2 0 43.4215 5
4 1 81.8508 5
1 5 15.8623 4
5 0 -1.4387 5
4 4 46.5103 0
0 4 67.257 4
3 4 81.7668 0
3 4 54.7621 2
4 4 91.1513 0
2 3 19.4145 2
5 5 59.0047 1
4 2 84.1194 5
0 4 13.8371 0
4 1 72.7902 5
1 1 -2.5774 3
0 3 64.8964 2
0 4 13.6253 3
0 0 76.1353 3
3 4 81.0791 1
5 4 81.1767 5
2 0 78.8857 2
2 1 45.6113 4
3 5 7.8613 5
5 3 67.6922 0
2 2 91.1729 0
3 4 16.2827 1
3 1 1.8378 3
2 5 54.5036 5
3 3 75.6236 4
4 3 26.9303 2
0 4 80.4242 0
4 3 -9.5985 5
4 0 40.6707 3
3 0 22.9762 1
2 0 14.0707 2
1 5 94.5542 1
2 1 91.7627 2
1 5 64.4758 1
1 2 12.5083 3
3 5 2.904 2
0 1 39.2446 0
0 0 11.2981 1
2 2 29.7009 1
3 2 65.8408 5
4 1 84.385 5
2 1 22.3097 4
1 1 14.3921 1
0 0 84.6908 5
5 3 67.9387 3
1 4 71.4622 3
3 2 19.8612 4
0 3 68.4389 4
5 3 48.5862 0
2 2 26.4296 2
2 5 96.8756 1
4 2 54.4376 1
3 2 49.0546 4
1 3 73.3142 3
5 3 -8.5789 2
1 0 30.6307 2
4 2 19.8165 3
1 5 -2.8268 1
1 0 20.5696 3
4 5 49.4657 0
0 1 4.256 0
4 4 44.6053 4
1 3 84.2436 1
0 2 19.6906 1
2 4 3.0432 4
2 1 7.4794 2
5 1 46.0997 5
4 3 67.3092 1
3 2 4.9674 1
2 0 1.7991 4
3 2 -0.7202 0
5 1 8.6109 1
3 3 29.8603 4
0 1 95.1302 1
1 3 45.4207 4
5 1 60.3338 3
1 5 35.7025 3
4 5 81.2482 2
0 2 63.5233 2
1 1 62.4028 4
1 0 74.3135 2
5 3 39.4651 3
5 2 21.0539 5
0 4 31.7018 0
1 5 97.9388 5
0 4 13.5019 2
2 2 79.938 2
4 4 29.9302 0
4 1 82.275 3
2 2 17.2638 1
1 4 4.9108 3
0 2 99.0494 3
4 2 44.7363 0
3 5 -3.5769 2
3 5 -3.895 3
3 2 12.2053 3
3 5 95.5489 2
4 1 94.7704 2
3 1 -4.0961 0
0 0 96.4968 0
0 2 17.5242 0
0 5 10.2066 1
2 5 44.955 5
3 2 71.951 4
5 2 90.408 4
2 4 83.1129 1
0 5 74.9357 0
1 4 89.0076 1
2 0 53.8333 0
0 4 78.6298 4
5 4 32.7939 1
0 3 14.853 3
1 2 47.1977 5
1 5 7.7961 2
1 1 44.0775 3
2 4 41.8673 4
2 5 93.0915 3
4 4 28.6431 2
1 0 3.7492 3
2 0 25.9698 3
1 2 50.5608 1
4 0 7.4036 2
0 3 69.4922 2
0 5 63.6999 4
4 2 95.9223 2
0 4 0.8479 3
2 2 59.5019 1
3 4 70.5298 0
4 3 99.9163 0
0 4 0.7786 1
2 2 58.1056 3
4 5 76.6386 0
2 0 28.6512 2
4 4 0.4587 5
0 4 24.8476 3
0 5 99.1176 0
1 0 85.2765 4
1 1 -5.1734 4
5 5 17.574 4
4 3 92.2368 1
3 1 93.6341 3
0 2 30.9819 4
1 4 18.2453 0
1 4 63.3161 1
2 4 69.7258 1
0 2 -7.8221 3
2 2 76.3913 1
3 2 70.5901 0
5 5 34.5028 5
2 5 17.6672 0
5 1 35.6532 3
2 2 7.3886 4
0 3 36.1407 0
4 4 9.2423 4
2 5 5.862 3
0 0 26.1227 0
4 2 13.0324 4
0 1 84.8177 3
3 1 -8.3959 5
1 4 12.1239 1
4 5 64.2481 1
1 0 92.1412 0
1 5 66.802 0
1 1 36.4464 0
4 3 86.9706 4
4 3 29.7762 4
1 0 -8.8833 0
3 1 35.0873 4
5 4 -0.2806 5
3 4 44.5375 1
1 3 38.8265 3
3 4 61.2349 2
5 3 -2.5256 1
4 2 5.6437 5
5 3 74.9947 0
1 3 48.2535 4
5 4 54.9448 3
3 4 31.0164 2
1 2 54.2565 3
1 1 34.3546 1
1 0 13.392 4
1 4 48.9567 2
5 2 90.0683 1
4 3 52.5622 1
0 2 26.5019 4
5 4 -0.4761 4
0 4 14.7476 2
2 1 31.3082 2
1 1 -2.7682 2
0 5 29.9081 5
4 3 80.9403 0
5 1 57.6019 3
2 4 1.6899 2
2 3 42.8879 5
2 3 49.3341 1
0 0 4.5863 3
2 0 59.8703 3
1 0 -7.0339 4
1 5 37.4823 3
5 0 15.9206 4
5 3 18.923 0
2 0 79.5875 4
0 2 95.365 5
1 4 60.1871 5
2 1 58.8763 0
2 1 17.0498 3
2 1 58.5711 3
1 2 46.1915 2
2 5 10.0239 2
5 5 6.8892 2
3 1 20.2906 5
2 5 38.4597 4
4 1 27.2858 4
5 3 -5.3658 3
4 4 94.5108 0
1 3 22.963 4
5 2 16.6189 2
1 5 24.0904 5
1 3 72.1231 0
3 2 31.863 2
5 0 94.1818 1
5 0 73.0331 1
1 3 13.119 5
3 5 36.6515 2
0 5 48.8594 1
1 3 94.9047 5
0 2 16.2628 4
5 5 53.758 5
1 5 -8.9608 0
0 4 10.1967 3
3 3 70.6018 3
3 0 85.3633 4
3 4 90.9472 4
2 5 44.3571 2
1 3 84.7309 4
2 0 73.24 2
1 2 54.3875 0
1 0 99.1012 0
2 3 6.7917 0
2 0 8.6844 4
0 5 0.6804 3
2 1 35.8097 3
5 4 80.2988 1
1 4 19.9233 0
0 3 52.4045 4
2 0 12.9464 0
1 2 25.7719 5
4 5 78.4344 2
1 5 1.0489 0
3 4 60.5115 4
1 0 45.8505 5
2 0 28.174 2
3 0 54.5238 3
5 0 35.2391 3
2 4 0.4849 5
3 1 19.5651 2
5 3 20.3213 2
2 2 53.7697 4
4 2 99.4419 0
1 5 64.3394 3
5 4 12.9211 0
5 1 14.0584 3
1 2 41.1486 2
2 1 64.7627 1
3 4 67.6765 0
1 5 82.9559 3
4 5 2.7763 2
0 5 68.3911 2
5 4 24.0041 0
0 3 95.8563 2
5 1 62.0577 0
2 2 79.1518 0
4 5 14.0407 1
0 3 89.7095 4
0 2 12.0738 0
5 5 92.385 2
1 5 82.8045 1
4 4 11.4114 4
3 0 91.8054 4
0 4 27.0708 5
2 2 13.6175 0
3 0 78.4566 3
1 1 9.7855 3
5 5 55.0963 3
2 5 63.1449 4
3 2 74.5573 0
2 0 89.0768 1
2 0 78.5792 0
0 5 84.8472 1
4 4 41.6753 2
1 4 53.1463 4
0 4 74.9487 0
4 3 14.8895 0
5 2 -6.8653 4
1 4 72.6433 1
5 4 18.5347 0
1 1 35.5652 0
2 2 84.4309 0
3 1 75.2021 5
4 4 75.2718 0
3 1 88.6247 3
1 1 34.0029 4
4 3 21.1434 0
2 4 97.7231 4
2 5 14.358 4
5 1 19.8941 0
2 2 67.5954 3
3 1 36.4925 3
2 5 -4.1082 0
4 3 38.9109 0
4 3 83.1029 5
2 2 6.721 0
2 0 -9.6763 5
5 5 0.3022 0
2 5 -2.9073 4
5 0 -0.4166 2
0 3 34.2953 5
5 0 53.5535 1
4 5 65.2244 0
5 2 -9.8916 4
3 3 0.8904 4
5 0 68.156 2
5 4 93.6626 5
3 3 11.0678 1
2 3 55.0076 3
0 5 86.7674 0
0 3 22.1322 2
1 3 28.007 1
5 5 87.4381 1
1 3 72.2761 3
0 2 31.3716 3
0 3 87.0748 2
1 1 89.2404 1
4 0 97.4953 0
0 1 90.6257 4
1 2 21.7176 3
2 3 20.2743 3
3 4 6.9883 3
5 2 46.1467 4
2 0 81.633 3
5 2 58.2211 2
3 4 55.7461 1
1 4 37.7314 0
1 0 39.1794 1
5 2 96.3406 4
1 2 99.6935 3
1 0 75.1862 3
1 3 46.1521 0
5 5 39.1146 5
2 2 9.8291 3
0 2 82.5117 0
2 3 49.6013 4
5 0 73.9103 1
1 1 34.7801 0
1 1 43.4463 3
2 0 96.2251 5
5 0 12.737 5
0 3 18.9202 4
5 0 64.2267 4
1 2 22.9949 4
1 2 45.3951 0
5 1 83.3473 4
2 3 16.855 2
2 5 77.1831 5
3 0 24.1973 5
4 0 64.5479 0
4 2 17.1219 0
4 3 43.9064 4
0 1 67.1179 5
0 4 56.6864 3
1 1 17.9619 2
1 1 40.5691 2
3 5 19.4636 3
4 4 63.2737 0
1 0 29.3275 1
1 0 -8.3992 5
0 5 62.6826 4
1 3 37.2106 5
5 0 11.1148 3
1 4 51.2892 0
2 2 79.599 5
2 3 -7.9449 2
2 4 59.1588 5
4 2 42.7625 0
4 4 42.1988 5
5 2 19.8336 4
4 4 91.0999 4
5 2 49.5648 0
0 4 76.6347 2
2 3 21.2533 1
5 0 91.7926 1
4 2 77.7031 3
0 0 48.645 5
1 4 -7.553 2
1 2 71.6998 1
4 4 44.3419 2
3 1 52.7118 3
2 0 -0.5296 4
2 1 81.4628 0
4 2 42.8573 2
0 2 79.851 5
3 4 87.6288 4
1 2 35.9928 5
2 0 55.6479 0
5 0 41.1182 1
3 0 -9.5587 1
1 5 96.4366 1
4 0 89.4317 1
4 3 88.7767 1
5 3 60.5187 3
4 4 7.7949 4
4 0 3.1126 5
0 0 -5.3048 4
1 1 36.3768 2
3 5 98.9317 1
0 4 31.7542 1
3 2 33.1553 3
2 4 68.8063 4
0 0 70.8447 2
1 2 -9.9635 2
0 5 13.0704 4
3 2 10.3307 4
3 4 71.4398 1
2 1 54.7646 2
5 4 41.2906 2
3 0 86.3793 0
5 1 78.9335 4
1 2 90.2806 1
5 4 47.6384 1
3 4 84.5179 4
5 1 86.6456 1
3 1 10.1868 3
2 3 -2.836 2
2 3 80.3554 5
3 4 31.2177 3
3 4 94.7147 2
2 1 -1.4996 1
0 3 51.5321 0
5 0 39.6641 0
4 3 79.7326 1
3 2 95.4418 0
0 2 77.8383 3
1 3 69.5064 5
0 5 86.4731 2
2 1 72.481 2
2 1 47.0581 5
0 3 45.9511 1
5 3 14.8318 2
5 2 59.2819 0
2 5 -0.4354 2
2 2 34.2289 0
3 4 8.9602 2
4 4 39.2556 3
4 0 -8.0503 3
0 1 66.4821 5
3 2 21.5994 4
4 2 55.3764 1
0 1 69.7143 4
1 0 24.1158 2
0 0 13.9195 2
0 4 25.315 2
2 2 -8.1978 0
0 5 27.6655 3
5 5 88.9542 5
2 3 80.2351 5
2 1 94.6478 2
4 0 82.4652 2
2 0 1.1282 4
5 1 34.4853 5
5 3 99.747 2
5 3 39.6002 3
5 3 85.4309 3
1 3 64.7477 2
5 4 -4.794 5
4 1 49.8944 2
5 4 70.3586 3
1 0 37.4189 1
2 3 26.0231 5
2 3 83.2124 5
5 0 75.3246 5
3 3 34.5212 1
2 5 96.4897 0
2 3 24.2065 1
4 5 34.1627 2
2 1 82.2516 5
3 3 96.2286 4
4 4 0.0432 4
1 1 2.2775 1
0 0 50.5454 2
0 1 13.5487 1
3 3 61.8639 4
2 5 3.4326 5
1 5 30.4868 5
0 4 41.7951 2
5 2 -2.0627 3
0 2 40.9846 2
5 5 -5.2615 4
5 4 62.4719 2
1 3 -3.1362 5
2 0 57.5638 4
4 5 9.1837 0
3 0 48.3743 0
1 2 45.2207 4
2 2 44.7042 2
1 2 96.3828 5
0 2 77.6606 1
4 5 14.4395 0
2 5 -3.5717 3
1 3 84.5994 0
2 4 77.0754 5
1 5 94.7909 4
4 3 21.7456 5
4 4 55.8693 0
5 1 94.7628 0
3 4 62.9886 5
2 4 31.5906 3
4 3 40.491 2
0 1 7.4581 4
1 0 -2.4541 0
1 0 18.6142 3
1 1 63.4489 0
1 3 89.1683 5
3 2 -6.9169 0
0 1 62.7762 0
3 3 35.0552 1
3 1 1.9801 1
3 5 88.2985 4
2 1 21.3486 1
3 4 96.5599 4
3 3 89.0822 2
4 1 92.9204 2
4 0 51.1524 2
0 2 -3.6152 5
0 5 20.7796 1
2 0 35.3888 0
2 2 28.5875 3
3 3 98.8413 2
2 5 50.0649 0
5 2 21.2186 2
4 3 22.911 1
4 0 37.5739 1
2 0 89.0387 5
5 0 66.5575 0
5 0 58.5145 2
5 4 46.856 3
4 3 -4.6361 4
4 5 47.6172 1
0 4 40.3378 4
4 5 29.2612 0
2 1 60.3842 5
2 0 63.2244 2
3 3 -2.3965 3
5 0 63.3923 0
2 2 -9.4625 0
2 3 91.5021 4
4 0 46.7783 0
5 4 57.7692 1
5 2 0.73 1
5 5 30.6276 0
0 4 66.9166 5
0 0 19.0144 3
1 2 25.8591 5
3 2 99.1967 2
2 4 53.3818 2
2 5 99.9328 1
3 0 84.9771 2
2 5 48.4489 3
2 4 93.3988 4
2 1 22.1207 5
1 5 29.6618 5
2 3 25.032 4
4 2 2.2126 2
1 1 74.1484 0
1 2 67.5498 1
1 0 96.662 5
4 4 4.7117 0
1 5 73.0973 0
2 2 17.1621 3
3 0 21.7336 5
5 3 68.1794 5
4 1 21.8757 3
2 3 52.3748 2
0 3 59.2843 2
2 0 -1.0934 2
5 5 47.3734 0
4 1 -3.9056 2
3 3 53.0404 3
5 1 49.6974 2
1 5 4.6607 2
4 5 32.1785 1
4 0 88.6517 3
5 1 60.0788 4
4 4 59.9245 5
0 4 23.7135 5
0 3 86.5175 4
2 4 61.0881 5
1 2 34.4637 3
5 3 58.8194 3
4 4 29.2977 3
0 3 97.6557 4
0 3 -5.0801 4
3 4 67.3547 3
3 1 38.0974 4
0 3 92.8931 1
5 5 -7.7628 1
2 0 26.0501 5
1 3 65.2495 2
3 3 94.5798 3
5 3 21.857 0
0 1 31.829 5
5 1 57.0306 3
1 1 61.247 3
2 2 73.6276 0
5 3 -5.4537 2
4 0 66.4702 1
5 5 60.9679 0
4 0 22.9832 2
0 3 57.0505 3
0 3 -4.1483 3
5 1 88.8752 5
2 4 37.727 1
3 1 27.1324 5
3 5 20.7003 2
0 3 67.4626 5
1 0 76.6703 5
0 1 30.6207 4
3 0 -3.897 4
5 5 32.5856 1
