0 1 70.5096 1
3 2 -9.2582 1
0 1 1.5425 1
0 0 62.0862 2
2 5 -3.3054 1
4 2 33.0257 2
4 1 59.1145 3
0 3 38.9943 1
2 1 84.793 0
0 0 55.7551 0
1 2 51.77 2
0 2 58.5433 4
1 0 -5.4938 5
3 4 42.5059 1
1 1 9.7256 4
1 0 49.1859 0
1 3 7.6278 4
3 0 -3.1625 0
0 1 79.4893 1
0 0 41.8867 4
5 3 59.3595 4
3 4 10.6845 3
2 0 82.6888 5
0 5 82.3604 4
5 4 68.5341 0
4 0 17.9284 0
1 3 86.8726 0
0 1 53.6085 4
0 4 61.7614 0
4 1 60.0323 5
0 3 65.855 1
1 3 26.432 1
1 0 10.4674 1
1 4 77.8758 0
5 1 58.7983 3
4 5 15.2019 4
1 3 11.6178 3
0 0 85.376 2
4 0 33.483 4
0 0 44.3779 3
1 3 57.4463 4
3 2 -2.0792 4
1 4 29.1408 4
1 3 97.9035 1
4 2 36.9774 0
2 2 48.0727 3
0 5 9.5799 1
3 0 23.8242 5
0 5 23.9626 0
3 2 3.0986 4
3 0 30.5321 5
0 2 0.4322 2
2 3 38.4932 3
5 4 63.842 1
4 5 15.7048 4
2 1 1.6459 2
1 5 92.3894 2
4 1 79.4528 1
0 4 71.9658 4
1 1 16.2384 0
2 1 13.8043 5
0 2 64.5727 3
1 1 -2.3329 2
1 0 92.2903 2
4 4 -6.1325 3
0 4 49.7775 0
3 2 71.5664 5
5 1 47.0749 0
4 5 25.5445 3
2 3 65.3191 2
3 5 -3.6444 3
2 4 62.1491 0
3 2 63.8788 4
5 1 32.7968 2
2 5 49.7981 5
5 1 58.2612 2
0 3 -4.049 4
1 2 53.3058 0
2 0 44.6842 0
2 5 66.7721 3
4 1 74.3554 2
2 4 -6.832 2
2 0 16.49 0
0 0 39.5053 0
3 4 98.4727 0
0 2 93.755 4
4 0 11.8834 2
5 0 13.984 4
0 1 -5.1022 1
3 4 61.7283 2
5 5 15.7277 4
5 0 25.3414 1
0 1 96.1692 4
5 1 44.3456 3
0 0 14.7884 5
4 2 96.5611 4
1 3 50.873 1
5 5 90.1606 4
3 1 69.464 1
0 1 86.0079 2
1 1 86.6406 0
4 1 83.3676 1
5 1 36.415 5
3 5 55.964 0
5 5 47.2517 1
4 5 38.9438 5
1 0 23.8551 5
0 2 34.196 5
1 2 53.218 2
5 2 1.0332 4
4 1 33.5362 0
3 5 84.749 2
0 0 -0.6721 2
2 2 53.2921 4
0 4 36.3311 3
4 2 28.6871 3
2 0 5.5118 0
1 0 75.4234 2
4 1 97.8794 4
4 0 32.6235 3
2 0 7.4113 0
5 5 92.7772 1
3 4 93.0217 3
4 0 -8.7547 1
2 5 83.3097 0
2 4 39.6746 4
4 0 75.1769 0
3 4 75.677 0
4 4 29.6511 1
5 5 63.703 5
5 3 79.91 5
3 5 -5.8884 5
2 1 56.2994 3
4 3 19.1476 0
0 4 44.8476 0
0 4 91.1696 2
2 2 81.2544 3
0 5 41.9116 0
2 1 41.3841 5
1 5 60.8486 3
2 4 83.1173 5
5 4 3.4306 3
2 0 -0.5923 1
1 0 64.7086 3
4 1 51.4006 0
4 3 27.4915 2
2 0 79.38 2
3 0 6.0557 3
1 4 4.9775 1
3 4 -9.81 0
2 1 98.8321 2
5 4 46.0461 4
4 1 34.6763 4
5 3 55.3398 4
2 1 86.0582 5
5 2 86.7398 5
1 3 38.7647 4
1 4 79.9902 3
1 4 6.4218 4
2 2 27.2941 4
0 0 95.637 1
0 0 60.2775 5
4 2 45.1236 1
1 4 57.2291 3
1 3 66.8565 5
5 3 43.7899 4
3 1 64.0358 3
3 1 68.9411 0
4 5 66.356 2
2 5 52.5254 1
3 5 -3.854 5
0 3 8.731 3
5 2 50.0758 5
3 2 38.942 2
2 5 5.4361 4
0 3 3.1609 5
4 1 38.9342 5
1 1 22.2053 3
3 2 62.9186 5
1 4 12.5154 1
4 2 79.2454 4
5 3 74.0765 0
2 3 78.2347 0
4 4 90.5458 2
2 2 54.8544 2
3 5 56.7483 2
0 3 -2.7792 4
5 1 73.9378 3
3 3 51.5093 4
5 2 26.9619 1
5 5 53.8307 4
4 5 23.9887 4
0 4 20.4716 0
3 0 55.2075 2
3 1 13.3718 4
1 0 82.5902 0
5 2 41.6475 5
3 1 15.0404 3
0 5 61.6219 3
4 5 25.3673 3
4 2 27.3057 3
1 0 20.9449 4
2 2 48.707 1
3 4 -9.5668 2
2 2 -1.3358 3
0 0 92.3458 3
2 5 96.047 3
5 2 3.2223 0
1 3 46.819 2
2 0 -9.9847 3
2 4 67.2945 5
2 0 39.1067 3
3 5 50.4797 1
2 2 64.8066 4
2 5 56.3248 5
1 4 1.0867 2
3 3 27.7431 3
5 0 11.4023 2
0 1 44.7945 5
2 4 73.2614 1
2 3 16.8739 4
2 5 92.6428 1
5 4 21.8324 3
5 4 53.7736 2
2 2 85.3574 2
2 4 40.6063 2
2 5 29.0153 5
2 5 66.3178 1
4 5 70.7634 5
4 0 74.1868 5
5 5 62.4985 5
3 5 26.3554 4
0 3 36.3613 2
1 2 69.6447 3
2 1 48.2239 1
3 3 12.8967 5
0 4 62.2721 5
4 4 6.0799 0
4 4 58.7938 5
4 5 29.0546 1
1 4 -6.5342 4
3 5 93.6674 5
4 2 55.5725 2
5 2 42.3204 4
4 3 -3.4068 0
1 0 8.6435 1
5 5 43.1915 5
0 4 -7.9764 2
0 1 14.4132 3
5 5 49.0836 4
0 1 30.999 2
3 5 97.5266 1
2 5 48.6096 0
3 1 77.2543 1
5 0 0.111 2
0 5 16.2571 0
3 4 23.0338 1
5 4 84.8865 5
0 0 87.3874 2
2 2 14.3109 2
0 4 43.9395 4
4 5 26.1612 0
4 1 33.8426 3
1 0 -4.904 2
2 2 57.8973 4
2 0 13.0922 3
2 0 78.0617 2
3 1 98.6043 3
1 1 -8.9289 1
0 4 93.3677 2
4 2 2.7713 5
4 4 32.4975 4
0 1 16.2507 2
3 1 57.3894 4
2 4 -9.4807 1
1 2 21.8795 2
2 1 55.087 0
5 2 -3.0857 2
5 3 38.3497 3
4 1 21.7415 1
4 0 97.7995 2
3 0 15.6876 1
2 2 45.1977 5
4 3 35.6744 0
5 3 60.5102 5
3 0 88.0591 3
4 0 52.9077 5
4 0 42.0849 1
4 5 51.0308 3
5 2 64.3581 4
2 2 2.8537 0
2 4 45.0036 0
3 1 74.0191 2
2 2 61.9094 2
3 4 6.2014 5
3 5 65.6061 1
2 4 20.2178 5
0 4 54.4785 3
2 0 35.285 4
3 0 63.9499 3
0 1 56.843 1
1 0 50.7886 3
4 1 16.6169 0
0 5 96.3547 2
3 2 98.182 5
3 4 3.7719 4
2 2 87.7826 5
5 4 88.5191 3
0 2 57.503 4
1 1 51.432 4
4 0 -5.6425 4
5 4 -2.6578 5
3 2 30.4977 3
2 1 89.9122 3
1 1 63.9842 3
1 5 17.4935 1
2 4 0.0522 3
0 5 58.4492 1
5 2 6.3199 2
4 0 62.8637 2
0 0 83.1111 1
5 3 80.0906 4
2 2 78.1369 4
1 4 46.3075 2
1 0 1.4551 5
3 4 50.3589 5
5 4 29.7721 4
1 4 87.0688 4
3 4 15.6956 1
0 2 1.8026 4
4 4 15.1242 4
0 0 66.2392 3
4 2 26.1306 4
1 0 0.0339 3
4 0 58.899 5
4 3 75.7693 4
0 1 -7.7265 3
4 1 20.422 1
5 0 67.272 1
1 0 60.9917 0
0 3 58.8785 4
1 1 21.7623 0
4 5 15.4989 3
4 5 44.3378 1
3 4 48.5423 4
0 2 81.0302 4
3 3 15.555 0
1 1 40.411 0
2 2 55.2226 5
5 4 9.8067 3
5 2 2.3387 0
2 5 74.3564 2
0 5 32.0064 0
0 1 56.1979 2
2 4 87.9278 4
0 3 -5.7604 4
5 1 6.4923 1
4 1 -4.712 1
5 0 97.7567 0
3 4 58.1758 4
4 3 74.9466 3
0 1 90.6903 4
3 1 50.2536 3
2 5 35.4419 4
2 4 36.8079 1
4 2 -1.7966 3
4 2 86.7314 0
1 2 -4.3208 1
2 3 42.1616 5
1 0 -6.8965 4
2 3 88.8255 1
0 2 17.6629 0
4 1 28.7283 3
4 1 26.0203 2
0 2 0.7928 4
2 1 58.854 5
4 0 52.2129 1
2 5 76.3288 4
0 0 46.4921 1
0 5 79.0913 4
3 5 49.6374 5
2 3 69.1314 2
0 5 84.8213 0
5 4 85.4748 4
2 3 42.4102 4
2 1 49.7577 4
4 4 93.4169 1
0 3 68.7205 4
5 3 52.5682 2
5 1 11.5636 1
2 1 49.3897 4
3 4 68.2366 2
2 1 71.8502 1
3 5 -6.4843 0
4 0 50.8674 2
4 2 82.6105 0
4 3 83.6783 3
5 3 59.6581 0
5 4 20.9013 5
0 1 -7.7087 2
2 4 72.9261 5
0 4 89.271 3
4 0 -3.805 0
5 3 12.5516 0
2 4 54.056 0
3 0 63.7351 4
4 4 93.6397 0
5 5 60.5474 4
1 3 22.3175 0
3 1 47.9052 4
1 3 -4.7434 1
3 4 60.6077 5
4 5 90.1305 4
2 1 -6.7028 2
0 0 96.452 2
5 0 68.6216 0
4 5 8.2576 1
2 0 44.6264 1
1 5 97.7908 4
5 5 1.2336 4
3 0 37.3615 0
3 4 3.2118 5
3 3 73.0172 3
5 2 94.9677 4
5 4 51.3806 5
4 4 4.6212 0
1 3 48.4215 0
3 4 0.1864 0
2 1 5.0035 2
5 4 23.4592 1
3 4 64.491 2
3 1 46.0763 4
3 4 48.7157 3
0 4 52.4111 2
4 4 77.3069 1
5 1 22.831 0
0 5 65.6483 4
2 0 40.0322 1
0 0 22.006 0
0 3 46.1494 2
2 5 17.899 4
5 0 -0.6473 2
5 1 28.1386 3
1 5 78.8473 0
2 1 34.0948 5
0 3 66.162 4
2 2 63.2744 2
4 4 70.0995 5
5 5 -9.8117 2
5 5 92.5145 2
5 1 -2.5007 3
3 4 82.2612 5
0 4 98.6951 0
2 4 -6.1852 4
4 1 28.0419 4
2 0 19.0049 1
2 5 2.6129 3
1 2 98.7975 0
3 2 12.58 2
5 2 4.2153 2
1 4 83.5193 4
3 1 85.9223 2
5 4 20.8291 3
0 5 63.0557 0
2 0 79.9174 2
3 1 47.938 1
4 3 9.8794 3
3 3 46.1326 1
5 1 81.2769 3
4 2 2.1621 3
0 3 63.1747 1
4 5 53.3836 3
4 2 93.6024 0
5 0 78.3778 4
2 0 74.4062 4
0 1 9.7162 0
4 4 -3.8171 4
5 0 36.8433 1
4 2 -3.6264 3
4 1 18.3674 3
1 3 74.31 4
3 2 86.4785 1
4 2 80.7614 4
1 5 37.8475 5
1 2 55.4614 3
0 4 6.0319 2
2 1 16.8554 2
2 1 94.7797 2
5 3 96.0073 4
2 5 90.661 4
1 4 6.4544 0
0 0 27.5861 0
0 5 46.9713 2
3 1 8.5308 4
5 3 76.723 1
4 2 4.8338 0
5 0 -3.1433 4
2 5 75.4654 4
0 0 -8.2037 0
4 3 28.6008 3
5 2 -7.0727 5
1 5 51.6215 0
2 0 87.3142 0
5 2 51.2322 4
0 4 28.7987 5
1 5 1.5976 2
0 3 40.4975 1
1 1 62.5253 3
4 4 90.1527 0
3 2 79.1575 2
0 1 88.4208 1
0 3 81.6424 5
0 1 7.5682 4
0 4 84.0875 3
4 5 65.6978 1
0 3 -0.909 0
3 4 -6.6736 5
2 4 21.0377 3
1 3 20.2434 2
4 0 38.4032 0
1 1 16.0807 0
2 3 0.817 4
0 1 95.229 2
2 5 62.8131 0
5 3 29.0275 2
3 3 95.5749 1
0 1 5.8696 0
0 5 -4.6388 1
5 3 21.3108 2
0 4 11.0129 0
3 1 58.3689 1
2 1 79.4564 1
4 0 26.2782 3
1 0 -6.9955 0
2 5 67.6355 4
3 2 24.5303 2
2 3 35.1067 2
3 4 28.7149 5
2 2 50.8712 3
5 0 96.6114 0
3 1 86.4911 2
2 3 67.504 0
0 4 14.839 5
0 0 5.4013 3
3 1 -1.3109 3
5 0 42.4989 1
1 2 37.4659 4
1 4 7.3784 5
0 3 51.0161 5
0 3 59.8384 4
1 3 78.8052 5
0 1 2.3769 3
2 4 23.4586 2
1 0 52.5671 1
2 0 -4.3603 0
3 5 46.9871 2
2 1 35.0539 1
4 4 35.702 0
3 3 37.4299 0
3 5 47.5462 5
1 1 32.7232 0
5 4 33.8344 5
2 5 -9.8941 1
2 3 51.6469 1
4 1 60.0116 5
3 0 57.8937 2
4 5 9.4491 0
4 1 90.9675 2
4 2 63.2168 5
3 4 -0.0422 0
2 5 84.177 4
2 3 49.0248 3
3 1 16.5028 4
0 1 81.8446 0
1 5 9.5345 5
1 5 10.5427 1
0 4 5.526 3
5 0 -4.8395 0
0 2 71.8351 2
3 1 2.3159 5
5 0 -0.5514 2
3 4 51.0708 1
2 0 21.1947 3
5 4 64.5011 2
3 3 4.5338 2
3 4 89.0924 2
0 5 80.0594 5
2 0 11.9701 5
3 2 38.369 4
4 5 36.7076 3
2 1 69.1916 0
1 5 -5.7288 3
0 0 16.4099 1
2 5 48.2989 4
3 3 3.0597 1
0 0 -2.3591 3
3 4 32.9614 0
0 2 26.8133 2
0 2 52.094 4
4 1 75.4905 2
0 1 2.4592 3
5 2 11.8486 1
0 4 41.8366 5
1 5 80.1972 0
5 3 79.3174 0
5 2 50.1792 1
0 3 42.6687 4
2 0 93.3788 5
2 5 -3.317 4
1 4 74.0278 1
1 1 81.2041 4
1 5 18.4173 4
1 0 78.472 3
2 4 97.2122 1
0 0 28.5986 2
4 0 74.7177 0
4 1 54.6549 1
1 4 69.3959 2
4 2 90.8195 3
3 2 37.7945 2
5 5 94.9797 1
1 5 77.072 2
5 4 -7.2301 0
4 3 34.3645 2
5 2 -2.9726 0
1 3 -3.0927 2
4 1 -3.4082 1
5 2 45.6709 1
3 5 76.067 1
2 2 92.145 4
4 4 69.5212 5
4 2 25.3969 4
2 0 79.8301 4
1 2 73.6242 4
5 3 29.9479 0
4 4 85.3047 0
1 5 63.325 3
2 5 69.5915 4
3 2 98.6268 3
4 1 18.4256 1
5 4 47.081 0
5 1 24.7131 1
0 1 69.1041 4
3 2 15.5553 2
1 2 51.9783 2
4 4 97.7958 4
3 4 86.0385 2
1 1 92.3295 0
4 4 74.1998 4
4 4 37.355 2
0 4 78.0296 2
1 2 33.3165 3
2 2 93.3014 0
4 5 81.0354 4
0 1 34.5798 3
0 1 61.9613 4
0 2 14.0705 3
2 5 46.0641 5
0 3 78.7171 0
3 0 99.1707 1
1 0 4.5428 0
1 1 30.8443 2
5 0 96.8534 5
3 4 75.1202 0
5 5 -2.5659 5
5 4 10.0389 3
4 1 17.2264 5
2 1 37.3262 1
0 4 83.9416 4
2 2 55.0948 3
4 4 53.6609 0
0 5 85.1105 2
5 1 79.0391 1
5 4 40.9417 3
5 4 27.3324 1
0 4 3.2313 1
4 2 8.3337 5
4 2 21.6981 0
1 0 73.3053 5
4 4 14.5205 3
2 4 29.5084 0
5 0 17.4714 2
5 4 28.0533 1
0 4 9.6905 4
4 5 59.4002 5
1 4 63.7898 5
0 5 -7.1061 2
4 3 85.1556 2
2 0 46.4824 0
4 1 62.2996 4
4 5 31.8936 2
5 3 27.1679 3
4 3 40.7138 5
4 2 7.1792 0
0 4 59.7678 1
2 4 39.4688 1
5 2 47.1591 1
4 2 6.0433 4
5 4 3.8347 5
1 3 42.2808 3
1 0 19.149 2
1 0 9.2408 5
1 5 12.1792 3
2 4 6.7495 0
4 3 71.334 5
2 0 -4.1204 3
5 2 82.5151 4
2 2 56.21 4
2 1 6.1346 1
0 4 55.0644 3
3 0 13.6331 5
4 4 18.8812 2
3 4 24.7688 4
5 2 15.7436 5
4 3 4.5375 0
0 2 2.4654 1
1 2 13.3415 5
3 2 22.8323 4
3 2 6.0309 5
3 0 1.0527 4
5 5 83.9693 3
1 2 87.1037 0
3 1 86.3315 3
3 4 64.7544 4
4 1 3.1201 0
2 0 3.2381 2
4 2 15.931 1
2 5 74.3609 5
2 5 68.7145 5
0 5 97.1823 1
5 2 34.0106 0
2 3 96.723 0
4 1 79.7597 2
0 1 14.7951 3
1 0 29.4688 4
4 0 28.3622 1
1 0 5.9667 1
4 5 52.524 5
5 1 99.1916 1
4 4 36.1501 0
1 0 67.4923 4
4 3 48.5463 1
3 5 35.5582 1
1 1 52.7674 0
2 0 40.4589 4
4 1 5.8818 5
5 5 19.4496 0
4 1 21.5856 0
3 4 -9.9085 3
4 5 36.4995 1
3 2 98.6784 3
3 4 66.9751 2
2 0 74.7171 1
1 4 77.2641 3
2 4 66.7454 1
3 0 34.385 2
2 0 37.3575 0
3 1 17.453 2
4 2 -4.66 0
2 0 14.3639 5
1 2 -1.8419 5
4 1 59.1842 1
2 1 -8.2485 3
4 4 23.3539 3
2 4 76.1633 5
4 1 24.2959 3
1 5 55.3407 2
3 1 97.2795 4
3 3 29.0294 1
5 5 74.9891 1
5 5 38.7679 2
3 2 84.3093 3
1 5 53.8924 0
3 2 -2.5873 1
0 3 38.694 2
5 2 84.5799 2
3 4 18.1556 0
1 2 98.4082 4
2 4 59.2142 3
0 3 47.1202 2
3 1 32.7097 5
3 3 86.4966 0
2 2 91.7915 1
5 4 26.2406 0
3 4 -6.449 0
1 5 33.4676 3
4 1 56.0384 4
5 5 15.2437 1
5 5 45.4704 4
4 0 67.5435 2
5 2 3.4651 0
4 0 96.578 3
3 3 -5.7786 1
5 2 54.3297 4
1 1 22.309 4
2 3 52.1137 3
5 0 97.8907 4
1 5 42.3607 2
5 1 38.7968 5
0 5 76.4343 5
4 0 21.473 5
1 5 18.575 3
2 0 12.9311 5
1 0 78.0587 1
0 1 70.3493 4
0 0 18.1616 5
5 4 64.0421 2
4 5 -8.1922 5
2 0 41.8984 3
4 0 81.193 4
3 4 81.2583 2
2 1 94.7205 5
2 0 81.1427 3
0 0 -8.9212 5
5 3 20.0185 5
0 3 5.5233 2
1 2 47.0116 5
3 4 3.4215 1
4 3 33.7005 5
0 1 4.8445 1
0 2 47.0155 5
4 5 24.0791 2
3 1 76.9836 1
3 5 58.4574 5
2 2 35.2873 2
3 4 36.9634 0
2 1 19.9837 0
5 2 92.9882 0
1 0 35.4622 1
2 2 -4.0926 2
1 2 32.6694 5
5 0 -4.1169 5
3 0 88.502 3
4 0 34.7347 2
4 1 6.8383 5
0 1 93.9811 1
0 0 56.0609 2
1 3 56.7709 1
1 3 -0.3123 0
3 2 54.6909 1
0 3 -5.1248 3
3 3 75.5709 0
3 3 86.9335 4
3 2 -5.1218 5
3 4 33.627 1
3 4 77.7249 0
5 0 56.0842 0
2 1 81.0835 5
1 5 18.8403 3
0 4 50.9919 5
1 0 6.3237 1
1 0 27.3353 1
1 3 10.8835 2
2 3 2.6049 2
5 5 2.7624 4
5 5 53.82 3
4 4 74.724 5
0 2 62.9338 2
0 3 94.1749 5
4 5 -9.2727 0
1 5 35.9644 3
3 4 62.4233 4
0 2 92.2815 3
4 5 -3.783 4
5 1 54.1228 4
4 3 9.9102 3
0 4 75.411 1
4 3 66.0412 5
5 2 10.6342 3
3 1 69.2223 2
0 3 -1.1716 1
1 5 88.5874 0
2 0 39.9282 0
2 0 -2.9962 3
2 2 33.8562 3
2 5 15.2388 5
3 0 -5.1472 1
1 4 -8.4383 5
1 4 91.0442 1
3 3 36.7283 4
4 3 96.8218 4
2 0 60.4887 0
1 0 42.1306 5
5 5 75.384 3
2 2 83.7412 1
3 4 36.4078 2
5 0 3.8949 5
0 2 99.9836 1
0 2 -7.4458 0
0 0 5.6475 2
0 0 37.9177 3
3 4 69.5494 1
5 3 29.1574 4
3 5 62.124 3
2 2 44.2799 0
4 4 87.4252 5
3 4 58.3099 1
4 5 97.844 0
5 4 64.4396 0
0 4 6.8085 0
1 5 97.0004 0
5 3 27.3195 3
4 0 13.3808 1
1 2 98.4658 3
2 3 14.0196 1
3 0 61.4285 5
4 0 81.8136 1
3 5 31.278 2
5 2 87.8678 3
3 5 71.135 5
4 3 27.999 0
4 4 -7.7511 4
4 3 62.7603 5
3 1 66.65 1
0 4 43.558 2
0 3 50.921 1
3 0 45.2213 5
5 4 68.6354 3
2 4 70.4805 5
2 5 12.9483 2
2 3 26.9319 5
4 3 88.3903 3
5 3 65.195 5
2 3 -2.2327 1
4 0 41.8942 3
3 5 56.4055 2
5 0 73.2052 2
4 5 25.7498 2
0 4 32.6998 4
4 2 62.1764 5
3 5 -3.2186 1
3 2 25.5088 5
2 4 86.9343 3
2 4 49.4425 5
0 1 31.8906 5
5 4 38.9812 3
4 0 94.0663 1
2 1 45.9068 1
3 0 -3.5518 5
0 1 25.6506 2
4 2 79.4349 3
4 5 42.2147 4
0 4 54.4442 5
0 3 31.0924 5
1 1 28.6946 2
2 5 86.3041 4
2 3 3.3957 5
5 0 75.716 4
1 1 49.7763 1
5 5 74.0957 1
1 5 12.7604 0
4 4 23.0739 2
5 2 -7.3672 2
2 5 71.9002 1
5 0 80.1428 5
3 0 28.9638 4
5 0 45.5581 5
5 5 95.7347 2
5 3 50.7304 1
2 4 47.7015 3
1 1 22.8651 2
2 4 58.8612 1
0 2 7.6409 2
3 4 77.2227 2
5 5 28.5041 3
2 3 41.9147 1
1 0 11.634 5
4 3 -7.176 1
0 2 9.7937 1
2 4 98.6312 2
0 4 19.39 1
3 3 -2.3787 0
1 2 36.9008 0
1 5 50.3572 0
5 4 44.5804 4
4 5 44.5895 3
4 3 19.7558 3
3 0 1.8414 1
0 2 57.3736 2
0 2 45.7773 5
5 3 38.7204 0
5 1 33.6296 2
5 4 55.8997 0
4 5 43.3718 1
4 0 29.9972 3
1 0 -3.3444 0
4 0 49.6153 3
3 0 31.3604 3
3 0 19.8129 0
2 5 1.6877 5
4 2 69.367 5
3 4 67.1464 0
1 0 87.7441 4
3 4 67.7651 0
4 0 59.3432 4
1 2 41.0079 2
2 5 48.1318 3
3 1 52.4106 0
3 2 53.0148 2
2 1 17.8381 4
