3 5 54 2
5 3 89 5
1 2 14 3
0 3 55 1
5 3 42 2
1 1 71 5
5 1 72 4
2 3 57 2
0 0 -2 1
2 3 61 0
4 0 -3 1
2 5 52 0
2 5 78 4
1 2 51 1
4 5 59 0
1 4 19 4
5 4 9 3
1 4 67 5
0 2 72 4
0 4 0 2
0 3 1 4
4 1 19 0
4 5 67 5
2 2 20 3
2 4 13 2
0 0 77 1
5 3 37 0
1 2 35 4
1 3 26 2
1 0 38 4
2 3 -5 4
2 2 94 0
4 3 44 2
5 2 83 0
5 2 92 5
2 3 40 3
5 3 38 1
3 1 49 3
1 4 21 2
5 1 12 1
3 1 24 0
4 3 13 2
4 0 61 2
0 0 17 4
1 5 26 4
1 5 13 5
5 3 59 5
3 0 80 3
1 4 41 1
4 4 68 2
0 1 35 0
4 0 11 5
2 0 37 5
4 2 0 2
3 1 78 0
0 1 79 2
4 0 32 1
0 0 67 5
1 3 10 0
1 4 69 3
1 0 46 4
4 5 98 1
3 4 4 2
4 2 85 4
5 5 30 0
4 0 25 5
0 4 71 5
4 5 76 1
1 5 30 2
3 1 56 5
5 0 36 4
0 4 63 3
4 4 59 1
2 0 25 2
4 1 43 2
4 3 90 2
2 1 16 5
5 3 65 0
3 4 98 5
4 0 39 2
4 1 34 3
3 2 66 0
3 0 92 0
4 2 87 2
3 4 52 4
4 3 83 1
2 5 75 5
3 0 8 0
4 4 8 2
5 5 54 4
4 3 -1 2
2 0 -2 5
5 5 63 2
2 5 42 5
5 3 34 3
0 5 87 4
1 5 44 1
5 5 -4 3
2 0 89 1
1 2 26 2
4 1 51 5
2 3 55 1
3 2 48 5
2 5 80 2
0 3 10 1
1 5 92 3
5 2 96 0
3 0 42 0
2 5 0 4
0 3 28 0
3 0 77 1
5 2 -6 1
4 3 23 3
4 1 18 5
2 2 90 5
4 0 62 1
2 3 53 3
4 3 86 5
1 5 11 1
0 5 25 3
0 2 20 5
2 1 21 5
4 0 10 3
5 0 100 5
3 4 62 2
1 1 65 1
4 4 67 5
5 0 16 2
2 5 46 5
3 3 34 2
4 3 13 2
0 1 13 2
5 2 32 5
5 0 55 5
0 4 34 5
0 2 40 4
1 4 45 3
2 0 32 1
4 1 55 5
0 0 49 0
4 1 -4 4
3 4 -4 1
0 4 0 1
4 3 75 2
4 1 12 5
2 2 94 0
1 5 31 3
3 4 35 0
1 5 95 0
5 4 56 2
0 2 19 0
4 2 87 5
5 0 61 4
5 3 71 4
5 1 53 1
2 5 78 5
4 5 -8 4
5 3 27 3
0 4 58 4
5 4 53 2
1 5 -9 3
0 0 89 4
3 1 28 5
0 5 24 1
1 3 59 5
4 4 91 2
2 2 54 5
0 0 19 1
2 5 58 1
1 0 -7 5
0 1 46 0
0 0 47 1
4 0 32 4
1 5 48 4
5 2 85 2
0 0 11 0
3 3 52 1
2 0 84 0
0 0 78 2
3 2 9 1
4 0 93 5
3 5 57 0
0 0 -4 1
3 0 36 3
0 4 72 5
5 4 76 3
2 4 46 3
5 5 58 4
1 0 99 5
5 4 71 3
2 0 7 5
0 5 65 2
2 4 47 2
2 1 61 1
4 4 20 5
3 0 16 2
4 1 23 5
2 4 15 4
2 2 52 1
1 2 92 1
5 2 14 4
1 4 40 4
4 1 19 0
0 1 95 0
3 5 81 2
1 0 66 1
4 1 73 3
4 2 46 4
4 2 8 4
2 1 0 3
2 4 42 5
1 0 99 2
1 0 9 5
2 5 -5 3
4 3 -7 0
2 2 16 1
4 2 79 2
4 3 57 2
5 0 40 1
0 0 85 2
0 1 47 5
2 1 24 4
0 3 66 0
1 3 73 3
1 1 64 3
3 4 60 1
5 3 -9 1
3 5 79 1
2 0 47 5
1 3 1 3
3 0 77 1
0 0 10 4
3 2 -5 5
3 2 28 4
3 5 10 3
0 3 43 4
3 4 99 2
5 1 26 3
5 1 37 5
3 0 19 0
2 5 15 1
4 0 11 3
4 3 38 4
2 5 8 0
5 0 78 3
1 4 37 3
0 2 32 2
3 4 62 3
4 5 98 5
2 4 51 0
0 2 75 1
3 5 61 4
2 1 66 0
1 0 95 4
3 5 -8 4
3 2 26 0
0 4 -3 2
2 4 -6 2
5 0 97 5
0 0 5 4
5 5 65 2
0 4 7 1
5 0 63 4
4 4 11 3
0 3 41 4
5 5 54 1
4 3 23 5
3 5 96 1
4 5 47 2
3 1 3 1
0 3 34 3
5 4 97 5
1 2 69 5
4 3 98 2
4 4 89 1
4 3 68 5
1 5 29 2
4 4 6 1
1 4 -7 5
0 1 71 5
3 1 99 0
2 0 45 3
3 1 49 2
0 1 32 5
0 2 56 2
5 0 57 0
3 5 0 3
5 3 73 0
2 3 93 2
3 4 59 1
4 2 91 0
4 5 78 5
4 1 79 0
3 1 55 4
5 1 -3 3
2 2 42 2
2 4 0 0
2 2 47 1
1 3 61 2
5 4 3 5
3 3 0 3
1 0 18 0
1 5 80 5
3 0 -5 5
0 2 76 4
2 4 0 2
2 0 5 1
4 2 65 1
4 3 41 3
1 2 13 2
0 3 49 4
5 3 62 4
3 4 25 0
3 4 39 2
4 4 74 0
2 4 2 0
2 5 -8 0
4 3 78 3
1 0 5 5
1 0 56 5
5 2 -8 4
0 3 70 2
1 0 20 4
2 2 24 0
3 2 -4 2
5 2 72 3
4 2 47 0
2 2 -3 4
5 4 36 4
4 2 70 5
0 5 26 4
2 5 54 0
5 3 82 3
0 5 80 1
2 5 75 1
2 5 50 0
5 5 -8 2
0 1 10 4
3 2 10 1
1 2 90 5
0 0 89 5
4 2 87 2
3 5 28 5
4 2 52 4
5 5 41 2
3 0 56 4
2 2 44 3
5 3 6 2
4 5 99 2
1 3 81 2
1 5 89 2
4 4 58 5
3 2 14 2
5 4 80 2
0 5 68 5
5 2 8 3
2 4 95 3
5 0 49 4
3 5 41 0
1 1 22 2
0 0 81 3
4 2 7 4
2 2 76 5
0 3 81 1
1 0 71 1
4 1 -6 1
0 4 48 3
4 0 61 3
2 3 50 3
4 0 49 5
2 4 47 4
2 1 4 4
3 0 32 5
3 3 23 4
5 0 -6 1
5 5 60 5
5 1 93 5
5 1 -4 0
1 4 41 1
1 2 34 1
4 2 -7 5
3 4 86 2
5 5 48 4
0 0 96 4
3 3 33 5
4 4 66 5
4 0 20 3
4 1 72 4
5 4 95 0
2 0 69 0
0 1 36 1
5 0 87 0
4 5 99 2
2 5 43 0
2 4 -1 1
2 0 26 4
0 0 1 2
2 1 1 5
3 1 -3 5
5 5 69 3
2 1 71 5
3 5 10 3
2 0 81 0
4 2 2 5
1 0 54 0
0 5 41 0
0 1 1 0
1 0 80 5
3 2 54 4
5 0 1 1
2 2 89 0
4 2 66 5
0 2 78 0
5 4 91 5
0 2 68 1
3 4 49 4
0 4 67 1
0 5 97 4
1 5 1 5
5 3 47 0
5 3 -3 0
4 5 67 1
4 5 -2 5
3 5 4 3
0 5 68 3
3 5 24 2
2 5 56 1
5 1 51 2
3 3 91 5
5 1 -2 2
1 3 81 3
0 2 81 5
1 1 27 3
1 0 68 0
1 5 20 2
2 1 59 1
1 3 78 4
0 0 84 3
5 3 79 3
1 2 43 4
5 3 18 3
0 4 -10 5
5 1 82 3
4 1 64 1
2 1 12 1
4 3 84 1
4 2 33 5
4 2 81 4
0 4 5 5
0 3 27 1
4 1 53 1
4 4 90 3
5 0 53 5
4 1 4 5
5 1 47 4
1 4 38 0
1 1 51 0
1 5 90 0
0 0 59 2
0 2 54 4
3 4 40 0
0 0 97 3
2 3 60 1
1 2 68 2
4 2 21 5
2 5 81 0
0 1 30 1
3 2 59 1
1 0 87 3
4 3 86 3
4 0 91 3
2 5 94 3
2 5 83 3
0 0 47 2
2 0 54 1
1 1 68 5
3 0 71 3
3 5 88 2
5 2 10 3
5 2 99 2
4 1 13 2
3 2 -6 1
3 3 75 5
1 1 34 5
4 5 26 1
1 2 50 1
5 1 20 5
2 4 74 1
4 3 22 0
3 5 23 0
5 2 100 0
4 0 50 4
4 3 24 0
1 5 59 5
1 4 53 2
4 0 9 0
4 5 13 4
4 1 90 3
1 4 5 3
5 4 46 3
5 4 45 0
1 0 53 3
4 1 35 5
1 2 4 2
5 5 85 4
0 4 59 1
1 1 27 0
4 4 15 1
1 2 -9 1
2 2 -8 2
2 4 67 2
1 2 33 2
5 5 63 2
2 2 38 2
0 1 30 3
5 2 65 4
0 5 24 1
3 5 40 5
2 3 4 3
1 4 30 1
4 3 4 4
5 3 75 0
5 2 80 5
4 1 89 5
5 1 42 1
5 5 39 2
3 5 13 3
2 2 8 2
3 2 61 1
2 1 50 0
2 0 70 4
0 1 53 5
3 0 41 1
2 2 96 1
1 0 -6 0
4 0 58 1
4 2 48 5
2 5 45 3
3 2 -1 2
4 0 1 3
5 0 -6 4
1 5 64 4
4 1 -7 5
5 3 27 5
4 0 56 1
1 3 72 5
5 3 98 5
3 3 24 4
0 2 36 5
2 4 61 1
5 3 21 0
2 0 3 2
5 3 69 1
5 1 -3 1
5 4 59 5
4 2 80 5
1 0 65 3
4 4 95 4
2 4 -2 2
3 5 90 5
3 3 31 0
3 4 14 5
0 2 35 2
5 4 23 4
3 2 7 1
5 3 88 3
5 5 42 4
0 4 7 3
0 1 -9 5
1 4 75 1
2 0 97 0
5 2 43 5
1 5 45 3
2 1 21 3
3 5 56 3
3 4 26 1
4 1 44 0
2 5 64 3
4 5 28 5
2 3 82 4
1 0 70 1
2 2 -6 3
2 1 32 1
3 1 94 0
1 3 98 1
3 5 67 3
5 5 42 4
4 5 75 2
5 0 82 3
5 2 66 5
2 2 6 5
4 1 78 0
4 2 7 0
4 5 45 5
2 5 -8 3
0 0 55 5
3 5 77 2
5 2 62 5
4 5 14 4
1 5 66 4
1 4 72 5
1 1 32 1
0 5 25 4
4 1 24 0
4 4 69 3
5 1 63 2
4 3 -9 4
4 1 48 5
0 0 -1 1
4 3 19 1
4 4 33 0
3 0 38 0
0 1 20 3
5 4 -8 5
4 1 44 1
3 1 54 1
3 3 70 1
3 3 94 1
2 5 31 5
2 3 45 2
2 5 47 2
2 2 35 0
4 4 61 0
3 4 43 5
0 4 53 4
0 5 -10 1
5 0 -6 4
4 3 -1 1
5 1 -7 3
3 3 80 1
2 3 41 1
2 2 70 0
5 4 27 3
1 2 -5 3
3 0 49 1
1 5 77 0
4 1 4 5
2 5 27 0
5 5 -1 3
3 1 44 0
5 5 78 3
4 0 -6 5
5 1 6 0
2 0 16 2
3 5 52 3
5 1 69 0
4 4 26 5
4 2 76 1
4 4 6 2
3 2 5 1
3 1 16 5
3 1 66 2
2 0 7 1
0 5 83 3
0 0 40 4
4 3 -7 0
1 2 12 0
5 2 41 5
5 0 20 3
5 1 29 1
5 0 46 4
0 2 83 3
1 4 85 0
5 1 26 5
0 1 82 5
3 3 94 5
0 2 34 3
5 4 28 5
4 1 36 3
2 4 61 2
5 5 94 5
0 2 28 2
4 5 3 1
0 1 47 1
1 1 22 5
2 2 58 1
5 1 -3 4
1 4 40 2
3 0 20 1
5 3 91 2
2 5 -9 1
1 5 6 0
0 3 99 0
4 5 20 1
1 3 17 3
2 3 18 4
5 0 20 5
1 2 83 1
0 4 75 1
4 3 45 5
4 2 41 1
3 1 75 0
0 5 86 1
4 5 76 2
5 2 57 5
5 5 37 3
1 5 -9 3
2 1 81 5
3 0 51 4
2 0 18 0
3 4 5 2
0 3 3 0
1 5 59 0
3 3 -1 4
0 0 10 0
5 4 66 5
3 3 30 2
5 0 64 2
2 3 90 2
5 4 62 2
3 1 26 1
4 3 94 1
5 3 61 5
2 2 46 1
3 0 70 0
3 4 66 4
3 4 -8 0
3 0 21 2
3 3 66 0
2 0 47 5
4 1 97 4
0 3 98 0
1 3 45 1
2 4 2 3
2 2 20 4
2 3 94 3
5 4 51 1
0 4 25 2
5 3 90 3
1 3 46 0
3 0 39 0
3 5 -6 1
3 4 85 3
0 5 55 4
2 4 65 0
2 5 10 1
3 1 67 0
5 3 63 4
4 4 22 0
2 5 9 3
1 0 86 0
1 0 27 0
0 5 79 5
3 1 63 3
0 1 89 2
2 3 26 2
5 4 8 4
1 0 2 4
4 4 34 5
5 4 64 5
1 4 -6 5
5 2 34 3
2 5 38 4
5 2 55 4
5 1 0 3
1 5 28 0
2 3 10 2
5 4 91 4
1 5 87 3
4 5 -1 5
5 1 -1 3
3 5 50 1
4 0 6 1
3 5 40 1
1 3 -3 4
2 0 68 4
1 1 28 5
1 2 43 0
5 5 90 0
3 3 46 4
5 0 77 2
1 3 3 2
0 3 4 4
3 5 76 2
2 5 -7 4
4 4 61 3
5 0 81 5
0 3 19 3
3 5 57 3
5 0 91 1
4 0 87 4
4 3 65 3
0 1 53 5
4 0 48 5
4 0 30 4
0 4 3 4
1 3 40 0
0 4 25 2
3 3 92 5
0 4 96 2
5 5 4 3
1 1 28 2
2 1 77 1
2 2 61 0
2 0 87 4
5 2 28 2
5 2 45 5
2 3 70 3
4 3 22 3
5 2 9 2
4 1 26 2
5 1 42 1
4 1 4 5
1 2 17 0
4 5 1 3
4 0 10 2
3 1 42 3
5 3 83 4
2 5 82 0
0 1 33 0
1 0 36 3
0 3 47 0
0 4 79 2
0 5 58 0
2 1 51 3
3 3 77 5
2 5 61 0
3 4 -5 4
4 2 86 2
4 1 76 4
1 5 -8 0
1 2 37 5
0 0 18 3
1 2 51 2
3 1 0 1
5 2 24 1
5 4 6 3
3 4 96 5
1 5 65 2
3 0 52 0
5 1 96 5
2 4 89 5
2 2 17 4
1 3 11 5
1 1 36 4
2 3 70 3
3 1 64 1
0 1 51 4
5 0 19 1
1 2 36 2
0 2 66 4
4 1 26 5
2 0 37 0
4 5 34 5
5 2 11 5
5 2 78 4
3 0 95 5
0 4 59 5
2 0 5 4
4 0 95 0
1 0 94 3
2 2 68 5
4 4 -2 4
1 3 58 1
2 3 66 2
3 2 -5 3
4 2 86 1
2 5 -9 4
3 2 53 5
4 3 85 1
1 5 48 4
3 4 -6 4
4 2 57 5
2 1 88 1
5 5 88 5
1 0 67 5
5 2 73 4
4 0 42 3
3 0 17 4
0 3 39 4
2 3 53 0
2 0 7 1
0 4 31 4
2 2 -3 2
2 4 52 1
0 5 52 5
1 1 97 5
5 1 30 1
1 4 77 3
2 3 38 1
1 1 46 0
0 0 93 2
1 1 33 4
2 4 -2 2
3 5 75 2
3 3 42 4
3 3 55 2
0 2 13 0
3 4 55 3
3 4 97 2
5 4 39 3
4 0 -1 0
3 5 -2 5
2 0 23 5
2 3 41 5
5 2 15 4
5 0 92 1
3 0 96 2
4 1 45 2
5 2 30 1
1 3 98 0
2 5 29 2
4 5 95 0
0 0 40 4
2 2 54 3
5 5 97 0
3 0 94 3
0 3 78 0
0 0 25 3
3 4 90 3
5 1 8 1
1 5 93 2
3 3 83 3
4 0 51 1
2 5 28 0
4 2 49 2
4 0 57 2
0 5 -4 0
1 4 77 4
3 2 20 5
0 0 39 2
2 1 27 1
3 1 91 4
5 5 67 2
1 4 19 4
0 2 76 0
1 1 3 2
1 0 82 5
5 4 0 0
1 5 30 2
2 0 55 3
1 3 38 0
5 4 72 5
1 3 55 0
3 5 43 5
2 5 27 0
5 3 92 1
2 3 67 1
1 1 15 5
1 5 30 3
3 4 -3 3
1 2 30 4
1 4 22 5
0 2 80 2
4 5 90 0
5 0 44 1
5 3 12 4
3 1 79 3
2 4 64 5
1 2 91 5
1 2 51 4
2 0 4 5
0 4 47 5
1 0 23 2
4 2 52 2
0 2 39 0
3 0 48 3
2 2 87 4
5 5 14 2
4 1 61 4
5 2 4 0
3 0 31 1
0 2 -6 4
5 2 20 2
3 3 12 0
0 4 50 1
2 0 41 5
1 0 -2 0
3 2 66 2
5 1 68 2
2 5 25 5
3 5 66 1
5 0 4 0
1 0 87 3
1 2 40 5
0 5 41 3
2 3 61 1
0 1 33 0
3 1 27 3
4 2 1 3
0 2 21 2
0 4 92 5
5 0 91 2
2 2 95 4
2 4 66 3
1 1 76 3
5 2 71 1
0 1 11 3
3 3 84 5
3 2 68 5
1 4 38 2
4 1 60 2
5 1 68 3
0 0 79 4
5 4 38 3
1 3 24 0
3 3 78 2
3 4 42 0
4 5 11 2
4 3 51 0
