3 3 75 0
3 3 75 0
3 7 75 0
3 7 75 0
3 7 75 0
3 2 75 0
3 3 75 0
3 7 0 3
3 7 0 3
3 2 0 3
3 3 0 3
3 7 0 3
3 2 0 3
3 3 0 3
3 3 0 3
3 7 0 3
3 7 0 3
3 3 0 3
3 2 0 3
3 3 0 3
3 2 0 3
3 7 0 3
3 3 0 3
3 2 0 3
3 7 0 3
3 2 0 3
3 7 0 3
3 2 0 3
3 2 0 3
3 3 0 3
3 7 0 3
3 3 0 3
3 2 0 3
3 7 0 3
3 3 0 3
3 7 0 3
3 3 0 3
3 7 0 3
3 7 0 3
3 2 0 3
3 3 0 3
3 2 0 3
3 2 0 3
3 7 0 3
3 2 0 3
3 3 0 3
3 7 0 3
3 7 0 3
3 3 0 3
3 3 75 0
3 2 75 0
3 2 75 0
3 3 75 0
3 2 75 0
3 7 75 0
3 7 75 0
3 3 75 0
3 3 75 0
3 3 75 0
3 7 75 0
3 3 75 0
3 7 75 0
1 3 75 0
3 2 75 0
3 7 75 0
3 2 75 0
3 2 75 0
3 3 75 0
1 7 75 0
0 3 75 0
3 2 0 3
3 3 25 2
3 7 25 2
3 7 25 2
3 3 25 2
3 2 25 2
3 7 25 2
3 7 25 2
3 7 75 0
3 2 75 0
3 7 75 0
3 2 75 0
3 3 75 0
3 2 75 0
1 3 75 0
3 3 75 0
3 7 75 0
3 7 75 0
3 2 75 0
3 2 75 0
3 2 75 0
3 2 75 0
3 7 75 0
3 2 75 0
3 7 75 0
3 2 75 0
3 7 0 3
3 3 0 3
3 2 0 3
3 2 0 3
3 0 0 3
3 0 0 3
3 0 0 3
3 0 0 3
3 0 25 2
3 6 50 1
3 1 50 1
3 0 50 1
3 0 50 1
3 0 50 1
3 0 50 1
3 1 50 1
2 6 50 1
3 6 50 1
3 0 50 1
3 0 50 1
3 0 50 1
3 0 50 1
3 1 50 1
3 6 50 1
3 1 50 1
3 6 0 3
3 1 0 3
3 0 0 3
3 0 0 3
3 1 0 3
3 1 0 3
3 6 0 3
3 6 0 3
3 0 0 3
3 1 0 3
3 6 0 3
3 0 50 1
3 6 50 1
2 1 50 1
2 0 25 2
3 6 25 2
3 0 25 2
3 0 25 2
3 0 0 3
3 0 25 2
3 6 25 2
3 1 0 3
3 0 0 3
3 1 0 3
3 1 0 3
3 1 0 3
3 1 0 3
3 0 0 3
3 0 0 3
3 0 0 3
3 6 0 3
3 6 0 3
3 6 25 2
3 0 25 2
3 1 25 2
3 1 25 2
3 6 25 2
3 1 0 3
3 1 0 3
3 6 0 3
3 6 0 3
3 6 0 3
3 6 0 3
3 1 50 1
3 6 50 1
3 6 50 1
3 0 50 1
3 1 75 0
3 0 25 2
3 6 25 2
3 1 75 0
3 6 75 0
3 0 75 0
3 1 75 0
3 0 75 0
3 0 75 0
3 1 75 0
3 0 50 1
3 0 50 1
3 0 50 1
3 1 75 0
3 1 75 0
3 0 75 0
3 0 25 2
3 1 25 2
3 6 25 2
3 1 25 2
3 1 25 2
3 0 25 2
3 1 25 2
3 6 25 2
3 1 25 2
3 6 25 2
3 1 25 2
3 1 25 2
3 0 25 2
3 1 25 2
3 0 25 2
3 0 25 2
3 0 25 2
3 6 25 2
3 1 25 2
3 6 25 2
3 6 25 2
3 6 25 2
3 0 25 2
3 1 25 2
3 0 25 2
3 1 25 2
3 0 25 2
3 6 0 3
3 1 0 3
3 6 0 3
3 6 0 3
3 0 50 1
3 6 25 2
3 6 50 1
3 1 50 1
3 1 50 1
2 0 50 1
3 0 50 1
3 1 50 1
2 0 50 1
3 6 50 1
3 6 25 2
3 6 25 2
3 1 25 2
3 6 25 2
3 0 25 2
3 0 25 2
3 0 0 3
3 4 50 1
3 8 75 0
3 4 75 0
3 4 75 0
3 4 50 1
3 4 0 3
3 5 50 1
3 4 50 1
3 4 50 1
3 5 50 1
3 4 50 1
3 4 50 1
3 8 50 1
3 4 50 1
3 4 25 2
3 8 25 2
3 5 50 1
2 5 50 1
3 4 50 1
3 5 50 1
3 5 50 1
3 5 50 1
3 8 50 1
3 5 50 1
2 5 50 1
3 8 50 1
3 8 50 1
3 4 50 1
3 8 0 3
3 5 50 1
3 5 50 1
3 4 50 1
3 4 50 1
3 4 50 1
3 5 50 1
3 5 50 1
2 4 50 1
3 4 50 1
3 8 50 1
3 8 50 1
3 5 50 1
3 5 50 1
3 8 50 1
3 5 50 1
3 8 50 1
3 5 50 1
3 8 50 1
3 5 50 1
3 8 50 1
3 4 0 3
2 5 75 0
3 8 75 0
3 8 75 0
3 4 25 2
3 5 50 1
3 4 0 3
3 5 75 0
3 5 75 0
3 4 75 0
3 8 75 0
3 8 75 0
3 8 75 0
2 5 50 1
3 5 50 1
3 8 50 1
3 8 50 1
3 4 0 3
3 8 0 3
3 4 0 3
3 5 0 3
3 5 0 3
3 4 0 3
3 4 0 3
3 5 0 3
3 4 0 3
3 5 0 3
3 4 0 3
3 4 0 3
3 5 0 3
3 5 0 3
3 5 0 3
3 5 0 3
3 5 0 3
3 8 0 3
3 8 0 3
3 8 0 3
3 8 0 3
3 5 0 3
3 5 0 3
3 8 0 3
3 8 0 3
3 4 0 3
3 4 0 3
3 8 0 3
3 8 0 3
3 5 0 3
3 5 0 3
3 4 0 3
3 5 0 3
3 4 0 3
3 2 0 3
3 3 0 3
3 3 0 3
3 7 0 3
3 7 0 3
3 2 0 3
3 2 0 3
3 3 0 3
3 7 0 3
3 2 0 3
3 3 0 3
3 2 0 3
3 7 0 3
3 2 0 3
3 2 0 3
3 3 0 3
3 7 0 3
3 7 0 3
3 2 0 3
3 3 0 3
3 2 0 3
3 7 0 3
3 7 0 3
3 3 0 3
3 3 0 3
3 3 0 3
3 3 0 3
3 2 0 3
3 3 0 3
3 2 0 3
3 2 0 3
3 7 0 3
3 2 0 3
3 7 0 3
3 7 0 3
3 7 0 3
3 7 0 3
3 7 0 3
3 2 0 3
3 7 0 3
3 3 0 3
3 2 0 3
3 7 0 3
3 3 0 3
3 3 0 3
3 2 0 3
3 2 0 3
3 2 0 3
3 7 0 3
3 7 0 3
3 3 0 3
3 2 0 3
3 7 0 3
3 7 0 3
3 3 0 3
3 3 0 3
3 7 0 3
3 7 0 3
3 3 0 3
3 2 0 3
3 7 0 3
3 7 0 3
3 2 0 3
3 3 0 3
3 2 0 3
3 3 0 3
3 3 0 3
3 3 0 3
3 3 0 3
3 3 0 3
3 3 0 3
3 7 0 3
3 7 0 3
3 7 0 3
3 3 0 3
3 7 0 3
3 7 0 3
3 3 0 3
